9740
9741
9744
9745
9742
3761
9743
9737
9738
9735
9736
9739
8025
3770
3771
3772
3530
3803
3804
3805
3806
3807
3808
248
3809
3762
9748
3763
9749
3764
9746
3765
9747
2959
3766
3767
3800
3768
3801
3769
3802
22
3780
3781
3782
4475
3783
3814
3815
3816
3817
3818
3819
3773
3774
3775
5799
3776
2849
3777
3810
3778
3811
3779
3812
3813
3790
3791
6663
3792
3793
3794
3825
3826
5608
3827
3828
3829
3784
3785
3786
8954
3787
3820
947
3788
3821
3789
3822
3823
3824
3836
3837
3838
795
3839
1496
3795
3796
3797
3830
3798
3831
3799
3832
3833
3834
3835
9711
9712
9710
3298
3840
9722
9723
9720
9721
577
2641
9715
9716
9713
9714
9719
9717
9718
9730
9733
9734
6068
9731
9732
2377
9726
9727
9724
9725
9728
9729
