2306
2305
2304
234
2303
2302
2301
2300
2309
2308
2307
11
1110
2320
1107
2317
1106
2316
1105
2315
1104
2314
4
1103
2313
1102
2312
1101
2311
1100
2310
1109
2319
1108
2318
1000
2210
2331
2330
2207
2328
1117
2206
2327
2205
2326
2204
2325
2203
2324
2202
2323
2201
2322
931
1111
2200
2321
932
933
934
935
936
937
938
2209
939
2208
2329
1011
2221
1010
2220
1008
2218
1007
2217
1006
2216
2337
1005
2215
2336
1004
2214
2335
940
1003
2213
2334
941
1002
2212
2333
942
1001
2211
2332
943
944
945
946
947
948
949
1009
2219
1022
2232
1021
2231
1020
2230
395
1019
2229
1018
2228
1017
2227
1016
2226
950
1015
2225
951
1014
2224
952
1013
2223
953
1012
2222
954
955
956
957
958
959
1033
2243
1032
2242
1031
2241
1030
2240
1029
2239
1028
2238
1027
960
2237
1026
961
2236
1025
962
2235
1024
963
2234
964
1023
2233
965
966
967
968
969
1044
2254
1043
2253
1042
2252
1041
2251
1040
2250
1039
970
2249
1038
971
2248
1037
972
2247
1036
973
2246
1035
974
2245
1034
975
2244
1276
976
977
978
979
1055
2265
1054
2264
1053
2263
1052
2262
1051
2261
1050
2260
980
981
1049
982
2259
1048
983
2258
1047
984
2257
1046
985
2256
1045
986
2255
987
988
989
1066
2155
2276
1065
2275
1064
2274
1063
2273
1062
2272
1061
2271
1060
2270
990
991
992
993
1059
994
2269
1058
995
2268
1057
996
2267
1056
997
2266
998
999
1859
1077
2166
2287
1076
2165
2286
1075
2164
2285
1074
2163
2284
1073
2162
2283
1072
2161
2282
1071
2160
2281
1070
2280
2159
1069
2158
2279
1068
2157
2278
1067
2156
2277
1080
2290
1088
2177
2298
1087
2176
2297
1086
2175
2296
1085
2174
2295
1084
2173
2294
1083
2172
2293
1082
2171
2292
1081
2170
2291
1996
2169
1079
2168
2289
1078
2167
2288
1639
1091
2180
1090
1099
2188
1098
2187
1097
2186
1096
2185
1095
2184
1094
2183
1093
2182
780
1092
2181
787
2179
1089
2178
2299
2191
2190
2199
2198
2197
2196
2195
2194
2193
2192
2189
562
569
1448
