1216 694
1259 694
1305 694
1208 694
1313 694
1186 694
1242 694
9372 694
1240 694
1188 694
789 694
1275 694
1285 694
1250 694
1196 694
1232 694
1206 694
1178 694
1224 694
1267 694
1293 694
1163 694
1230 694
1311 694
1260 694
1273 694
1287 694
1201 694
1244 694
1257 694
1307 694
167 694
896 694
1214 694
278 694
1239 694
1181 694
1194 694
1269 694
1176 694
1226 694
1289 694
1182 694
1246 694
1271 694
1203 694
1211 694
1220 694
6350 694
1190 694
8430 694
1173 694
1229 694
1175 694
1199 694
1192 694
8050 694
1237 694
9581 694
1165 694
1263 694
1297 694
1280 694
1254 694
1308 694
1265 694
1222 694
1295 694
1205 694
1278 694
1316 694
1235 694
1248 694
1303 694
1197 694
1218 694
1184 694
1171 694
1167 694
1301 694
1314 694
1282 694
1252 694
1187 694
1241 694
1284 694
1195 694
1233 694
1276 694
1225 694
1207 694
1179 694
1292 694
1268 694
1312 694
1030 694
1223 694
1170 694
1258 694
1169 694
2594 694
1304 694
1215 694
9665 694
1290 694
1193 694
1180 694
1177 694
1231 694
1291 9
9162 694
1227 694
658 694
1306 694
549 694
1164 694
1261 694
1299 694
1845 694
1209 694
1213 694
1274 694
1286 694
1256 694
1243 694
1310 694
1189 694
9509 694
1200 694
1300 694
1262 694
1298 694
1166 694
1238 694
8 694
1212 694
1255 694
1309 694
1253 694
1317 694
1210 694
1183 694
1245 694
1236 694
1272 694
1288 694
1191 694
1219 694
1202 694
1174 694
1228 694
1198 694
1168 694
1249 694
1281 694
1279 694
1294 694
1251 694
1266 694
1277 694
1264 694
1296 694
1204 694
1283 694
1221 694
1270 694
1247 694
1234 694
1315 694
1172 694
397 694
1185 694
1302 694
1217 694
