2055 411
2649 411
2063 411
2039 411
2047 411
2071 411
8614 411
2073 411
2029 411
1169 411
2037 411
2020 411
2081 411
2091 411
2075 411
2088 411
2032 411
2030 411
2045 411
903 411
2027 411
2057 411
2790 411
2050 411
2069 411
978 411
2041 411
2086 411
2043 411
2084 411
2024 411
2067 411
2060 411
2033 411
2076 411
555 411
2059 411
8608 411
4079 411
8476 411
2052 411
2082 411
8612 411
1659 411
2048 411
8610 411
2035 411
2065 411
2078 411
2022 411
8606 411
2018 411
2080 411
2038 411
2064 411
2021 411
2056 411
4852 411
284 411
2054 411
2089 411
2090 411
665 411
8613 411
2072 411
2046 411
2074 411
2028 411
2058 411
1323 411
2062 411
2026 411
2087 411
2031 411
2044 411
1521 411
2085 411
2017 411
2042 411
2061 17
2068 411
2077 411
2025 411
2034 411
15 411
2051 411
8609 411
2036 411
2066 411
2049 411
8611 411
2053 411
2023 411
2079 411
8607 411
6625 411
2019 411
795 411
5167 411
2040 411
8048 411
2083 411
2070 411
