667 940
2155 940
2180 940
2146 940
2171 940
2198 940
2147 940
286 940
2201 940
1324 940
2200 19
2138 940
2164 940
2181 940
2137 940
2162 940
2188 940
2197 940
2145 940
2172 940
2154 940
2189 940
2163 940
2149 940
2182 940
1776 940
2153 940
2196 940
2140 940
2136 940
2166 940
2179 940
2148 940
2183 940
2170 940
2195 940
2152 940
2202 940
2178 940
2165 940
9537 940
2168 940
2193 940
9396 940
2185 940
891 940
556 940
2177 940
2142 940
2192 940
1523 940
2151 940
2175 940
2194 940
2158 940
2159 940
2184 940
1866 940
2141 940
2176 940
2167 940
2150 940
2017 940
2144 940
5122 940
7881 940
2187 940
2174 940
1039 940
2157 940
2160 940
2268 940
2190 940
2156 940
2186 940
2169 940
2173 940
905 940
2143 940
2199 940
7546 940
2161 940
6604 940
2191 940
3736 940
2139 940
