2245 44
2222 44
2136 44
2268 44
3485 44
3479 44
1040 44
2239 44
2142 44
3462 44
2216 44
173 44
2251 44
3491 44
3488 44
3476 44
2265 44
2248 44
2225 44
2242 44
3480 44
2236 44
1048 44
2254 44
2219 44
2233 44
2257 44
917 44
3494 44
3502 44
3473 44
2205 44
2260 44
2220 44
2998 44
3477 44
1661 44
3487 44
2214 44
2237 44
2253 44
2208 44
3493 44
1180 44
2256 44
1777 44
2240 44
3474 44
2223 44
3482 44
3499 44
3465 44
2231 44
2217 44
2234 44
17 44
403 44
3468 44
3471 44
2259 44
3496 44
3500 44
2203 44
2228 44
2262 44
2270 44
3481 44
2212 44
2255 44
2232 44
2235 44
3469 44
3503 44
2258 44
3495 44
796 44
2261 44
3472 44
2206 44
2229 44
1333 44
2246 44
2819 44
2267 44
3484 44
2215 44
3463 44
2250 44
3466 44
1781 44
3498 44
2264 44
3490 44
2247 44
2209 44
2226 44
2243 44
1873 44
3483 44
1170 44
1867 44
3464 44
2230 44
2218 44
3470 44
3467 44
3501 44
3497 44
2227 44
2263 44
2204 44
2244 44
2221 44
2269 44
3478 44
3486 44
2252 44
2238 44
2213 44
2211 20
3461 44
3492 44
2210 44
3489 44
3475 44
2249 44
2266 44
2224 44
2207 44
2241 44
