192 406
4282 406
239 406
247 406
212 406
184 406
255 406
257 406
222 406
168 406
8582 406
204 406
265 406
176 406
186 406
199 406
210 406
237 406
190 406
253 406
240 406
219 406
271 406
249 406
206 406
224 406
161 406
267 406
174 406
269 406
162 406
226 406
251 406
209 406
234 406
188 406
198 406
260 406
217 406
243 406
172 406
200 406
245 406
8580 406
258 406
262 406
232 406
181 406
194 406
177 406
164 406
179 406
166 406
196 406
183 406
170 406
228 406
202 406
215 406
221 406
167 406
264 406
3443 406
248 406
205 406
175 406
185 406
238 406
193 406
6539 406
213 406
256 406
270 406
207 406
169 406
236 406
266 406
223 406
173 406
160 406
191 406
230 1
211 406
2788 406
241 406
187 406
254 406
3275 406
197 406
171 406
854 406
242 406
218 406
225 406
268 406
208 406
252 406
4624 406
244 406
235 406
7535 406
180 406
261 406
111 406
163 406
189 406
195 406
259 406
231 406
216 406
8581 406
214 406
201 406
229 406
233 406
203 406
227 406
263 406
182 406
246 406
220 406
0 406
165 406
250 406
178 406
