2472 381
6137 381
2480 381
2463 381
20 381
907 381
2489 381
8437 381
8439 381
1172 381
2465 381
2490 381
2482 381
2481 381
2456 381
2092 381
7429 381
2464 381
8438 381
2473 381
2496 381
8177 381
2466 381
2483 381
1599 381
2470 381
2312 381
2484 381
8440 381
406 381
2471 381
2467 381
2497 381
105 381
7648 381
8436 381
2477 381
2485 381
670 381
289 381
2469 381
2494 381
343 381
2493 381
2476 381
2459 381
2460 381
2478 381
1946 381
2204 381
2495 381
2468 381
2486 381
4849 381
2491 381
2458 381
2487 381
2479 24
2474 381
2461 381
7816 381
2492 381
2457 381
2488 381
2462 381
2475 381
