2855 309
2838 309
2863 309
2864 309
2821 309
2847 309
3022 309
2856 309
2862 309
2865 309
2857 309
2822 309
561 309
2848 309
2831 309
2839 30
1175 309
7696 309
2828 309
2827 309
2852 309
6932 309
2858 309
7946 309
7016 309
2845 309
2832 309
7427 309
2851 309
1948 309
2829 309
7947 309
2846 309
2820 309
2859 309
2833 309
2206 309
2825 309
2850 309
2842 309
7948 309
2719 309
2834 309
290 309
2841 309
2380 309
2818 309
2843 309
7949 309
25 309
2826 309
2840 309
1526 309
2835 309
2844 309
910 309
2645 309
2849 309
2836 309
2861 309
7945 309
2853 309
2823 309
4021 309
2819 309
2830 309
2860 309
2824 309
2837 309
2854 309
6694 309
6002 309
