2924 31
2903 959
1654 959
2866 959
2891 959
2920 959
2882 959
2875 959
2912 959
2873 959
2921 959
2881 959
2890 959
2867 959
2876 959
9227 959
2904 959
26 959
2872 959
9147 959
2913 959
2880 959
2885 959
2898 959
2919 959
2868 959
2906 959
2922 959
2893 959
2905 959
2923 959
2910 959
2899 959
2886 959
2273 959
2207 959
2869 959
2907 959
2892 959
2911 959
2874 959
2887 959
2879 959
9932 959
2374 959
2896 959
673 959
2908 959
2888 959
2895 959
2916 959
6739 959
2925 959
2926 959
2897 959
2909 959
2918 959
2894 959
2917 959
2889 959
2900 959
2914 959
1949 959
409 959
8700 959
2871 959
2499 959
2877 959
2884 959
8994 959
2901 959
2902 959
1176 959
2878 959
2818 959
2870 959
2883 959
1420 959
2915 959
9809 959
