2943 188
2986 188
2935 188
2978 188
6684 188
6714 188
6712 188
2968 188
2976 188
2676 188
2933 188
2994 188
2992 188
2958 188
2988 188
2945 188
2931 188
2974 188
2961 188
6710 188
2927 188
6706 188
2951 32
2948 188
2973 188
2939 188
2965 188
6709 188
2930 188
2956 188
2982 188
2980 188
6717 188
2963 188
1327 188
2946 188
2990 188
2929 188
4998 188
2967 188
2890 188
2937 188
2971 188
2954 188
2984 188
180 188
2941 188
5609 188
6715 188
1421 188
2960 188
6713 188
2934 188
2995 188
2316 188
2952 188
712 188
2969 188
2950 188
2985 188
2993 188
2500 188
2977 188
1083 188
2959 188
2942 188
2932 188
2975 188
2989 188
2962 188
6711 188
2928 188
6707 188
2991 188
2987 188
3144 188
1665 188
2944 188
2957 188
6718 188
911 188
2947 188
2955 188
2938 188
2964 188
6708 188
2972 188
1044 188
2981 188
320 188
2381 188
74 188
6716 188
2949 188
2979 188
2966 188
2936 188
2983 188
2940 188
2953 188
2970 188
