3685 424
3714 424
3706 424
3731 424
3694 424
3705 424
8668 424
3722 424
3707 424
295 424
3684 424
3692 424
3713 424
8666 424
3704 424
3730 424
3712 424
8667 424
3578 424
3719 49
3693 424
3708 424
3721 424
3720 424
1954 424
3703 424
3716 424
7415 424
7270 424
3683 424
3733 424
3696 424
3709 424
8326 424
3732 424
3715 424
36 424
3702 424
1050 424
8669 424
3695 424
6956 424
1672 424
3727 424
3701 424
3735 424
3728 424
3698 424
8670 424
807 424
1875 424
3697 424
3726 424
3689 424
3700 424
3729 424
2416 424
3688 424
8115 424
3734 424
8087 424
979 424
3738 424
3725 424
3691 424
3717 424
3687 424
3711 424
3724 424
3737 424
1533 424
3686 424
3690 424
3718 424
2063 424
3723 424
3699 424
3710 424
2868 424
3736 424
