2359 667
3918 667
3927 667
3943 667
3952 667
7519 667
3951 667
9607 667
3919 667
3934 667
1536 667
3936 667
3960 667
2870 667
3942 667
2277 667
5707 667
3928 667
3933 667
3950 667
3937 667
9606 667
3953 54
3929 667
3954 667
3924 667
3911 667
3959 667
3916 667
3941 667
3910 667
3917 667
3966 667
3923 667
3947 667
3940 667
3922 667
1431 667
3948 667
3935 667
3930 667
7760 667
3965 667
3913 667
3956 667
4213 667
3914 667
2460 667
3964 667
5603 667
3921 667
3949 667
3912 667
7891 667
3958 667
1184 667
3915 667
3955 667
3963 667
2751 667
3946 667
6433 667
3920 667
3938 667
3932 667
919 667
3925 667
3945 667
3086 667
3962 667
763 667
3931 667
3580 667
3926 667
3957 667
3944 667
3939 667
9608 667
3961 667
