3201 37
397 37
407 37
539 37
540 37
431 37
563 37
3173 37
516 37
460 37
483 37
3196 37
419 37
528 37
494 37
477 37
436 37
2208 37
425 37
392 37
534 37
488 37
442 37
3212 37
527 37
420 37
443 37
500 37
437 37
3180 37
499 37
414 37
476 37
3206 37
401 37
533 37
3179 37
3185 37
3217 37
522 37
505 37
459 37
454 37
471 37
3200 37
406 37
3174 37
511 37
3191 37
465 37
448 37
482 37
493 37
529 37
506 37
412 37
435 37
458 37
3205 37
470 37
512 37
411 3
393 37
403 37
535 37
487 37
441 37
3211 37
3177 37
464 37
3183 37
524 37
272 37
530 37
498 37
452 37
408 37
3172 37
517 37
541 37
3216 37
429 37
446 37
418 37
3184 37
523 37
453 37
3056 37
481 37
518 37
424 37
1426 37
3190 37
3085 37
447 37
492 37
469 37
501 37
413 37
475 37
3204 37
3189 37
430 37
161 37
398 37
486 37
402 37
3178 37
3195 37
3210 37
468 37
502 37
422 37
2 37
525 37
531 37
474 37
451 37
497 37
3182 37
416 37
439 37
3215 37
445 37
507 37
457 37
3187 37
456 37
3209 37
404 37
513 37
520 37
3193 37
3176 37
463 37
480 37
508 37
1177 37
3188 37
491 37
3203 37
399 37
542 37
514 37
462 37
485 37
428 37
409 37
3194 37
496 37
417 37
434 37
479 37
394 37
536 37
3214 37
519 37
423 37
440 37
2022 37
3199 37
3186 37
544 37
455 37
478 37
3208 37
521 37
449 37
3192 37
426 37
503 37
467 37
421 37
400 37
3202 37
415 37
490 37
473 37
432 37
538 37
396 37
484 37
3197 37
495 37
489 37
504 37
510 37
472 37
537 37
433 37
3175 37
405 37
410 37
395 37
3213 37
466 37
3198 37
444 37
2929 37
526 37
30 37
532 37
450 37
509 37
3181 37
438 37
515 37
3207 37
543 37
427 37
461 37
