4534 812
4557 74
9160 812
4518 812
2720 812
4542 812
4551 812
9843 812
4525 812
4516 812
4541 812
2218 812
4559 812
4519 812
4533 812
4524 812
4550 812
9842 812
4528 812
8355 812
4540 812
4549 812
4536 812
4523 812
1434 812
4529 812
4553 812
4419 812
4522 812
4535 812
4548 812
4517 812
4552 812
1849 812
3882 812
4539 812
4564 812
4521 812
4131 812
4547 812
4555 812
41 812
4538 812
4512 812
5847 812
4520 812
4546 812
2600 812
4537 812
4511 812
4563 812
9113 812
4554 812
815 812
4515 812
4558 812
3426 812
4545 812
4532 812
4531 812
4562 812
4514 812
9198 812
188 812
4527 812
4560 812
4530 812
4544 812
3309 812
4543 812
4556 812
4561 812
4526 812
4513 812
8102 812
