604 291
647 291
592 291
566 291
620 291
728 291
574 291
639 291
582 291
622 291
590 291
568 291
614 291
7808 291
649 291
599 291
610 291
653 291
645 291
548 291
578 291
7814 291
572 291
629 291
616 291
554 291
597 291
584 291
651 291
545 291
570 291
588 291
609 291
553 291
562 291
7812 291
596 291
600 291
626 291
635 291
641 291
618 291
632 291
560 291
586 291
2051 291
547 291
569 291
594 291
564 291
556 291
581 291
577 291
7810 291
551 291
607 291
637 291
624 291
2777 291
611 291
94 291
643 291
630 291
1583 291
558 291
7806 291
3 291
575 291
567 291
591 291
273 291
613 291
7809 291
583 291
559 291
654 291
565 291
648 291
605 291
573 291
7347 291
628 291
5306 291
555 291
598 291
615 291
652 291
585 291
603 291
633 291
579 291
646 291
621 291
549 291
571 291
617 291
634 291
642 291
602 4
392 291
561 291
589 291
587 291
650 291
546 291
162 291
595 291
7813 291
552 291
644 291
601 291
627 291
636 291
640 291
623 291
606 291
631 291
619 291
7807 291
557 291
7805 291
563 291
576 291
550 291
593 291
608 291
7811 291
638 291
6417 291
580 291
612 291
7265 291
625 291
