756 106
659 106
667 106
713 106
764 106
748 106
721 106
772 106
5358 106
705 106
5341 106
675 106
685 106
738 106
731 106
693 106
774 106
3463 106
5331 106
2879 106
782 106
673 106
707 106
770 106
5348 106
723 106
766 106
5335 106
545 106
660 106
691 106
779 106
5333 106
736 106
5346 106
657 106
669 106
784 106
687 106
696 5
711 106
754 106
741 106
5351 106
697 106
735 106
671 106
785 106
727 106
718 106
742 106
768 106
744 106
5344 106
725 106
5336 106
708 106
680 106
761 106
274 106
5353 106
778 106
689 106
752 106
663 106
678 106
695 106
682 106
759 106
746 106
703 106
701 106
729 106
716 106
720 106
714 106
763 106
750 106
5355 106
776 106
5342 106
733 106
665 106
5338 106
780 106
781 106
684 106
692 106
3138 106
739 106
773 106
5359 106
5332 106
712 106
757 106
755 106
163 106
5349 106
5357 106
658 106
668 106
722 106
747 106
704 106
730 106
5340 106
765 106
1790 106
676 106
686 106
724 106
737 106
4835 106
656 106
753 106
54 106
699 106
710 106
690 106
740 106
783 106
5352 106
719 106
5350 106
706 106
749 106
5347 106
5334 106
771 106
5329 106
674 106
767 106
661 106
5337 106
433 106
786 106
726 106
751 106
5345 106
709 106
734 106
688 106
777 106
5328 106
5354 106
662 106
5192 106
672 106
698 106
655 106
1345 106
760 106
700 106
743 106
717 106
769 106
732 106
5343 106
745 106
5356 106
393 106
5330 106
762 106
4 106
681 106
775 106
694 106
664 106
677 106
5339 106
679 106
666 106
683 106
670 106
728 106
715 106
758 106
702 106
