8299
9466
7883
10691
14618
10810
12716
14619
13769
14616
13923
311
2105
2303
14617
10859
14610
14611
714
4402
13003
13767
14614
6549
13768
14615
1736
13765
14612
6826
13766
14613
13770
6684
9679
13771
1073
7295
10309
13774
14621
6754
13775
13772
9307
13773
14620
13778
13779
11678
13776
13777
7224
13066
13781
7146
13782
13780
5082
7064
13785
13786
13783
13784
11324
13789
13787
13788
6100
8121
13792
13793
13790
6345
13791
14607
14608
14605
14606
14609
13796
5688
13797
13794
9725
10364
13795
5207
14603
4515
14604
13798
14602
