3640
1583
1582
1581
1580
3083
3638
1579
3639
1578
1577
1576
1575
1574
1573
3630
3631
3632
3633
3634
3635
3636
3637
3650
3651
19
1594
1593
1592
1591
1590
3649
1589
1588
1587
1586
1585
7
1584
3641
3642
3643
3644
3645
3646
3647
3648
3660
3661
3662
1484
1483
1482
1481
1480
3416
1479
1599
1598
1597
1596
1595
3652
3653
3654
3655
3656
3657
3658
818
3659
3670
3671
3672
3673
1495
1494
1493
1492
1491
1490
1006
1489
1488
1487
1486
1485
3663
3664
3665
3666
3667
3668
3669
3680
3681
3682
3683
3684
2593
1499
830
1498
1497
1496
3674
3675
3676
3677
3678
3679
3690
3691
3692
3693
3694
3695
1150
2237
3685
3686
3687
3688
3689
2914
1285
1162
1832
3696
3697
3698
3699
1297
3596
3595
3594
3593
1602
1601
1600
1609
1608
1607
1606
1605
1604
1603
195
1613
1612
1611
2029
1610
994
3599
3598
3597
1619
1618
1617
1616
1615
1614
1624
1503
1623
1502
1622
1501
1621
1500
1620
644
1509
1629
1508
1628
1507
1627
1506
1626
1505
1625
1504
1635
1514
1634
1513
1633
1512
1632
1511
1631
1510
1630
3258
656
1519
1639
1518
1638
1517
1637
1516
1636
1515
1646
1525
3704
1645
1524
3705
1644
1523
3706
1643
1522
3707
1642
1521
3708
1641
1520
3709
1640
1529
3700
1649
1528
3701
1648
1527
3702
1647
1526
3703
1536
3715
1535
3716
1655
1534
3717
1654
1533
3718
1653
1532
3719
1652
1531
1651
1530
1650
3710
3711
1539
3712
1538
3713
1537
3714
1550
440
1547
3604
3726
1546
3603
3727
1545
3602
1666
3728
1544
3601
3729
1543
3600
1542
1541
1540
207
3720
3609
3721
3608
3722
3607
3723
1549
3606
3724
1548
3605
3725
1561
1560
1558
3615
3737
452
1557
3614
3738
1556
3613
3739
1555
3612
1554
3611
1553
3610
1552
1551
3730
3731
3732
3619
3733
3618
3734
3617
3735
1559
3616
3736
1572
1571
1570
1569
3626
3748
1568
3625
3749
1567
3624
1566
3623
2413
1565
3622
1564
3621
1563
3620
1562
2772
3740
3741
3742
3743
3744
3629
3745
3628
3746
3627
3747
