2306
2305
2304
2303
2302
2301
2300
2309
2308
2307
11
2320
2317
2316
2315
2314
2313
2312
2311
2310
2319
2318
2331
2330
1482
490
8791
2328
254
2327
2326
2325
2324
2323
2322
2321
2329
5059
2342
2341
2340
2339
2338
2337
2336
2335
2334
2333
2332
822
4756
4097
2232
2353
2231
2352
2230
2351
2350
2349
2348
2347
2346
2345
2344
2343
1154
2243
2364
2242
2363
2241
2362
2240
2361
2360
7130
2239
2238
2359
2237
2358
2236
2357
2235
2356
2234
2355
2233
2354
5985
1824
9568
9569
9566
9567
2254
2375
2253
2374
2252
2373
2251
2372
2250
2371
2370
1039
2249
2248
2369
2247
2368
2246
2367
2245
2366
2244
2365
2802
9575
9576
9573
9574
6740
9579
9577
9578
2265
2386
2264
2385
2021
2263
2384
2262
2383
2261
2382
9571
2260
2381
9572
2380
9570
2259
2258
2379
1289
2257
2378
2256
2377
2255
2376
9586
9587
9584
6077
9585
9588
9589
2397
2276
2396
2275
2395
2274
2394
2273
2393
2272
9582
2392
2271
9583
2391
2270
9580
2390
9581
199
2269
2268
2389
2267
2388
2266
2387
998
5539
9597
9598
9595
9596
9599
2287
2286
9590
2285
2284
2283
9593
2282
9594
2281
9591
2280
9592
2279
2399
2278
2398
2277
648
7969
2290
2298
2297
2296
2295
2294
2293
2292
2291
2289
2288
2065
4914
2299
4492
1658
444
6316
9601
9602
9600
2405
2404
2403
2402
2401
2400
2406
9292
9605
9606
9603
9604
