4570
4571
4572
4573
4574
4575
2033
3914
3598
4565
4686
4566
3753
4567
4600
4568
4601
4569
4602
4603
4604
12830
4580
4581
4582
4066
4583
4221
4584
4585
4586
4576
4577
4578
4579
4590
16572
4470
4591
24
4471
4592
4472
4593
4473
4594
4474
4595
9800
4475
4596
4476
4597
3264
4507
4508
4509
4587
4500
4588
4501
4589
4502
4503
4504
4505
4506
4480
4481
17399
4482
4483
4484
6267
4485
4486
4487
4520
17155
1494
4518
4519
662
3422
4477
4510
4598
4478
4511
4599
4479
4512
4513
4514
4515
4516
4517
4491
4492
4493
4494
4495
4496
4497
4530
11021
4498
4531
18050
4490
4529
2865
4488
4521
4489
4522
4523
836
4524
4525
4526
4527
10611
4528
8462
4022
4540
4541
4542
1671
2243
1420
4499
4532
4533
10065
4534
4535
4536
4537
4538
4539
17588
4550
4551
4552
4553
2920
213
456
4543
18319
4544
4545
1838
4546
4547
18315
4548
18316
4549
18317
18318
18322
18323
18324
4560
17357
18325
4561
4562
4563
18320
4564
18321
2778
13836
4554
4555
4556
4557
4558
17512
4559
2417
