5261
5262
5263
5264
5265
5266
15420
5267
5300
5268
5301
5260
4609
2422
5258
5259
19507
3758
5272
3092
5273
5274
5275
5276
5277
5310
5278
5311
17055
5279
5312
5270
5150
5271
2038
18708
5269
5302
5303
14468
5304
5305
5306
5307
5308
5309
5283
5284
5043
5285
5286
4473
5287
5320
27
5288
5321
5289
5322
5323
5280
4071
5281
5282
2601
5313
5314
5315
5316
5317
3899
5318
5319
5294
19698
5295
19697
18642
19455
5296
5297
5330
19699
5298
5331
18241
5299
5332
17791
5333
5334
5290
5291
5292
5293
3269
667
5324
5325
7348
5326
5327
5328
5329
5340
5341
5342
5343
5344
5345
1015
5335
5336
4369
5337
9658
5338
15741
5339
18615
5350
5351
5352
5353
5354
5355
5356
8863
1305
3602
5346
5347
18903
5348
17815
5349
5360
5361
5362
5363
5364
5365
8350
1676
2246
5357
5358
5359
5253
5254
5255
5256
5257
1170
461
