5382
5383
5384
5385
5386
5387
5388
5389
5380
5381
3759
2663
5379
3093
5393
5394
5395
5396
5397
5398
5399
5390
5391
5392
10547
4610
5163
12251
28
4072
3425
13561
13562
13560
1016
1498
712
13565
13566
13563
4887
13564
13569
13567
13568
13572
13573
13570
9676
5510
13571
5508
5509
5500
13576
5501
13577
5502
13574
13332
5503
13575
5504
5505
5506
13578
5507
11039
7144
5520
5400
5521
5519
5511
5512
5513
5514
5515
2925
5516
5517
5518
5410
5411
1171
1844
5409
5401
5522
5402
5523
5403
5524
5404
11013
5405
13558
5406
13559
5407
5408
11930
13557
8498
5420
5421
6753
5422
3919
5412
5413
5414
5415
5416
5417
5418
5419
5430
5431
5432
5433
3495
5423
5424
5425
5426
5427
10268
5428
5429
5440
5441
4474
5442
5443
5444
5434
5435
5436
5437
5438
5439
9918
5450
5451
5452
5453
5454
5455
2299
668
5445
5446
5447
5448
5449
5460
5461
5462
5463
5464
5465
5466
8293
5456
5457
5458
5459
5470
5471
5472
5473
5474
5475
5476
5477
5467
5468
5469
1306
5481
5482
5483
5484
5485
5486
5366
5487
5367
5488
5480
5478
218
5479
5371
5492
5372
5493
5373
5494
5253
5374
5495
5375
5496
5376
5497
5377
5498
5378
5499
13395
5490
5370
5491
462
5368
5489
5369
11773
