9982
9983
6078
9980
5660
9981
9986
6079
9987
9984
9985
1341
7282
1336
3630
9979
9977
9978
3634
9993
9994
9870
9991
9992
7972
10260
9990
10305
10304
10307
10306
10309
10308
9988
9989
10301
10300
10303
10302
3783
1875
6808
8685
7872
1525
4916
3787
4638
9664
4251
4495
10295
6433
6150
10338
2624
10337
10339
4763
10297
10330
10296
10299
10332
10298
10331
10334
10333
10336
10335
8221
4385
8741
10348
686
2630
10341
10340
5986
10343
10342
10345
10344
1703
10347
10346
9964
9965
9963
3463
10316
10315
10318
10317
10319
10310
2805
10312
10311
10314
10313
9971
9972
8364
9970
9975
5893
9976
9973
9974
9295
10327
10326
10329
10328
9968
9969
9966
10321
9967
10320
10323
10322
10325
10324
