8137
10657
10899
10216
10656
10898
10659
10658
10814
1012
316
10891
10890
2708
10651
10893
10650
10892
5658
10653
10895
10652
10894
10655
10897
10654
10896
5827
10668
10667
10901
10669
10900
10903
10902
10905
10904
10660
10662
10661
10664
10663
10666
10665
6055
10907
10906
10909
10908
10679
10910
10678
10912
1599
2325
10911
10639
10914
10913
10916
10915
10671
7810
10670
538
10673
10672
10675
10674
10677
10676
9499
10680
10481
10646
10645
10648
10647
10889
1202
2499
10649
10681
4237
10640
749
10642
10641
10644
10643
