12071
12070
12073
12072
4495
12075
12074
12077
12076
1973
26993
754
12079
12078
12037
12036
12039
915
12038
28250
9816
12082
12081
12040
12084
12083
17577
12042
12086
12041
12085
12044
12088
5158
12043
12087
24863
20428
28749
12080
12046
4698
12045
12089
12048
12047
12049
2714
9762
12093
12092
12051
12095
8034
12050
12094
12053
12097
6057
12052
12096
12055
12099
12054
12098
18196
12091
27669
12090
12057
12056
12059
12058
12060
12062
12061
9898
12064
12063
12066
12065
12109
12108
12068
12101
12067
12100
12103
12069
12102
12105
12104
12107
12106
