1462
1461
1460
1459
1458
1457
1456
1455
1454
1453
1452
1473
2320
1472
1471
1470
1469
1468
1467
1466
5
1465
1464
1463
1484
1483
1482
1481
1480
1479
1478
1477
1476
1475
1474
1374
1495
1373
1494
1372
1493
1492
1491
1490
1005
1489
1488
1487
1486
1485
704
1385
1384
1383
1382
1381
1380
1379
1378
1499
1377
1498
1376
1497
1375
1496
9419
1396
1395
1394
1393
1392
283
1391
1390
1389
1388
1387
1386
1825
973
1157
1399
1398
1397
738
9575
9576
9573
9574
9579
9577
9578
9571
9572
501
9586
8135
9587
9584
9585
9588
9589
9582
9583
9580
9581
9597
9598
9595
9596
9599
9590
9593
9594
9591
9592
1503
1502
1501
1500
1509
1508
1507
1506
1505
1504
8273
1514
1513
1512
1511
1510
1519
1518
1517
1516
1515
1404
1525
1403
1524
1402
1523
1401
1522
1400
1521
1520
1409
1408
1529
1407
1528
1406
1527
1405
1526
3281
1536
1415
1414
1535
310
1413
1534
1412
1533
1411
1532
1410
1531
1530
1419
1539
1418
1538
1417
1537
1416
1550
1547
1426
1546
1425
1545
1424
1544
1423
1543
1422
1542
1421
1541
1420
1540
1429
1549
1428
1548
1427
9601
9602
9600
1561
1440
1560
1558
1437
1557
1436
1556
1435
1555
1434
1554
1433
1553
1432
1552
1431
1551
1430
1439
1559
1438
9612
9610
9611
1451
1450
1448
1447
1446
1445
1444
1443
1442
1441
9605
9606
9603
9604
9609
9607
1449
9608
