2670
2669
3516
3515
3514
3513
3512
3511
3510
3519
3518
3517
13
14
3406
3405
3526
3404
3525
3403
3524
3402
3523
3401
3522
3400
3521
3520
3409
3408
3407
3420
3417
3416
3415
3414
3413
3412
3411
3410
3419
3418
3310
3431
3430
3307
3428
3306
3427
3305
3426
3304
3425
3303
3424
3302
3423
3301
3422
3300
3421
3309
3308
3429
3321
3442
3320
3441
2472
3440
3318
3439
3317
3438
3316
3437
3315
3436
3314
3435
3313
3434
3312
3433
3311
3432
3319
3332
3453
3331
3452
3330
3451
3450
3329
3328
3449
3327
3448
3326
3447
3325
3446
3324
3445
3323
3444
3322
3443
3343
3464
290
3342
3463
3341
3462
3340
3461
3460
3339
3338
3459
3337
3458
3336
3457
3335
3456
3334
3455
3333
3454
3354
3475
3111
3353
3474
3352
3473
3351
3472
3350
3471
3470
981
3349
3348
3469
3347
3468
3346
3467
3345
3466
1166
3344
3465
509
3365
3486
2033
3364
3485
2032
3363
3484
3362
3483
3361
3482
3360
3481
3480
3359
3358
3479
3357
3478
3356
3477
3355
3476
3376
3497
3375
3496
3374
3495
3373
3494
3372
3493
3371
3492
3370
3491
3490
3369
3368
3489
3367
3488
3366
3487
2298
3387
3266
3386
3265
3385
3264
3384
3263
3383
3262
3382
3381
3380
3379
3378
3499
3377
3498
3390
3398
3277
3397
3276
3396
3275
3395
3274
3394
3273
3393
3272
3392
3271
3391
3270
3269
3389
3268
2299
3388
3267
3280
3288
3287
3286
3285
3284
3283
3282
3281
3279
3399
3278
3291
3290
3299
1791
3298
1790
3297
3296
3295
3294
3293
3292
3289
1569
3505
3504
3503
3502
2896
3501
2895
3500
3509
3508
3507
3506
