4450
4451
4452
4453
4454
1574
4444
515
4445
4446
4447
4448
4449
4460
4461
4462
4463
4464
4465
3406
2037
4455
4456
4457
4458
4459
20
12490
12491
12494
12495
9008
12492
12493
12498
5831
12499
12496
3897
12497
11567
3665
7747
4117
4098
4410
4498
2504
4408
4409
4400
12476
4401
12477
4402
12474
4403
12475
716
4404
4405
4406
12478
4407
12479
12480
12483
12484
4420
12481
4388
4421
12482
4419
323
4411
12487
4412
12488
4413
12485
4414
12486
4415
4416
4417
12489
4418
4392
4393
4394
4395
4396
4397
4430
4398
4431
4399
4432
4390
4391
4389
4422
4423
4424
4425
4426
4427
4428
4429
4440
4441
4442
4443
1172
12506
12504
12505
4433
4434
4435
4436
4437
12502
4438
12503
2935
4439
12500
12501
