11061
11060
5540
11063
5541
11062
5542
11065
5543
11064
1580
2306
5533
11067
5534
11066
5535
7714
11069
5536
11068
518
5537
5538
5539
11070
11072
5550
11071
5551
11074
5552
11073
5553
11076
5554
11075
2677
5544
11078
5545
11077
5546
5547
11079
5548
5549
5560
5561
5562
5563
28
5564
5565
5555
5556
5557
539
4469
5558
5559
5053
5570
7472
5571
11054
11053
3547
300
5566
11056
5567
11055
5568
11058
5569
11057
11059
7123
5510
5508
5509
2479
5500
5501
5502
5503
5504
5505
5506
5507
10500
11081
11080
11083
11082
11085
7300
11084
5520
11087
5521
11086
5519
1799
5511
11089
5512
11088
5513
5514
5515
5516
5517
5518
5530
5531
5532
9572
5522
5523
989
5524
5525
5526
5527
5528
5529
