8492
3114
1177
16763
2678
16767
16766
16765
16764
16769
16768
29
3410
4103
11440
4227
16735
5572
5573
5574
5575
5576
5607
5608
5609
786
5600
5601
5602
5603
5604
5605
5606
5580
5581
5582
5583
5584
9304
5585
5586
5587
5620
1385
5618
5619
5577
5610
5578
5611
5579
5612
5613
5614
5615
5616
5617
5591
5592
5593
5594
5595
10062
5596
5597
5630
5598
5631
2480
5590
5629
562
5588
5621
5589
5622
5623
5624
5625
5626
5627
5628
16770
16774
5640
16773
5641
16772
8752
5642
16771
5632
5599
5633
16777
5634
16776
5635
16775
5636
5637
5638
5639
5643
5644
4679
13678
