6593
6592
6595
6594
6597
6596
3761
6598
6591
6590
5937
5938
5939
5930
6589
5931
5932
5933
5934
2308
5935
5936
6489
5950
2680
5948
5949
5940
5941
5942
5943
5944
5945
5946
5947
6494
6493
6496
6495
6498
6497
5960
5961
6499
6490
6492
6491
5959
3535
3533
5951
5952
5953
5954
5955
5956
5957
32
5958
3670
5970
5971
5972
5962
5963
5964
5965
5966
5967
5968
5969
5980
5981
5982
2909
5983
5973
5974
5975
5976
5977
5736
5978
5979
2484
5984
725
4681
5893
5894
6500
5895
3902
6511
6510
991
6509
5896
6502
5897
6501
5898
6504
5899
6503
6506
6505
6508
6507
6520
6522
6521
6513
6512
6515
6514
6517
6516
6519
6518
6531
6530
6533
6532
6524
6523
6526
6525
4228
6528
6527
6529
6540
6542
6541
6544
6543
6535
6534
6537
6536
6539
6538
6551
6550
6553
6552
6555
6554
6546
6545
6548
6547
6549
6560
6562
6561
6564
6563
6566
6565
5904
5905
5906
5907
5908
5909
6436
6557
6556
6559
6558
5900
5901
5902
5903
6571
6570
6573
4032
6572
6575
6574
6577
6576
4391
5915
5916
5917
5918
5919
6568
6567
5910
6569
5911
5912
5913
5914
6582
6581
6584
6583
6586
6585
6588
5257
6587
6580
5926
5927
5928
5929
6579
6578
5920
5921
5922
5923
5924
5925
