6351
6350
6352
3117
6348
6347
6349
5393
13250
12163
2045
1584
2310
3762
20155
5047
7580
6008
6300
6302
6301
3271
6938
1802
6274
6273
6276
6275
6278
6311
6277
6310
6313
6279
6312
6272
6271
6304
6303
6306
6305
6308
6307
6309
6285
6284
6287
6320
6286
6289
6322
6288
6321
6324
6323
6281
6280
6283
6282
10506
6315
6314
6317
6316
6319
6318
6296
22019
6295
6298
6331
6297
6330
6333
6299
6332
6335
6334
6290
6292
6291
6294
22017
6293
22018
6326
6325
6328
6327
14510
6329
6340
6342
6341
6344
6343
6346
6345
22022
3904
22020
22021
6337
6336
6339
10167
6338
