907
908
909
11625
11624
910
911
912
913
914
11621
915
11620
916
11623
917
11622
10412
918
919
2
920
800
921
801
922
802
923
803
924
804
925
805
926
806
927
807
928
808
929
809
6134
11603
2328
11602
11605
498
11604
11607
11606
930
11609
810
931
11608
811
932
812
933
813
934
814
935
815
936
816
937
817
938
11601
818
939
11600
819
11614
11613
11616
11615
11618
940
11617
820
941
821
942
11619
822
943
702
823
944
703
824
945
704
825
946
705
826
947
11610
706
827
948
707
828
949
11612
708
829
11611
709
950
830
951
710
831
952
711
832
953
712
833
954
8329
713
834
955
714
835
956
715
836
957
716
837
958
717
838
959
718
839
719
280
960
840
961
720
841
962
721
842
963
722
843
964
723
844
965
724
845
966
725
846
967
726
847
968
727
848
969
728
849
729
970
850
971
730
851
731
852
732
853
733
854
734
855
735
856
736
857
737
858
738
859
739
860
740
861
2930
741
862
742
863
743
864
744
865
745
866
746
867
747
868
748
869
749
6991
870
750
871
751
872
752
873
753
874
754
875
755
876
756
877
757
878
758
879
759
11225
880
760
881
761
882
762
883
763
884
764
885
765
886
766
887
767
888
768
889
769
11597
11596
11599
11598
4113
890
770
891
771
892
772
893
773
894
774
895
775
896
776
897
777
898
778
899
779
780
781
782
783
784
785
786
787
788
789
790
791
792
793
794
795
796
797
798
799
5902
900
901
902
903
904
905
906
