9861
9862
9860
9865
9866
9863
9864
19181
1452
2541
9858
9859
9856
9857
7297
9872
9873
9870
9871
9876
7971
9877
9874
9875
1197
9869
8899
9867
9868
19999
19998
9883
9884
18235
9881
9882
9887
9888
9885
9886
9880
9878
9879
8684
16981
9890
9891
7989
9889
17833
9821
9822
7247
9820
311
7118
9814
9815
9813
9818
16958
9819
53
9816
9817
9832
9833
9830
9831
9825
9826
9823
9824
9829
9827
9828
9840
9843
9844
9841
9842
6205
9836
9837
9834
9835
9838
9839
9850
20005
9851
20004
20003
20002
9854
20001
9855
20000
9852
9853
20009
20008
20007
20006
741
9847
9848
9845
9846
9849
