1045 1463
957 1463
974 1463
1031 1463
474 1463
1014 1463
1059 1463
130 1463
1028 1463
1092 1463
1076 1463
1062 1463
988 1463
958 1463
991 1463
1001 1463
989 1463
990 1463
1032 1463
960 1463
1013 1463
1077 1463
1091 1463
6584 1463
961 1463
959 1463
956 1463
972 1463
1089 1463
975 1463
1015 1463
1075 1463
1078 1463
1026 1463
1050 1463
1080 1463
1064 1463
1029 1463
1061 1463
1048 1463
999 1463
1003 1463
1009 1463
1034 1463
977 1463
993 1463
1025 1463
1073 1463
1012 1463
994 1463
1047 1463
1051 1463
1088 1463
971 1463
1082 1463
1016 1463
1069 1463
1869 1463
1066 1463
1060 1463
1038 1463
1035 1463
1063 1463
1041 1463
1044 1463
1057 1463
962 1463
1022 1463
965 1463
968 1463
981 1463
1079 1463
987 1463
984 1463
1000 1463
982 1463
1084 1463
1070 1463
1006 1463
1023 1463
996 1463
1036 1463
997 1463
1054 1463
966 1463
1019 1463
1071 1463
1005 1463
1040 1463
1085 1463
964 1463
1021 1463
978 1463
1010 1463
1083 1463
1007 1463
767 1463
980 1463
983 1463
1086 1463
967 1463
10406 1463
1004 1463
1072 1463
865 1463
1018 1463
1067 1463
1037 1463
1056 1463
1053 1463
985 1463
1058 8
1042 1463
1087 1463
1020 1463
1017 1463
11094 1463
1081 1463
1065 1463
1043 1463
616 1463
969 1463
986 1463
1002 1463
1039 1463
1074 1463
1090 1463
963 1463
1008 1463
1024 1463
1027 1463
998 1463
1055 1463
11783 1463
1046 1463
1052 1463
1049 1463
973 1463
976 1463
1033 1463
970 1463
979 1463
1068 1463
1030 1463
995 1463
1011 1463
992 1463
