476 961
1249 961
1265 961
1274 961
1290 961
1303 961
1248 961
1302 961
1231 961
1266 961
10691 961
5060 961
1281 961
1283 961
1257 961
1264 961
1239 961
10692 961
1301 961
1273 961
1291 961
1247 961
1256 961
1299 961
1282 961
1276 961
1042 961
702 961
1246 961
1233 961
1250 961
1289 961
1300 961
1263 961
1292 961
1259 961
1288 961
1245 961
1275 961
1262 961
10690 961
131 961
1280 961
1278 11
1232 961
1293 961
1258 961
1252 961
1287 961
1235 961
1260 961
1261 961
1279 961
1244 961
1296 961
1269 961
1270 961
1294 961
1234 961
1251 961
1277 961
252 961
1286 961
1295 961
1243 961
10693 961
1271 961
957 961
1238 961
1285 961
1255 961
1272 961
1268 961
1298 961
1242 961
1240 961
1253 961
1304 961
1237 961
1236 961
1297 961
1254 961
1267 961
1241 961
1284 961
9 961
7046 961
