831 6
854 6
127 6
771 6
794 6
188 6
165 6
142 6
779 6
191 6
225 6
839 6
240 6
202 6
816 6
820 6
843 6
138 6
783 6
176 6
199 6
130 6
153 6
768 6
236 6
805 6
828 6
213 6
853 6
128 1
189 6
0 6
770 6
793 6
830 6
143 6
166 6
181 6
778 6
226 6
203 6
241 6
815 6
838 6
842 6
782 6
139 6
177 6
154 6
192 6
767 6
131 6
180 6
237 6
804 6
214 6
827 6
167 6
129 6
852 6
792 6
144 6
182 6
777 6
227 6
204 6
814 6
242 6
837 6
864 6
178 6
841 6
781 6
132 6
155 6
170 6
193 6
766 6
789 6
238 6
803 6
215 6
230 6
826 6
849 6
145 6
168 6
791 6
851 6
160 6
776 6
799 6
183 6
473 6
228 6
205 6
813 6
836 6
859 6
220 6
243 6
156 6
780 6
179 6
863 6
840 6
788 6
133 6
171 6
194 6
239 6
216 6
802 6
825 6
231 6
848 6
169 6
146 6
812 6
850 6
790 6
161 6
5 6
775 6
798 6
184 6
244 6
229 6
206 6
835 6
221 6
858 6
134 6
157 6
801 6
862 6
787 6
172 6
195 6
217 6
809 6
824 6
847 6
232 6
147 6
811 6
834 6
124 6
162 6
185 6
774 6
797 6
222 6
245 6
207 6
819 6
857 6
158 6
135 6
823 6
800 6
861 6
150 6
196 6
786 6
173 6
210 6
233 6
218 6
808 6
846 6
125 6
148 6
810 6
856 6
833 6
208 6
140 6
186 6
773 6
796 6
163 6
223 6
246 6
818 6
200 6
136 6
159 6
822 6
845 6
860 6
219 6
151 6
174 6
197 6
785 6
234 6
807 6
211 6
832 6
855 6
126 6
149 6
209 6
772 6
795 6
187 6
141 6
164 6
224 6
190 6
817 6
416 6
201 6
137 6
821 6
844 6
784 6
175 6
198 6
152 6
769 6
235 6
829 6
250 6
212 6
806 6
