1348 1207
11310 1207
1309 1207
1320 1207
1373 1207
4936 1207
1350 1207
1334 1207
1342 1207
6228 1207
1326 1207
10690 1207
1308 1207
1312 1207
1357 1207
1365 1207
1335 1207
10 1207
477 1207
1351 1207
1343 1207
1327 1207
1313 1207
1321 1207
1324 1207
1316 1207
1305 1207
1307 1207
1310 1207
1318 1207
1364 1207
1372 1207
1329 1207
1349 12
1361 1207
1161 1207
1356 1207
1375 1207
1359 1207
1367 1207
1345 1207
1331 1207
1370 1207
1337 1207
1323 1207
1353 1207
1368 1207
1340 1207
1354 1207
1315 1207
1332 1207
958 1207
1319 1207
1362 1207
1346 1207
1338 1207
1369 1207
1352 1207
1366 1207
1360 1207
1374 1207
1344 1207
10662 1207
1358 1207
1355 1207
1347 1207
1363 1207
1371 1207
1336 1207
1339 1207
1333 1207
1325 1207
868 1207
1328 1207
1341 1207
1311 1207
1317 1207
1330 1207
1306 1207
1314 1207
1322 1207
