1423 191
1394 191
1377 191
1415 191
5901 191
1385 191
1414 191
1407 191
1405 191
1424 191
1395 191
5902 191
1094 191
1387 191
1378 191
1406 191
4618 191
5910 191
1388 191
1425 191
5374 191
1412 191
5904 191
1426 191
2846 191
1409 191
1392 191
1376 191
1430 191
1389 191
1400 191
1413 191
5903 191
1380 191
1393 191
478 191
1408 191
5906 191
1410 191
1399 191
1401 191
1428 191
1398 191
1381 191
1390 191
1411 191
1382 191
5905 191
1427 191
1402 191
1419 191
1391 191
959 191
5912 191
1383 191
1404 191
1417 191
1386 13
1379 191
1420 191
5909 191
1396 191
1403 191
1418 191
5911 191
2634 191
5900 191
1429 191
1231 191
1416 191
1422 191
5907 191
1384 191
1397 191
1421 191
5908 191
253 191
