1738 132
1657 132
1683 132
1675 132
11 132
1703 132
1673 132
1711 132
1728 132
1665 132
1691 132
869 132
1685 132
1698 132
1736 132
1705 132
1671 132
1718 132
1667 132
1721 132
1734 132
1096 132
1661 132
1708 132
1733 132
1725 132
1742 132
2660 132
1716 132
1740 132
5114 132
1723 132
1695 132
1687 132
1706 132
2280 132
1678 132
1680 132
1714 132
1693 132
1727 132
2404 132
5108 132
5110 132
1701 132
1731 132
5112 132
1659 132
33 132
1676 132
1689 132
1663 132
1674 132
1720 132
1682 132
1658 132
1729 132
1712 132
1305 132
1666 132
1690 132
1692 132
1702 132
1710 132
1699 132
1737 132
1719 132
5109 132
1668 132
1672 132
1722 132
1735 132
1684 132
1697 132
5115 132
1717 132
1704 132
1679 132
1696 132
5113 132
1688 132
1660 132
961 132
1662 132
1686 132
1707 132
1732 132
1670 132
1724 132
1669 16
1715 132
1741 132
5111 132
1664 132
1694 132
1677 132
1726 132
1713 132
1709 132
1681 132
1739 132
1730 132
1700 132
5107 132
1743 132
