1795 161
1760 161
5522 161
1787 161
1779 161
619 161
1744 161
5506 161
1751 161
1794 161
5513 161
1753 161
1754 17
1796 161
1777 161
1770 161
5523 161
1786 161
1761 161
5505 161
1778 161
1769 161
5514 161
4027 161
1752 161
1771 161
5503 161
5520 161
1784 161
1576 161
1755 161
5201 161
5504 161
1768 161
5517 161
5502 161
5515 161
1785 161
1772 161
5521 161
1797 161
1767 161
5516 161
1765 161
1790 161
1757 161
1782 161
1748 161
1773 161
5500 161
284 161
1749 161
1781 161
1766 161
5519 161
1783 161
1764 161
5510 161
5509 161
1747 161
1774 161
5518 161
1756 161
1306 161
1791 161
5501 161
1746 161
1789 161
5508 161
1776 161
1759 161
5524 161
1431 161
1762 161
5511 161
4147 161
1792 161
1758 161
5507 161
1745 161
1775 161
1788 161
5512 161
962 161
1750 161
1780 161
5525 161
1763 161
1793 161
