1833 400
1828 18
1876 400
255 400
1817 400
1841 400
1815 400
1809 400
1858 400
1823 400
7866 400
1827 400
1866 400
4475 400
1848 400
1878 400
1657 400
1835 400
1821 400
1864 400
7957 400
1829 400
1851 400
1838 400
1863 400
1803 400
1820 400
480 400
1846 400
1880 400
7960 400
1870 400
1836 400
1801 400
1853 400
1810 400
7959 400
1879 400
1857 400
1819 400
1844 400
1849 400
1874 400
1806 400
1831 400
1861 400
1872 400
7457 400
1855 400
1842 400
1825 400
1868 400
1812 400
1808 400
1859 400
1824 400
7956 400
963 400
1850 400
1867 400
1840 400
1875 400
1832 400
1818 400
620 400
1814 400
1798 400
7958 400
1822 400
1865 400
1852 400
1881 400
1804 400
1834 400
1847 400
1816 400
1877 400
7453 400
1871 400
1854 400
1837 400
1811 400
1845 400
1839 400
1802 400
1805 400
1862 400
1799 400
1800 400
1830 400
1843 400
1826 400
1813 400
1869 400
1856 400
1807 400
1873 400
1860 400
