132 724
221 724
124 724
167 724
140 724
205 724
175 724
150 724
238 724
142 724
193 724
159 724
3662 724
185 724
213 724
169 724
207 724
126 724
236 724
130 724
223 724
160 724
173 724
144 724
157 724
191 724
139 724
211 724
241 724
187 724
137 724
9837 724
197 724
129 724
154 724
171 724
225 724
242 724
218 724
163 724
244 724
235 724
180 724
208 724
189 724
146 724
195 724
231 724
216 724
201 724
229 724
214 724
7819 724
203 724
227 724
7855 724
182 724
220 724
152 724
246 724
233 724
165 724
0 724
178 724
135 724
148 724
239 724
204 724
192 724
141 724
212 724
184 724
158 724
4010 724
125 724
222 724
200 1
168 724
230 724
133 724
176 724
240 724
156 724
186 724
143 724
199 724
210 724
190 724
131 724
219 724
127 724
206 724
237 724
224 724
161 724
174 724
162 724
209 724
234 724
153 724
145 724
136 724
188 724
138 724
198 724
155 724
128 724
217 724
243 724
226 724
172 724
215 724
181 724
245 724
151 724
194 724
232 724
177 724
164 724
147 724
134 724
149 724
179 724
166 724
196 724
183 724
170 724
202 724
228 724
