2727 165
2752 165
5574 165
2735 165
2760 165
2761 165
2744 165
5573 165
1982 165
2718 165
1379 165
2769 165
2770 165
2734 165
5575 165
2283 165
2751 165
2920 165
514 165
2717 165
2743 165
2746 165
2733 165
2720 165
5576 165
2750 165
2763 165
1309 165
5577 165
2729 165
2716 165
2759 165
2715 165
873 165
2726 36
2745 165
2728 165
2762 165
2732 165
2758 165
2765 165
2722 165
2748 165
2731 165
2766 165
2757 165
2739 165
2764 165
2721 165
2747 165
2756 165
2730 165
5570 165
2771 165
2725 165
2738 165
2755 165
2768 165
3268 165
2742 165
5571 165
2740 165
2753 165
2723 165
2737 165
2724 165
2736 165
5572 165
2749 165
2754 165
2767 165
2719 165
2503 165
2741 165
