2997 751
3025 751
139 751
2996 42
2989 751
8687 751
9945 751
9008 751
2988 751
3008 751
3017 751
2971 751
3007 751
9943 751
2979 751
3024 751
3016 751
2987 751
9944 751
2973 751
3001 751
3014 751
2990 751
2273 751
9251 751
3015 751
3028 751
2986 751
3002 751
2999 751
2985 751
3013 751
3000 751
3026 751
3027 751
3009 751
2972 751
2998 751
2992 751
3020 751
3012 751
2975 751
2984 751
3004 751
2974 751
3021 751
2991 751
3011 751
9940 751
419 751
2983 751
3003 751
9942 751
2978 751
3023 751
9939 751
5752 751
2982 751
9938 751
2995 751
3006 751
3019 751
2840 751
2980 751
2977 751
2993 751
9937 751
9941 751
491 751
3010 751
2976 751
3022 751
2994 751
2981 751
3005 751
3018 751
