3332 1118
3371 1118
3346 1118
3363 1118
6934 1118
268 1118
3338 1118
3646 1118
3369 1118
3324 1118
3340 1118
3347 1118
3341 1118
3355 1118
3333 1118
3339 1118
3353 1118
3356 1118
3359 1118
3367 1118
3350 1118
3342 1118
3348 1118
3361 1118
3345 1118
2913 1118
3364 1118
3372 1118
633 1118
3323 1118
10401 1118
3329 1118
3337 1118
3326 1118
3334 1118
3331 1118
3374 1118
3349 1118
3335 1118
3352 52
3327 1118
3366 1118
3343 1118
3330 1118
3358 1118
6954 1118
3360 1118
3328 1118
3336 1118
3344 1118
3325 1118
3322 1118
1437 1118
3362 1118
3365 1118
3368 1118
3351 1118
3354 1118
2038 1118
3357 1118
3370 1118
3373 1118
11119 1118
