28 133
70 133
5118 133
109 133
54 133
117 133
11 133
52 133
100 133
87 133
97 133
62 133
18 133
44 133
36 133
5 133
79 133
123 133
1 133
110 133
42 133
34 0
72 133
85 133
99 133
5116 133
13 133
56 133
119 133
69 133
26 133
60 133
3 133
107 133
38 133
112 133
90 133
104 133
121 133
31 133
74 133
113 133
8 133
24 133
67 133
91 133
5121 133
5123 133
22 133
41 133
57 133
48 133
84 133
14 133
50 133
20 133
93 133
80 133
78 133
63 133
102 133
115 133
6 133
65 133
76 133
16 133
89 133
95 133
33 133
82 133
59 133
46 133
29 133
10 133
53 133
88 133
96 133
45 133
37 133
4 133
5119 133
61 133
5117 133
35 133
19 133
71 133
101 133
118 133
27 133
43 133
106 133
2 133
39 133
111 133
30 133
108 133
73 133
25 133
86 133
98 133
68 133
55 133
5120 133
12 133
58 133
83 133
15 133
23 133
40 133
32 133
122 133
0 133
105 133
9 133
49 133
75 133
66 133
5122 133
92 133
114 133
3409 133
77 133
17 133
21 133
47 133
654 133
116 133
103 133
4801 133
120 133
1933 133
81 133
94 133
7 133
64 133
51 133
