3519 2074
3544 2074
3536 2074
3552 2074
3521 2074
3527 2074
3535 2074
3543 2074
3551 2074
495 2074
2654 2074
142 2074
3528 2074
4063 2074
3517 2074
3525 2074
3549 59
3522 2074
3530 2074
1439 2074
3541 2074
3516 2074
3533 2074
1580 2074
3555 2074
3539 2074
3547 2074
3532 2074
3538 2074
3546 2074
3524 2074
3540 2074
3554 2074
3520 2074
3523 2074
3529 2074
3537 2074
3515 2074
3518 2074
3542 2074
3534 2074
3526 2074
3531 2074
3556 2074
3550 2074
11800 2074
3778 2074
3545 2074
3553 2074
3548 2074
11695 2074
