414 2164
453 2164
459 2164
445 2164
470 2164
422 2164
437 2164
461 2164
468 2164
429 2164
454 2164
462 2164
431 2164
415 2164
423 2164
463 2164
466 2164
471 2164
11668 2164
469 2164
2031 2164
447 2164
430 2164
433 2164
441 2164
458 2164
10394 2164
452 2164
425 2164
439 2164
247 2164
455 2164
428 2164
436 2164
444 2164
467 3
460 2164
417 2164
450 2164
442 2164
2 2164
448 2164
456 2164
464 2164
426 2164
451 2164
465 2164
434 2164
418 2164
449 2164
457 2164
757 2164
420 2164
438 2164
435 2164
421 2164
446 2164
443 2164
440 2164
416 2164
419 2164
424 2164
427 2164
432 2164
125 2164
