11 939
89 939
54 939
46 939
97 939
5 939
62 939
38 939
117 939
109 939
70 939
44 939
56 939
13 939
4456 939
87 939
52 939
100 939
60 939
48 939
18 939
107 939
99 939
3 939
79 939
36 939
110 939
90 939
112 939
23 939
72 939
123 939
1 939
85 939
42 939
119 939
59 939
84 939
16 939
41 939
10639 939
121 939
68 939
25 939
91 939
104 939
8 939
31 939
74 939
22 939
113 939
78 939
65 939
95 939
57 939
82 939
14 939
27 939
80 939
33 939
20 939
93 939
102 939
76 939
6 939
115 939
50 939
63 939
7348 939
29 939
118 939
71 939
5631 939
101 939
88 939
12 939
10 939
47 939
96 939
53 939
39 939
61 939
4 939
35 939
111 939
73 939
43 939
30 939
108 939
49 939
86 939
55 939
106 939
98 939
19 939
67 939
2 939
37 939
24 939
105 939
122 939
32 939
75 939
114 939
9 939
8806 939
92 939
66 939
34 939
40 939
17 939
83 939
26 939
69 939
0 939
7 939
116 939
51 939
77 0
81 939
21 939
94 939
103 939
64 939
28 939
15 939
45 939
58 939
120 939
