949 333
7372 333
914 333
906 333
7380 333
922 333
868 333
894 333
932 333
878 333
940 333
886 333
950 333
866 333
896 333
920 333
7370 333
799 333
904 333
251 333
4389 333
916 333
947 333
7379 333
929 333
934 333
871 333
884 333
899 7
901 333
7377 333
872 333
880 333
919 333
944 333
898 333
865 333
953 333
882 333
927 333
936 333
910 333
891 333
925 333
955 333
908 333
942 333
887 333
874 333
889 333
876 333
893 333
129 333
912 333
7375 333
938 333
877 333
931 333
915 333
3160 333
885 333
948 333
905 333
869 333
895 333
7373 333
923 333
933 333
615 333
917 333
903 333
879 333
946 333
883 333
870 333
7371 333
867 333
921 333
5349 333
951 333
897 333
881 333
935 333
952 333
928 333
7378 333
766 333
7376 333
873 333
945 333
902 333
890 333
918 333
6 333
941 333
7374 333
909 333
954 333
926 333
911 333
939 333
924 333
913 333
937 333
907 333
900 333
892 333
943 333
930 333
875 333
888 333
