1036 167
573 167
998 167
1010 167
1638 167
999 15
1028 167
1019 167
1002 167
407 167
1000 167
3247 167
1035 167
1027 167
1001 167
1018 167
1012 167
3152 167
3246 167
1025 167
1009 167
995 167
996 167
1008 167
1026 167
1024 167
351 167
1030 167
1011 167
997 167
1037 167
1007 167
3245 167
993 167
1031 167
1006 167
1023 167
1015 167
3244 167
1032 167
608 167
1005 167
1013 167
994 167
1022 167
1014 167
315 167
499 167
3243 167
90 167
1034 167
1020 167
1021 167
991 167
1004 167
1017 167
3242 167
1029 167
992 167
1033 167
1016 167
1003 167
3241 167
