10095
10094
7721
10097
10130
5268
10096
10139
10099
10132
10098
10131
12796
10134
10133
10136
10135
10138
10137
8662
10141
10140
1104
10143
10142
10145
10144
10147
17457
10146
2956
17783
8278
17784
17785
17786
17780
17781
17782
8153
10118
1876
2448
10117
10119
3532
10110
10112
10111
10114
17787
10113
17788
9519
10116
14678
17789
10115
4760
17150
260
10129
10128
11613
4917
3784
10121
10120
10123
10122
10125
10124
10127
10126
7242
16394
4253
6431
9934
2627
7770
17775
16048
9150
10107
10106
10109
10108
15639
10101
9824
10100
10103
17776
10102
17777
10105
17778
1702
10104
17779
14110
1043
10955
5892
2144
3197
4318
