10251
10250
2274
876
10253
10252
10255
15269
14058
3633
10254
4844
10257
5659
10256
10259
10258
14855
18267
18268
7211
18269
18263
18264
11351
18265
18266
4180
11914
9520
9766
8279
2450
9085
1877
10239
13903
10238
10231
10230
10233
10232
10235
10234
10237
10236
10240
4762
262
9492
11614
6938
10249
3026
10242
10241
3786
10244
3941
10243
3700
10246
10245
10248
10247
5184
17762
10217
10216
10219
10218
11828
10211
12353
10210
2629
10213
10212
10215
10214
10228
10227
10229
687
10220
10222
10221
10224
10223
10226
10225
6571
9446
3464
18270
18271
18272
18273
580
10208
10207
10209
10563
