13242
5420
13243
13240
13241
10778
10777
10779
10770
13246
13247
10772
13244
10771
13245
518
10774
3635
10773
10776
13248
10775
13249
13250
5396
5792
10789
10788
3128
5544
10781
10780
11594
10783
10782
10785
10784
10787
10786
9089
13220
5200
13221
6090
10756
10359
10755
10758
10757
10759
13224
13225
9878
13222
13223
9917
13228
13229
13226
13227
13231
13232
13230
10767
10766
10769
10768
1884
3302
13235
13236
9768
10761
13233
10760
13234
11970
10763
13239
10762
3944
10765
13237
10764
13238
11383
3320
4642
6669
11266
8743
6323
10580
9671
2634
13219
8976
7407
2091
7142
6214
10790
10792
10791
4787
10793
8366
9296
2658
11895
