19225
19224
19227
19226
19221
19220
19223
19222
6873
1066
1065
192
1064
1063
1062
1061
1060
992
993
994
1059
995
1058
996
1057
997
1056
998
999
1077
1110
1076
1075
1074
1073
1072
1071
1070
1107
1106
1105
641
1104
4
1103
1069
1102
1068
1101
1067
1100
1109
1108
1080
18352
19047
1000
1088
1121
1087
1120
1086
1085
1084
1083
1082
1081
1118
1117
1116
1115
1114
1113
1079
1112
1078
1111
18914
815
1119
1091
1090
8202
1011
1099
1132
1010
1098
1131
1097
1130
1096
1095
1094
1093
1092
1008
1129
1007
1128
5729
1006
1127
1005
1126
1004
1125
1003
1124
1002
1123
1001
1089
1122
10882
16468
19218
19217
1009
19219
7523
1022
1143
1264
1021
1142
1020
1141
1140
6391
1019
1018
1139
1017
1138
1016
1137
1015
1136
1014
1135
1013
1134
1012
1133
437
12114
959
17645
1033
1032
1031
1030
1029
1028
1027
1148
1026
1147
1025
1146
1024
1145
1023
1144
17862
1044
1043
1042
1041
1040
1039
1038
1037
1036
1035
1034
10396
12212
14636
1055
1054
1053
1052
1051
1050
1049
1048
1047
1046
1045
10164
