5784
11340
3640
11349
10936
11342
11341
15787
11344
11343
11346
11345
11348
11347
8422
9753
11351
11350
3132
18141
11353
11352
11355
11354
5669
11357
11356
11359
5947
11358
17664
9640
4110
11283
3387
4192
10756
11328
11327
11329
11320
11322
11321
11324
11323
11326
11325
9370
11339
11338
11331
11330
11333
12268
11332
11335
11334
11216
11337
11336
5067
2076
14419
10853
6047
5994
7137
17371
11317
11316
11319
12801
11318
11313
11315
11314
11360
15684
11362
11361
11364
11363
7934
11366
11365
11368
18799
11367
17623
75
10797
11369
11371
11370
11373
11372
10719
3473
19094
1048
3225
11375
11374
11377
11376
