4293
4294
4295
4296
4297
4298
4299
6356
3087
4290
4291
4292
3751
14577
11067
23
3420
11603
6920
14553
1010
1493
9786
834
4300
2241
2596
2918
14199
4310
4311
4309
4301
4302
4303
4304
4305
1836
4306
4307
4308
12336
4320
4321
4322
9215
3596
5092
1166
3344
4312
4313
4314
4315
4316
4317
4318
4319
4330
4331
4332
15265
4333
3913
4323
4324
4325
4326
4327
4328
4329
4340
4220
4341
4221
4342
4222
4343
4223
4344
9470
4334
4335
4336
4337
4338
4339
15483
15482
4350
15481
4230
4351
15480
4231
4352
4232
4353
4233
4354
4234
4355
15484
3262
4224
4345
4225
4346
4226
4347
4227
4348
4228
4349
7617
4229
4360
4240
4361
4241
4362
4242
4363
4243
4364
4244
4245
7071
660
4235
4356
4236
4357
4237
4358
4238
4359
4239
11456
4250
4251
4252
4253
4254
4255
4256
4246
15469
4247
15468
4248
15467
4249
4260
15472
4261
15471
4262
15470
4263
4264
15476
4265
15475
4266
6687
15474
4267
15473
4257
4258
15479
4259
15478
15477
1669
4271
4272
4273
4274
4275
4276
4277
4278
4270
211
455
4268
4269
11640
4282
4283
4284
4285
4286
4287
4288
4289
4280
4281
2776
4279
