8530
8531
8534
8535
8532
8533
3089
4606
4727
4607
4728
4608
4729
4609
1694
8527
4720
8528
4721
8525
4722
8526
4723
4724
4725
8529
4605
4726
8541
8542
8540
4067
8543
8544
4617
4618
4619
4730
8538
4610
4731
8539
4611
7208
8536
4612
8537
4613
4614
4615
4616
25
4630
4628
4749
4629
4620
4621
4622
4623
4624
4625
4626
4627
7596
4640
4641
4639
4631
4632
4633
4634
4635
4636
4637
4638
4650
4651
4652
1012
4642
4643
4644
4645
837
4646
4647
4648
4649
4660
4661
4662
4663
3450
2598
4653
4654
4655
4656
4657
4658
4659
4670
8111
4671
4672
4673
4674
2921
1034
2244
4664
4665
1839
4666
4667
4668
4669
8486
8487
4680
4681
8485
7397
4682
5650
4683
4684
8488
4685
8489
862
1168
4675
4676
4677
4678
5767
4679
8497
4690
8498
4691
8495
4692
8496
4693
4694
4695
8499
4696
2034
8490
8493
8494
8491
8492
6073
3113
4686
5533
4687
4688
4689
4222
4697
4698
4699
4470
3265
6660
4365
2060
663
4239
3288
8501
8502
8500
8512
8513
8510
8511
4705
4706
4707
4708
4709
214
457
1672
8505
8506
8503
6207
4700
8504
4701
8509
4702
4703
8507
4704
8508
8520
8523
8524
8521
8522
4716
4717
4718
4719
8516
8517
4710
8514
4711
8515
4712
4713
2418
4714
8518
4715
8519
