5020
5021
5022
7441
5023
5024
4970
5025
4971
5026
4170
4606
4969
2420
4961
5016
4962
5017
4963
5018
4964
5019
11189
3755
4965
4966
4967
4968
5030
5031
5032
5033
5034
4980
5035
4981
5036
4069
4982
5037
4972
5027
4973
5028
4732
4974
5029
4975
15312
4976
4977
4978
4979
5041
4990
4991
4992
4993
5040
4983
5038
4984
5039
4985
4986
936
4987
4988
4989
16508
3424
4994
4995
4996
4997
4998
4999
4890
4891
4892
4893
7006
4894
1013
1496
4886
4887
12234
4888
4889
4895
4896
4897
4898
4899
15047
9327
2922
16933
1841
4434
16592
8015
3916
3599
12208
11910
2036
4472
4903
4904
4905
4906
4907
4908
4909
4900
4901
4902
4366
16463
4914
4915
4916
4917
4918
4919
3267
4910
4911
4912
4913
17520
17521
17522
4925
4926
4927
4928
4929
17527
17528
17529
4920
4921
17523
4922
17524
4923
17525
4924
17526
17530
5595
4936
4937
1303
4938
4939
4930
4931
4932
4933
4934
4935
5000
5001
5002
5003
5004
4947
4948
4949
1674
216
4940
16777
4941
4942
4943
4944
4945
4946
5010
5011
5012
5013
5014
4960
5015
2780
4958
4959
4950
5005
4951
5006
4952
5007
4953
5008
4954
5009
4955
4956
4957
