5540
5541
3760
5542
5543
2423
5533
5534
5535
15786
5536
5537
5538
5539
18025
5550
5551
5552
5553
6489
5554
5544
5545
4611
5546
14982
5547
3920
4734
5548
5549
5560
5044
5561
5562
5563
4475
5564
29
5565
2602
5555
15645
4225
5556
5557
5558
5559
17820
5570
5571
5572
16184
5573
5574
5575
16068
5576
3270
5607
5608
3426
5609
5566
669
5567
5600
5568
5601
5569
5602
5603
5604
5605
8716
5606
5580
5581
5582
17400
5583
5584
18692
5585
18693
5586
5587
5620
18690
18691
5618
5619
1017
1499
5577
5610
5578
5611
5579
5612
5613
4888
5614
5615
5616
5617
14811
5591
5592
5593
5594
5595
5596
5597
5630
5598
5631
8467
5590
5629
5588
5621
5589
5622
6039
5623
5624
5625
5626
1307
5627
14942
5628
15165
8195
1677
5599
5632
5633
14633
5634
5635
5636
5637
5638
5639
14877
18688
5530
5531
5532
2537
463
5525
5526
18689
5527
5528
1845
5529
