6197
6230
18498
6196
18499
6199
6232
6198
6231
6234
6233
15387
18495
6236
18496
6235
18497
6195
5937
2784
4323
6227
6226
6229
6228
13487
6241
6240
6243
6242
6245
6244
6247
6246
2043
3099
763
6238
6237
6239
6252
6251
4075
6254
6253
4231
6256
6255
6258
16332
6257
6250
5718
1113
6249
6248
16975
16735
6263
6262
35
6265
6264
6267
6300
6266
6269
6302
6268
6301
6261
6260
6259
3702
6274
4371
6273
6276
6275
6278
6277
6279
6270
6272
6271
6304
6303
6306
6305
13568
6285
6284
6287
6286
6201
6289
6200
6288
6203
17891
4025
6202
6281
6280
6283
6282
843
1023
14268
10741
3606
6296
6295
6210
6298
6297
6212
6211
6299
6214
6213
1681
6290
2251
6292
6291
6294
6293
6205
6204
5755
6207
6206
5878
6209
17347
6208
14876
6221
6220
6223
6222
6225
5257
6224
1174
17590
2930
468
6216
5369
6215
6218
5525
6217
6219
