6351
6350
6353
6352
6355
12031
6354
12030
6357
12033
6356
12032
3482
6195
10415
2426
6348
12035
6347
12034
12037
6349
12036
12039
12038
6362
7055
6361
6364
12040
6363
5672
6366
12042
6365
12041
6401
6368
12044
4740
6400
6367
12043
2044
6360
6359
12046
6358
12045
3764
12048
12047
12049
4615
6373
6372
6375
5165
6374
6410
6377
6376
6379
6411
6378
6371
6370
6403
6402
6369
6405
6404
6407
6406
2968
6409
6408
6384
9773
6383
6386
36
6385
6388
6387
6389
3430
3274
6380
6382
6381
10802
12026
12025
12028
12027
5969
12029
6395
6394
6397
6396
6311
6399
6310
6398
6313
6312
6391
6390
6393
6392
1898
6308
6307
11425
6309
10214
4260
6320
6322
6321
6324
6323
1024
844
6315
6314
4776
6317
6316
6319
6318
6331
12051
6330
12050
6333
12053
6332
12052
6335
12055
6334
12054
1682
3100
2252
11525
1314
2643
6326
12057
6325
12056
6328
8624
6327
6329
6340
9455
6342
6341
6344
6343
6346
6345
11809
1175
2812
2931
6337
6336
6339
1849
6338
10688
