6593
6592
6595
6594
6597
6596
470
6591
6590
2427
12837
6589
6520
6522
6521
4617
6513
6515
6514
6517
6516
6519
6518
4077
6531
16455
4232
6530
6533
6532
17144
11845
11206
2567
2046
6524
6523
6526
6525
6528
19449
6527
6529
7197
6540
6542
6541
19572
6544
6543
10085
10926
6535
4478
6534
6537
6536
6539
6538
6551
6550
6553
6552
6555
6554
11547
3432
6546
6545
6548
18739
6547
6307
6549
9816
6560
6562
6561
6564
6563
6566
6565
1025
6557
6556
846
6559
6558
3607
6571
6570
17740
6573
19249
6572
6575
6574
6577
6576
2254
1315
6568
16536
6567
5756
6569
5371
6582
6581
6067
6584
6583
6586
6585
6588
11252
6587
1176
6580
2933
226
6579
6578
18844
