1063
1851
2786
514
6985
5417
2428
1502
4619
3927
1903
10303
13062
13063
13060
13061
6652
6651
6412
6654
13064
6653
4742
10357
8168
6661
6660
6663
6662
39
5971
6665
4124
6664
5050
6656
6655
4479
6658
6657
6659
6670
13040
13041
6672
6671
6674
13044
4892
6673
13045
6676
13042
6675
13043
6708
6707
2469
3316
6709
3434
6667
6700
13048
6666
13049
6669
6702
13046
6668
6701
13047
6704
6703
6706
6705
6681
13051
6680
13052
6683
6682
13050
6685
13055
6684
13056
6687
6720
13053
6686
13054
6719
4937
6718
6678
6711
13059
6677
6710
6713
13057
6679
6712
13058
6715
6714
6717
6716
6692
6691
6694
6693
6696
8875
6695
6698
6731
6697
6730
3101
6690
6729
11928
6689
6722
6688
6721
6724
9834
6723
6726
6725
6728
1317
6727
11092
5372
8920
2654
1201
1684
2255
6699
13039
2934
