6870
6872
6871
6874
6873
15781
1852
1177
6865
6864
6867
8129
6866
6869
6868
8388
6881
6880
6883
6882
6885
6884
1590
6876
6875
6878
6877
3766
4976
17336
6879
17337
17338
17339
15120
4079
6807
6806
6809
6808
2047
6887
6886
6801
6889
6800
6888
6803
6802
6805
6804
3276
6818
6817
11737
6819
1400
6414
6810
6812
6811
6814
41
6813
6816
6815
8451
4373
6797
6830
6796
6829
6828
3436
15909
6821
6820
6823
6822
6825
6824
6827
6826
17252
6841
6840
8581
6839
1026
6799
6832
10187
6798
6831
6834
13453
6833
6836
849
6835
6838
6837
16891
17343
6850
17340
6852
17341
4311
6851
17342
4826
6843
12850
6842
6845
6844
6847
1319
5758
6846
6849
6848
6861
6068
6860
6863
8521
6862
1686
2257
6854
229
5644
6853
6856
6855
6858
6857
5528
6859
