2792
9184
2942
16236
8300
8303
8304
8301
8269
8302
1862
8277
8310
18630
8278
8311
8275
8276
8314
8315
8279
8312
8313
8270
8273
8274
8271
8272
3937
4905
8307
8308
3775
8305
6800
8306
8309
7594
8288
8321
8289
8322
5175
8286
8287
8320
8325
8326
4486
8323
8324
8280
8281
8284
8285
9891
8282
8283
8318
16228
8319
8316
8317
6659
2615
3703
8299
8332
8333
8297
8330
8298
8331
8336
8337
6038
8334
8335
8291
8292
8290
8295
8296
8293
8294
8329
5611
11022
8327
8328
5979
54
8343
8344
8465
8341
8342
18347
8347
8348
8345
15353
8346
1033
18061
18580
8340
15519
18627
18628
8338
18629
8339
16846
8354
8355
8352
8353
8358
8359
8356
8357
8350
8351
10838
6603
8349
3617
7396
8089
15454
2263
8360
12741
5649
