9620
9623
16873
5387
9624
16872
9621
16871
9622
16870
1333
5775
9616
12035
9617
5656
9614
11982
16875
9615
16874
9618
9619
9630
9631
9112
9354
9634
9635
9632
9633
14187
2950
9627
9628
9625
9626
9629
9641
9642
9640
9645
9646
9643
9644
10516
1236
1753
9638
9639
9636
9637
6528
6805
9652
9653
9650
9651
9656
9657
9654
9655
1522
12824
9649
16866
6930
8319
16348
16865
9647
15137
9648
16869
16868
16867
7483
4493
9661
4098
3681
7402
5060
9660
2621
4246
9658
9659
8220
4384
1394
4536
9688
1040
3460
14996
9612
9613
7798
9610
9611
4676
9609
9607
9608
