23845
23846
6474
23847
23848
23849
23840
23841
23842
23843
23844
10417
10416
10419
10418
8528
1219
23856
23857
23858
23859
23850
23851
23852
23853
5391
23854
23855
10426
10425
10428
10427
10429
10420
10422
10421
10424
10423
23823
23824
23825
23826
23827
23828
23829
2694
23820
23821
23822
10514
10513
10516
10515
10518
10517
10519
7459
10510
17700
10512
10511
23834
23835
23836
23837
23838
23839
23830
23831
23832
23833
10525
10524
10527
10526
10521
10520
9409
10523
43
10522
9540
10299
10183
23816
23817
23818
23819
10503
10502
10505
10504
10507
10506
10509
10508
5863
2915
6835
10501
10500
9444
972
4684
15973
14768
7828
8497
16593
10491
10490
10493
10492
23321
20858
10495
10494
4204
10497
10496
10499
10498
14187
404
10471
10470
10473
10472
10475
10474
10477
10476
10479
10478
10480
10482
10481
15490
2974
10484
10483
10486
10485
10488
10487
10489
10459
10458
10451
10450
10453
10452
10455
10454
10457
10456
10460
681
10469
322
15918
10462
7766
10461
10464
10463
10466
10465
10468
10467
23860
23743
10437
10436
10439
10438
12299
10431
10430
10433
10432
10435
10434
10448
10447
10449
13715
3982
10440
10561
10442
10441
10444
10443
10446
10445
