8497
6474
10491
10490
10493
10492
10417
10416
10419
10418
10495
10494
17847
4204
10497
10496
10499
28051
10498
1219
13099
5391
10426
32555
10425
32556
10428
32553
10427
32554
32551
10429
32552
32550
19518
10420
10422
10421
10424
32557
10423
32558
10471
10470
22331
26415
10514
10513
10516
10515
10518
10517
10519
7459
10473
10472
10475
10474
10510
10477
32548
10476
32549
10512
10479
10511
10478
32547
10480
10482
10481
10525
10524
10527
10526
10484
10483
10486
10485
10521
10488
10520
10487
9409
10248
10523
43
10522
10489
9540
24333
10459
10458
10451
10450
7879
10299
10453
10452
10455
10454
10457
10456
6562
10183
14387
10460
681
10503
10502
10469
10505
322
10504
13737
10507
3324
10506
10509
10508
5863
10462
7766
10461
10464
10463
2915
10466
6835
10465
10501
10468
10467
10500
31807
10437
10436
10439
10438
972
10431
14476
10430
10433
10432
10435
10434
4684
9577
26500
3590
6183
10448
10447
10449
3982
10440
10442
10441
10444
10443
10446
10445
