19225
9620
19224
19227
19226
19221
19220
14970
19223
19222
10929
10928
10899
10932
10898
10931
10934
3513
10933
10936
10935
3476
10937
4686
10891
10890
5898
10893
10892
10895
19229
10894
19228
10897
10930
10896
19236
13370
19235
19238
19237
19232
19231
19234
1908
19233
19230
1466
1222
11599
1869
19239
5429
19205
2177
10907
10906
10909
10908
7061
7460
10877
10910
10876
10879
10912
10878
10911
10914
10913
10916
10915
10871
10870
10873
19207
10872
19206
10875
19209
13622
10874
19208
19214
19213
19216
19215
19210
16103
19212
19211
10918
10917
10919
10888
10921
10887
10920
10923
10889
10922
10925
10924
10927
10926
8956
10880
10882
10881
10884
19218
10883
19217
10886
10885
19219
45
9821
16796
8170
10855
10854
10857
10856
10859
10858
10851
10850
2627
10853
10852
10866
10865
10868
10901
10867
10900
10903
10869
10902
325
10905
10904
7767
2917
8976
10860
5866
10862
10861
10864
10863
19247
19246
19249
19248
17064
19243
19242
19245
19244
19241
19240
12210
15841
8629
8365
9975
19254
19253
4442
19255
19250
19252
19251
9297
2138
10848
10847
10849
14127
