11180
9862
11182
11181
11184
11183
8895
11186
11185
11989
115
11188
11187
11189
11191
5394
8663
11190
11193
11192
11195
11194
11197
9754
11196
1223
11199
11198
10302
7462
11160
11162
11161
11164
11163
11166
11165
11168
11167
11169
11171
11170
11173
11172
11175
11174
21890
21537
10529
11177
11176
4512
11179
11178
19546
47
16393
11140
11261
11260
11142
11141
11144
11143
11146
11145
11148
11147
11149
11151
11150
11153
11152
22962
11719
2919
11155
11154
11157
11156
11159
11158
6838
6298
11120
11241
11240
11129
11122
11243
11121
11242
5634
11124
11245
11123
11244
11126
11247
11125
11246
11128
11249
11127
11248
11250
11131
11252
11130
11251
2139
10724
11133
11254
11132
11253
11135
11256
11134
11255
11137
11258
11136
11257
11139
11138
11259
8498
15380
11108
11229
11107
11228
11109
3478
10938
11221
11220
4688
11223
11222
11225
11224
11106
11227
11226
6087
11230
11119
11118
11239
11111
11232
11110
11231
11113
11234
11112
11233
11115
11236
11114
11235
11117
11238
11116
11237
24993
24992
24995
24994
24997
24996
24999
24998
11207
11206
11209
11208
24991
24990
416
11201
11200
11203
11202
11205
11204
11218
11217
11219
11210
11212
11211
11214
11213
11216
11215
24979
24978
6675
17760
24971
24970
24973
24972
24975
24974
24977
24976
2629
24989
24982
24981
24984
24983
24986
24985
24988
24987
14827
24980
15561
25004
25003
25006
25005
25007
2404
25000
25002
25001
24968
24967
24969
24962
24964
24963
24966
24965
16666
