4690
2031
26439
11746
11745
11748
11747
11749
36521
11740
36522
36523
10532
11742
36524
11741
36525
11744
36526
11743
9113
17576
11757
10700
11756
11759
1467
11758
27130
8778
11751
9626
11750
11753
11752
11755
11754
7065
20554
7465
11724
11723
11726
11725
11728
1872
11727
11729
11720
11722
11721
25697
24365
5172
11735
11734
11737
4917
11736
11739
11738
7989
11696
11695
11698
11731
11697
11730
11733
11578
11699
11732
5064
11780
11702
11701
11789
11704
11703
11706
11705
11708
11707
11782
11781
11784
21062
11783
11786
52
11785
11700
11788
35759
11787
11791
11790
11709
23258
11713
29992
11712
11715
11714
11717
2631
11716
11719
11718
11793
328
10186
11792
11795
11794
11797
11796
11711
11799
11710
11798
22817
22254
26855
11768
11767
11769
973
11760
11762
20072
3732
11761
11764
11367
11763
11766
11765
14085
26588
11779
11778
11771
11770
11773
11772
11775
11774
11777
11776
