4693
11580
12273
12272
12275
12274
28858
12318
12317
31874
12319
34100
12277
12310
12276
11861
12279
12312
12278
12311
12314
12313
12316
12315
12280
6089
12282
12281
12284
12283
12286
12285
36750
1228
10305
12329
12328
1586
3368
12288
12321
36751
12287
12320
36752
12323
36753
12289
12322
36754
12325
12324
35947
10941
12327
12326
12370
12373
12374
12371
12372
36748
36749
12377
12378
36741
12375
36742
12376
36743
36744
36745
12379
36746
36747
12380
12381
5175
12384
10083
12382
6301
12383
12307
12306
12309
12308
4919
11331
12542
13753
12301
12300
12303
12302
12305
12304
12351
15069
12352
12350
35514
12355
12356
9416
12353
12354
12359
12357
12358
15197
56
7772
12362
12363
5872
12360
12361
689
12366
12367
12364
12365
36437
12368
12369
12291
18278
20599
12290
12293
12292
12053
12295
12294
12330
12297
12296
12339
12299
12333
12298
12334
12331
12332
12337
12338
2407
12335
2923
12336
12340
12341
35723
11937
7547
7701
12344
12345
12342
11013
12343
12348
12349
12346
12347
