12791
12792
37298
37178
4696
12790
12836
12837
12834
12835
12838
12839
31352
12795
12796
12793
12794
12799
12832
12833
12797
12830
10533
12798
12831
9114
1230
12847
12848
12845
10944
12846
12849
12840
12843
12844
12841
12842
7068
20310
12770
12809
12814
1876
12815
12779
12812
12813
12818
12819
12816
12817
12773
12774
12771
12772
12777
12810
12778
12811
12775
12776
7596
12780
12385
12781
33181
12825
12826
12823
12824
12829
27510
12827
12828
12784
12785
12782
12783
36611
12788
12821
12789
12822
38758
12786
12787
12820
6037
8174
12477
8344
21236
39146
8502
12803
30332
2635
12804
12801
12802
12807
12808
12805
12806
30692
12800
17222
690
12858
12859
12856
12857
30201
34642
31097
12850
12851
12854
12855
12852
3736
12853
12580
1686
33300
2410
12861
12862
30438
38556
12860
12865
12866
12863
3989
12864
