13084
13085
13082
13083
4451
13088
13121
13089
13122
13086
4212
11581
13087
13120
29307
3485
29306
29305
29304
9461
13080
13081
24534
29309
29308
29303
29302
29301
29300
13125
13126
13123
13124
13129
13127
13128
13095
13096
13093
13094
13099
13132
13133
13097
13130
13098
13131
29318
29317
3011
7291
29316
29315
13091
13092
13090
29319
11999
29310
29314
29313
29312
29311
13136
4698
11110
13137
13134
13135
13138
13139
13062
13063
13060
13061
13066
13067
13100
13064
13065
1877
5718
13109
1232
7855
13103
13104
13068
13101
13069
13102
13107
13108
13105
13106
9014
13073
27917
13074
13071
13072
13077
13110
13078
13111
13075
13076
13070
23550
13114
13115
13079
13112
13113
13118
11697
13119
13116
13117
8057
13161
13162
13160
13163
4925
12479
22724
9276
13055
13056
13053
8346
13054
19274
22842
13059
13057
13058
9827
13140
13143
13144
13141
8874
13142
14198
26577
26611
334
13147
13148
13145
13146
13149
13150
13151
13154
13155
3991
13152
13153
26627
29299
29298
12867
29297
1687
29296
28366
13158
13159
13156
13157
29295
17634
29294
