13084
13085
13082
13083
4451
13088
13121
13089
13122
13086
4212
11581
13087
13120
3485
23961
28733
13080
13081
13125
13126
13123
13124
13129
13127
13128
31514
13095
13096
13093
4340
13094
13099
13132
13133
13097
13130
13098
13131
7291
13091
13092
13090
13136
4698
11110
13137
13134
13135
11513
13138
13139
13062
13063
13060
13061
22737
13066
13067
13100
13064
13065
1877
13109
26132
1232
13103
14313
13104
13068
13101
13069
13102
13107
13108
13105
13106
13073
13074
13071
13072
8446
13077
13110
13078
13111
13075
13076
13070
7907
13114
13115
14567
13079
13112
13113
13118
11697
13119
13116
13117
13161
13162
13160
8579
13163
1781
35595
4925
14937
35599
35598
35597
35596
12479
9276
13055
13056
13053
19036
8346
13054
4816
13059
13057
13058
9827
13140
13143
13144
13141
8874
13142
30047
334
13147
13148
13145
13146
13149
13150
20643
13151
13154
13155
3991
13152
13153
35603
35602
12867
35601
1687
35600
13158
13159
13156
13157
5527
35605
35604
