10536
13925
13926
13924
13929
13927
13928
4964
11862
9631
13936
13937
13934
13935
10309
3521
13938
13939
13932
13933
13930
13931
10190
11606
17950
386
12386
20654
20653
20652
20651
20650
20659
20658
20657
20656
20655
16717
8207
10853
7494
20663
20662
20661
20660
20632
20631
20630
20639
20638
20637
20636
20635
20634
20633
8349
12213
7814
20643
20642
20641
20640
15971
20649
20648
20647
20646
20645
20644
5404
20618
20617
20616
2150
91
20621
20620
20629
20628
20627
20626
20625
20624
3491
20623
20622
10946
20619
4457
2956
14030
14031
14034
13980
14035
14032
14033
13989
13983
13984
13981
14036
13982
13987
13988
13985
13986
15373
4484
13990
13991
5212
7075
13994
13995
13992
13993
13998
13999
13996
13997
14012
14013
14010
20131
14011
13969
13967
13968
4929
13961
14016
13962
14017
12870
14014
13960
14015
13965
13966
13963
14018
13964
14019
14020
14023
14024
14021
14022
13978
13979
13972
14027
13973
14028
13970
14025
13971
14026
13976
13977
13974
14029
13975
13947
13948
13945
13946
13949
13940
13943
13944
13820
13941
8508
13942
8520
14001
8887
14002
14000
340
13958
13959
13956
13957
13950
14005
13951
14006
14003
8636
14004
13954
14009
13955
13952
14007
13953
14008
