14052
14053
14050
27409
14051
14056
14057
14054
14055
27404
2151
27407
27408
27405
27406
10537
13924
14058
3996
12278
14059
14063
14064
14061
14062
14100
14067
14101
14068
16124
14065
14066
27414
27415
27412
24423
27413
27418
3492
7292
14060
27419
27416
27417
123
27410
27411
14104
14105
4699
14102
14069
14103
14108
14109
14106
10665
14107
17421
8397
1880
25565
14038
14039
14037
14041
14042
14040
14045
14046
14043
7995
14044
26544
22102
14049
14047
14048
14096
14097
14094
14095
13166
14098
14099
14092
14093
20811
14090
20535
14091
3558
10573
7134
6682
62
14074
14075
14072
14073
8875
14111
14078
14112
14079
14076
14110
14077
14070
14071
696
27421
2641
20906
27420
14115
14116
12059
14113
14114
18318
14085
14086
24967
13390
14083
14084
14089
14087
14088
1297
14081
14082
14080
341
8637
11896
