14177
14210
14178
14211
38024
14175
14176
2152
36009
14214
14215
14179
14212
14213
14218
14219
14216
14217
6483
14184
14185
14182
14183
14188
14221
14189
14222
14186
38256
14187
14220
30095
14180
14181
7294
5827
14225
14226
14223
14224
4217
14229
14227
14228
6097
39454
23540
11968
1476
39337
33519
14200
19690
14209
1881
14203
39689
14204
39688
14201
14202
14207
14208
14205
14206
8178
9421
14250
14251
14254
14255
14252
14253
10854
6304
14258
14259
14256
32803
14257
20091
17887
10732
14260
9830
36793
4930
14195
14196
14193
14194
14199
14232
14233
14197
14230
14198
14231
8350
14191
14192
14190
7778
14236
14237
13783
14234
14235
5878
36305
14516
14238
14239
14240
14243
14244
38156
14241
14242
22264
14247
3741
14248
14245
14246
14249
18967
