14294
8894
14295
14292
14293
14298
14331
24939
14299
14332
24938
14296
14297
14330
14290
14291
10538
14335
14336
14333
14334
14339
3998
14337
14338
21952
24946
24945
24948
24947
9117
14342
14343
24949
14340
14341
24940
24942
24941
24944
24943
10947
14346
14347
14344
14345
4218
14348
14349
6098
14272
14273
14270
14271
14276
14277
14310
14274
14275
1238
14319
14313
14314
14278
14311
14279
14312
14317
17303
14318
14315
14316
14283
14284
22229
14281
15492
14282
7598
14287
14320
14288
14321
10086
14285
14286
14280
14324
14325
14289
14322
12387
14323
14328
14329
14326
14689
14327
5184
10855
1931
11426
10218
14261
20665
14262
8221
9315
14265
14266
23817
13691
14263
9831
14264
1028
14308
10108
14309
14826
14269
14302
14303
14267
14300
14268
14301
14306
14307
14304
14305
24957
14350
24956
24959
24958
14351
20759
24951
24950
24953
24952
24955
24954
7779
5879
13548
6848
24960
24961
1723
12902
343
10566
