14294
14295
14292
37295
14293
14298
14331
14299
14332
14296
14297
14330
14290
14291
10538
14738
14335
16514
14336
14333
14334
14339
3998
14337
14338
9117
14342
30806
16367
14343
38530
14340
38531
12164
14341
38532
30651
10947
31185
14346
14347
14344
14345
4218
14348
14349
6098
14272
14273
14270
14271
14276
14277
14310
14274
14275
1238
14319
14313
14314
14278
14311
14279
14312
14317
14318
38527
14315
38528
14316
38529
14283
14284
14281
14282
7598
14287
14320
14288
14321
10086
14285
14286
14280
34833
14324
14325
14289
14322
12387
14323
14328
14329
14326
14327
5184
7242
38062
10855
11426
14261
14262
14265
14266
13691
14263
9831
14264
36270
14308
14309
14269
14302
14303
14267
14300
14268
14301
14306
14307
14304
14305
14350
25928
14351
23343
575
7779
5879
13548
6848
30689
20883
20006
343
17116
