17445
14452
14453
14450
14451
14456
14457
14454
14455
14458
14459
14460
14463
9118
14464
9632
14461
14462
33483
3493
23698
14508
14509
14506
14507
14467
14500
14468
14501
36477
14465
4458
14466
14504
11114
14505
14469
14502
14503
6099
10191
33190
33632
14434
14435
14438
14439
14436
14437
7472
14441
14442
14440
25698
31287
14445
4115
14446
14443
14444
11698
14449
14326
14447
14448
14492
5185
14493
14490
37130
14491
14496
14497
14494
14495
10733
10856
14498
14499
21476
15070
1788
37125
37126
37127
37128
37129
14470
14471
5880
14474
14475
14472
14473
14519
14517
14518
2643
698
25365
14478
14511
37114
14479
14512
36301
14476
979
14477
14510
14515
14516
14513
13821
14514
12060
14481
14482
14480
14485
14486
6984
14483
14484
33783
36257
3223
14489
14522
14523
14487
14520
3743
14488
14521
