5187
14771
14772
38465
14770
2155
10539
31792
14775
14776
14773
6305
14774
14779
4648
14777
14778
8784
38691
6485
13693
14782
9833
14783
14780
14781
24349
14786
14787
14784
14785
4933
12203
14788
14789
14790
14793
14794
14791
14792
8153
2646
14759
1631
11969
5357
14797
14754
14798
39336
14795
14796
14757
14758
14755
14799
14756
9254
7078
6102
14760
14761
21131
27513
28603
29899
33184
6060
14805
980
14806
14803
14606
14804
1884
14807
14808
22263
14764
14765
8877
14762
37622
14763
3744
14768
14801
5406
14769
14802
14766
14602
14767
14800
