16871
1462
1583
1461
1582
1460
1581
1580
1459
1458
1579
1457
1578
1456
1577
1455
1576
1454
1575
1453
1574
1452
1573
2662
6108
1473
1594
1472
1593
1471
1592
1470
1591
1590
1469
1468
1589
1467
1588
4
1466
1587
1465
1586
1464
1585
1463
1584
1484
1483
1482
1481
1480
1479
1478
1599
1477
1598
1476
1597
1475
1596
1474
1595
935
1495
1494
1493
1492
1491
1490
1489
1488
1487
1486
1485
11974
12593
1499
1498
1497
1496
16713
280
10862
17222
17223
17224
17225
17220
17221
17226
17227
17228
76
17229
16385
6861
17230
1602
1601
1600
1609
1608
1607
1606
1605
1604
15735
1603
17200
17201
17202
17203
1182
1613
1612
1611
1610
17208
17209
1619
1618
1617
17204
1616
17205
1615
17206
1614
5419
17207
17211
17212
17213
17214
17210
1624
1503
1623
1502
1622
1501
1621
1500
1620
644
17219
1509
1629
1508
1628
1507
17215
1627
1506
17216
1626
1505
17217
1625
1504
17218
9127
1635
1514
1634
1513
1633
1512
1632
1511
1631
1510
1630
4467
1519
1639
1518
1638
1517
1637
1516
1636
1515
1646
1525
1645
1524
1644
1523
1643
1522
1642
1521
1641
1520
1640
1529
1528
1648
1527
1647
1526
7084
1536
1535
1534
1533
1532
1531
1894
1530
1539
12877
1538
1537
1550
1547
1546
1545
1544
1543
1542
1541
1540
1429
1428
1549
1548
17189
17185
17186
17187
17188
1440
1561
1560
17061
1437
1558
1436
1557
13827
1435
1556
1434
1555
1433
1554
1432
1553
1431
1552
1430
1551
1439
1438
1559
17196
17197
17198
17199
1451
1572
17192
1450
1571
17193
1570
17194
17195
17190
17191
1448
1569
1447
1568
1446
1567
1445
1566
1444
1565
1443
1564
1442
1563
1441
1562
1449
