15421
15420
352
11867
15425
15424
12397
15423
9736
15422
15429
15428
15427
15426
15432
15431
6489
15430
9633
10426
15436
15435
15434
15433
15439
15438
15437
19445
15409
15408
13466
15403
15402
15401
15400
3777
15407
15406
15405
15404
15410
15419
15414
15413
15412
15411
15418
15417
15416
15415
1702
68
8353
12212
13784
12698
17236
14761
13554
11017
15384
15383
15382
20179
15381
20178
15388
20177
15387
20176
15386
20175
15385
20174
15380
20173
20172
20171
15389
20170
15395
15152
15394
15393
15392
15399
15398
15397
15396
18783
15391
15390
11117
15362
20159
20158
20157
20156
15366
20155
15365
20154
15364
20153
15363
20152
3498
5434
20151
15369
20150
15368
15367
15373
15372
20169
15371
20168
15370
20167
15377
20166
4001
15376
20165
15375
20164
15374
20163
1890
20162
20161
15379
20160
15378
15461
20137
15460
20136
20135
20134
15465
20133
15464
20132
15463
20131
15462
20139
20138
15469
15468
15467
15466
20148
20147
15470
20146
20145
20144
18187
20143
20142
20141
20149
14269
20140
15478
18744
4935
7782
15443
9844
15442
15441
9963
15440
2650
15447
15446
15445
15444
13944
15449
15448
15450
15454
15453
15452
4960
15451
15458
15457
15456
15455
10204
15459
