9866
990
16916
3237
6109
7603
17387
17388
17389
16972
17383
5200
17384
17385
17386
25686
17380
18590
25685
17381
25688
17382
25687
25689
23545
17398
17399
19213
11291
17394
17395
17396
18243
17397
17390
25697
17391
25696
17392
25699
17393
25698
20326
25691
25690
25693
25692
25695
25694
14965
18648
709
17365
25705
17366
25704
16790
17367
17400
25707
17368
17401
20376
25706
17361
25709
17362
25708
17363
16034
17364
17360
25701
25700
25703
7085
25702
10338
24171
14531
17369
17402
1935
17403
17404
8222
13172
17376
17377
17378
17379
17372
17373
17374
17375
17370
25710
17371
25712
25711
25714
25713
23094
16324
10740
10863
16099
17343
17344
17345
17346
21288
17341
17342
4947
17347
17348
17349
17354
17355
6342
17356
17357
17350
8007
17351
17352
5653
17353
17074
8514
17358
17359
