17442
17443
17444
17445
5420
17440
5268
17441
9187
26271
3238
13407
1697
5654
8648
8008
17446
17447
17448
17449
17453
17454
17455
17456
17450
11593
17451
17452
16928
13934
367
30495
30416
14900
15836
17457
17458
17459
17420
17421
17422
17423
9129
27868
15926
2168
26014
17428
17429
17424
17425
15405
17426
17427
17431
17432
17433
17434
17430
30074
31561
17439
17435
17436
17437
17438
24576
1895
17406
17407
17408
17409
17405
17410
17411
17412
32357
32358
32355
32356
32353
32354
23132
32352
17417
17418
17419
10466
17413
17414
17415
17416
17464
17465
17466
17467
17460
17461
10790
17462
7302
17463
4948
26177
17468
17469
3856
78
7794
17471
12066
17470
8879
