17563
10090
17564
17565
17566
17560
17561
17562
33656
2941
17608
2664
17609
13367
14335
17604
17605
17606
15147
17607
17567
17600
17568
17601
17569
17602
17603
17574
17575
17576
17577
17610
17570
17571
38376
17572
17573
1620
7569
17578
17611
14901
17579
17612
17541
17542
17543
17544
17540
35131
24238
2170
3938
10198
17549
4469
17545
17546
17547
17548
17552
17553
17554
17555
17550
16100
17551
9131
1487
17556
12701
17557
32813
17558
17559
17882
17520
17521
17522
14254
39313
39312
34425
33610
17527
4005
17528
17529
17523
17524
17525
17526
17530
17531
17532
17533
7017
32078
28145
17538
17539
9427
10741
11434
17534
17535
17536
17537
17585
17586
17587
9288
17588
17581
17582
17583
17584
36541
17580
12978
17589
17596
17597
17598
17599
17592
38397
5893
17593
17594
17595
17590
17591
3508
