7484
9740
37772
6312
23320
38060
991
2942
2666
17927
17928
17929
712
17923
36520
39711
17924
17925
17926
17920
2429
17921
17922
17893
17894
17895
17896
11272
17890
17891
17892
17938
17939
17934
17935
17936
13696
17937
17897
17930
17898
17931
10545
17899
17932
1900
10742
17933
4471
17940
17909
10953
17905
17906
17907
17908
17901
17945
17902
14036
17903
17904
30209
17941
17942
17943
17900
17944
17233
20322
16101
12383
23357
10527
17916
17917
17918
17919
4950
9726
17912
81
17913
37588
17914
36654
37149
8515
17915
39767
29251
36338
17910
29293
17911
