18498
18531
18499
18532
8011
18533
15223
18494
21662
6112
18495
16035
18496
18497
18530
3244
18490
18491
28977
18492
18493
21989
995
14533
17406
5897
38589
38865
9554
18500
18501
19155
39421
39420
39422
7091
17938
13697
18506
18507
18508
1904
18509
34618
18502
18503
18504
18505
18510
18511
18512
12373
18079
25169
17140
7020
33997
32586
13828
18517
18518
18519
14510
18513
18514
18515
18516
39419
18487
18520
18488
18521
20125
18489
18522
18523
18483
11095
18484
38112
18485
18486
18481
18482
10403
16909
18528
18529
7306
3509
18524
18525
4714
18526
15459
18527
