12071
18652
21303
18653
18654
8012
18655
6750
18650
18651
29944
5739
1698
1254
7799
15149
6944
5657
4008
18656
18657
18658
18659
18663
18664
18665
18666
15596
18660
11274
12286
18661
18662
1073
24220
27453
6315
13698
1905
18667
18668
30214
7608
18669
18674
18675
18676
18677
18670
4474
13100
18671
16255
18672
18673
25763
25846
373
32621
32622
32620
25486
14633
18678
32625
18679
32505
32623
32624
18643
21378
18644
18681
18680
20725
26548
23557
4716
32611
18649
32618
32619
32616
14125
32617
18645
32614
18646
32615
18647
32612
18648
32613
