19346
19345
19348
14293
19347
19342
5662
19341
6115
19344
19343
19340
27488
5899
17842
19349
19357
19356
19359
19358
19353
19352
19355
19354
3013
19351
19350
28980
12288
14467
16403
19324
19326
19325
25289
29486
29485
29484
29483
29489
29488
29487
16734
19328
29482
19327
29481
29480
19329
19335
19334
16185
19337
4241
19336
19331
19330
19333
19332
1494
20721
22061
2178
16104
19339
19338
19389
4011
19386
19385
19388
19387
19382
19381
19384
19383
29469
19380
2229
22391
12598
16315
14813
10457
19397
19396
9435
19398
19393
19392
19395
19394
7097
19391
19390
29475
29474
29473
29472
29479
29478
29477
29476
15599
7804
29471
29470
1307
19368
19367
8199
19369
19364
19363
19366
9842
19365
19360
22012
19362
19361
13941
19379
19378
19375
19374
19377
19376
19371
19370
19373
19372
6732
5008
12228
