20775
18972
20774
20773
20772
20771
20770
39596
10097
20779
9143
20778
20777
20776
31794
36128
36809
22472
39436
8209
4248
8888
39713
20786
20785
36191
20784
20783
20782
20781
20780
20789
20788
20787
2678
35301
1265
9747
13179
12886
32558
38936
17068
20797
20796
20795
16492
20794
20793
20792
20791
20471
20790
20759
20758
20757
20756
20755
20799
20798
26372
10957
15842
9438
38007
16659
7816
7275
20764
20763
20762
20761
20760
19256
37387
20804
20803
20769
20802
20768
20801
16182
20767
20800
20766
20765
37903
28882
9647
