9982
21707
21706
21705
21704
21703
21702
21701
16191
21700
95
6507
11985
17695
21677
21710
21676
6881
21675
21674
21673
6123
21672
21718
2440
21717
21716
21715
21714
21713
21679
21712
21678
21711
3526
21709
21708
4732
1504
20951
21363
21362
20711
13628
2962
1918
21361
21360
5436
10750
19206
18080
21347
4250
21346
21345
21344
21343
21342
21341
21340
390
20899
21349
21348
5215
5217
21358
21357
21356
21355
21354
21353
18188
21352
9556
21351
21359
21350
21688
21687
12293
21686
21685
21684
21683
21682
21681
21689
6326
13268
21680
8987
5911
5914
16660
21699
21698
21697
21696
21695
21694
21693
21692
15291
21339
10327
21691
11132
21690
13832
