21666
21665
21664
27849
21663
21662
21661
21660
21629
3044
21669
21668
21425
21667
4488
5216
30309
4326
17530
21633
21632
21631
21630
15993
15156
6126
21671
21670
2683
19030
21639
21638
21637
21636
20546
21635
24944
21634
29793
12889
33321
33320
12122
15556
15633
16720
19119
21644
21643
21642
21641
18395
21640
21649
21648
21647
21646
20952
21645
33314
12218
33315
1996
11609
2442
13102
18832
33318
33319
33316
33317
21655
19257
21654
18126
21653
16063
21652
19177
21651
21650
1010
21659
21658
21657
21579
21656
32495
9648
14922
