21787
21820
21786
17642
21785
21784
21783
21782
4970
8213
21341
21781
21825
23686
392
21824
21823
7163
21789
21822
21788
21821
31795
31797
25382
31796
21819
799
21818
10210
19504
31799
31798
21798
21797
21796
21795
15157
21794
21793
6885
21792
21791
17091
21799
12805
21790
8416
4019
10787
31806
11284
21806
31050
21805
21804
31690
21803
21802
21801
21800
4072
2963
27262
732
3850
8988
8906
18833
16980
2188
21817
21816
21815
21814
21813
6181
21812
21811
21932
21810
28120
21809
21808
21807
9649
31803
7106
31802
15775
31805
31804
13833
19814
31801
31800
