8056
14450
8654
13560
24970
22156
22157
22158
22159
395
4490
22238
27320
3830
10774
19505
20268
6168
22165
22166
22167
22168
22169
22160
3006
3567
22161
22162
22163
22164
13970
20182
21202
28839
22176
28833
22177
28834
22178
27423
28831
22179
28832
28837
3261
9880
28838
28835
28836
10557
2447
10439
22170
20909
22171
22172
22173
22174
22175
5712
19448
1956
9850
15375
22187
28844
22188
23750
28845
22189
28842
28843
28846
22180
10329
22181
22182
22183
28840
22184
28841
22185
22186
6537
7108
17953
19932
14766
11611
