8375
16591
20853
28577
12604
12320
15158
5441
22297
22298
22299
29646
29645
3262
20677
29640
13629
22290
22291
22292
22293
29644
22294
29643
22295
29642
22296
29641
10352
12892
19329
9650
17154
3303
13477
10003
16108
4491
20134
22275
29626
22276
29625
22277
22310
25941
22278
22311
22279
22312
22313
29629
29628
21348
29627
24570
22273
22274
6546
19829
5219
18586
20269
11031
22286
29637
22287
29636
22288
29635
22289
29634
29639
29638
13857
22280
22281
22282
29633
22283
29632
22284
23098
29631
22285
29630
7649
19128
14994
22305
22306
22307
22308
22309
19652
22300
22301
22302
22303
22304
101
5009
