23328
23329
8532
23321
23322
23323
23324
23325
23326
20578
23327
14973
23339
18380
23331
23332
23333
23334
24422
23335
23336
23337
23338
23330
8813
17699
2452
8030
22579
25284
17828
17706
17149
15092
21536
8041
3267
18924
7628
1527
13633
7508
17955
20533
25826
25825
25828
25827
19264
25829
4256
4498
23002
25820
23642
25822
25821
25824
25823
5233
25831
25830
25833
25832
9306
17897
17537
23342
23343
23344
23345
23346
23347
23348
23349
19929
23340
23341
16264
25815
25814
25817
25816
25819
25818
22828
23353
23354
23355
23356
23357
25813
25812
740
23350
23351
23352
10961
