5224
24134
24135
24136
24137
24851
24138
24139
24130
24131
24132
24133
36522
9857
20170
2827
10334
11227
21479
38371
38372
9155
38373
18622
38374
38375
38376
38377
38378
24145
24146
24147
23895
24148
21439
24149
20622
24140
24141
24142
24143
12608
24144
38379
7622
36585
24115
24116
24117
24118
24119
25160
24150
24151
24152
24153
22097
24154
34608
18436
16539
19209
33756
15888
38195
16261
7830
18083
23111
24123
24124
24125
24126
24127
24128
25733
24129
11539
30278
23074
24120
24121
22582
23154
24122
32937
13079
13634
