18014
17960
18015
17961
18016
17962
18017
18010
18011
18012
18013
2430
2551
2550
2427
2548
2426
2547
2425
2546
2667
2424
2545
2423
2544
2422
2543
2421
2542
2420
2541
17967
17968
17969
17963
18018
17964
2429
17965
2428
2549
17966
17970
17971
17972
17973
2562
2441
2561
2440
2560
2438
2559
2437
2558
2436
2557
2435
2556
2434
2555
2433
2554
2432
2553
2431
2552
8
17978
17979
17974
17975
17976
2439
17977
2573
2452
2572
2451
2571
2450
2570
370
2449
2569
2448
2568
2447
2567
2446
2566
2445
17949
2565
2444
2564
2443
2563
2442
17946
17947
17948
939
18003
18004
17950
18005
17951
18006
18000
18001
18002
2584
2463
2583
2462
2582
2461
2581
2460
2580
1490
2459
2579
2458
2578
2457
2577
2456
2576
2455
2575
2454
2574
2453
17956
17957
17958
17959
17952
18007
17953
18008
17954
18009
17955
7485
2474
2473
2593
2472
2592
2471
2591
2470
2590
2469
2589
2468
2588
2467
2587
2466
2586
2465
2585
2464
11025
2109
2485
2484
2483
2482
2481
2480
284
2479
2478
2477
2476
2475
2375
2496
2374
2495
2373
2494
2372
2493
2371
2492
2370
2491
2490
2489
2488
2487
2486
1834
2386
2385
2384
2383
2382
2381
2380
2379
2378
2499
2377
2498
2376
2497
5422
2397
1186
2396
2395
2394
2393
2392
2391
2390
2943
992
2389
2388
2387
6866
15839
2399
2398
648
4233
14042
2504
2503
2502
2501
2500
1651
4006
2509
2508
2507
2506
2505
2515
2514
2513
2512
2511
2510
2519
2518
2517
2516
17981
17982
17983
17984
14354
17980
8193
2405
2526
2404
2525
2403
2524
2402
2523
2401
2522
2400
2521
1431
2520
17989
10430
2409
17985
2408
2529
17986
2407
2528
17987
2406
2527
17988
17992
17993
17994
8881
17995
17990
17991
2540
2416
2537
2415
2536
2414
2535
2413
2534
2412
2533
2411
2532
2410
2531
2530
12067
4951
17996
2419
17997
2418
2539
17998
2417
2538
17999
