18693
2991
25345
3285
29821
26195
26194
26197
1731
11901
26196
26199
29820
26198
23120
10450
1938
22909
26191
5934
26190
26193
26192
9674
1033
26203
3573
26202
26205
26204
25437
26207
26206
26209
26208
27450
28543
26201
26200
15755
4776
12800
8815
27290
29809
29808
29807
8235
26213
26173
26172
26175
26174
17707
26177
26210
26176
26179
26212
25045
26178
26211
10111
18439
11292
29819
5253
29818
23719
29813
18084
29812
26546
29811
29810
9571
29817
29816
29815
29814
26184
26183
26186
27074
1962
22380
26185
10969
26188
26187
25211
425
26189
26180
26182
26181
