19341
119
11467
10773
19513
9877
28745
28746
28749
28747
28748
28187
765
25564
26371
26370
26373
26372
17425
18247
2461
2212
24121
4998
16671
21344
26357
26356
26359
26358
28770
28771
26351
26350
26353
26352
26355
26354
15985
11150
26368
26367
26369
21636
26360
26362
26086
26361
26364
26363
26366
26365
14544
24715
15162
19123
26214
28756
28757
28754
21726
28755
28758
28759
28752
28753
28750
28751
17624
14910
20488
18446
23474
26346
28767
26345
28768
26348
28765
24444
26347
28766
9330
26349
28769
28760
15618
26342
28763
24680
26341
28764
25651
26344
28761
13719
26343
28762
10963
