9026
5022
9469
24939
4771
3563
9181
19460
470
8054
28572
28573
28570
28571
28576
28574
28575
10010
15627
11744
19825
28050
22009
31619
28547
28548
3297
28545
28546
28549
3847
11316
31621
31620
28543
28544
23131
28542
448
12003
31623
31622
31624
5482
16130
9568
31609
31608
28558
28438
28559
28556
28557
24071
28550
28551
1952
31610
28554
28555
28552
28553
31616
31615
31618
10232
31617
31612
31611
31614
31613
9455
21895
27717
28569
26744
28567
28568
22389
27639
28561
3826
28562
28560
28565
24120
28566
28563
28564
31605
21293
31607
11178
31606
