18256
9466
17086
4298
29868
29867
29866
29865
30061
23127
4292
27846
29869
792
29860
29864
22393
29863
29862
29861
30340
12111
13643
11740
30869
10971
9675
19552
29879
29878
29877
24302
29876
25956
29871
30893
29870
30892
29875
29874
29873
30891
29872
30890
10782
13014
1309
7146
8555
21727
25842
29849
29848
30882
30881
30884
135
30883
30880
23220
30164
30889
26090
15763
30886
30885
30888
30887
17156
21852
9017
9336
29857
29856
29855
29854
23754
29859
23954
29858
30871
30870
30873
30872
29853
29852
29851
29850
30879
11176
30878
30875
30874
2737
30877
30876
