3640
3516
3638
3515
3639
31354
3514
3513
3512
3511
3510
3630
3631
3632
3633
3634
3519
3635
3518
3636
3517
3637
12
37562
3650
3651
3530
3527
3649
3526
3525
3524
3523
3522
3521
3520
3641
3642
3643
3644
3645
3646
3529
3647
3528
3648
3660
3661
3662
3541
3540
3538
3537
3536
3535
3534
3533
3532
3531
3652
3653
3654
3655
3656
3657
3658
3539
3659
3670
3671
3672
3673
3552
3551
3550
3549
38519
3548
3547
3546
3545
3544
3543
3542
943
3663
3664
3665
3666
3667
3668
3669
3680
3681
3682
3683
3684
3563
3562
3561
3560
35592
3559
3558
3557
3556
3555
3554
3553
3674
3675
3676
3677
3678
3679
36327
3690
3691
3692
3693
3694
3695
3453
3574
3573
3572
3571
3570
288
3569
3568
3567
3566
2113
3565
2596
3564
3685
3686
3687
3688
21072
3689
3464
3585
3463
3584
2373
3462
3583
3461
3582
3460
3581
3580
3459
3458
3579
3457
3578
3456
3577
3455
3576
3454
3575
3696
3697
3698
1838
3699
21177
3475
3596
3474
3595
3473
3594
3472
3593
3471
3592
3470
3591
3590
3469
3468
3589
3467
3588
3466
3587
3465
3586
3486
3485
3484
3483
3482
3481
3480
3479
3478
3599
3477
3598
3476
3597
36767
1190
3497
26049
3496
3495
3494
3493
3492
3491
3490
28340
3489
3488
3487
11681
652
3499
20708
3498
33474
38368
15129
3704
3705
3706
3707
3700
31964
3701
3702
3703
1655
3604
3603
3602
3601
3600
37809
3609
3608
3607
3606
3605
37473
3183
3615
3614
1435
3613
2886
3612
3611
3610
30847
3619
3618
3617
3616
3505
3626
3504
3625
3503
3624
3502
3623
3501
3622
3500
3621
3620
3509
39407
3508
3629
39406
3507
3628
39409
3506
3627
39408
