4970
4971
4969
1457
4961
4962
4963
4964
4965
4966
4967
4968
4980
4981
4982
4972
4973
4974
4975
4976
4977
4978
4979
4990
4991
4992
4993
4983
4984
4985
4986
4987
4988
4989
4994
4995
4996
4997
4998
4999
949
4890
4891
4892
4893
4894
6829
4886
4887
4888
4889
4663
2119
3202
4895
4896
4897
4898
5624
4899
4416
4432
3458
2379
4679
8810
2393
8808
8809
8802
8803
8800
8801
8806
8807
8804
8805
8820
8821
1196
8819
8813
8814
8811
8812
8817
8818
8815
8816
8831
8832
8830
8824
658
8825
8822
8823
8828
8829
8826
8827
8842
8843
8840
8841
8835
8836
8833
8834
8839
8837
8838
8850
5100
8853
5101
8854
5102
8851
5103
8852
311
8846
8847
8844
8845
8848
8849
8860
8861
5110
5111
8864
5112
8865
5113
8862
5114
8863
8621
5104
8857
5105
8858
5106
8855
5107
8856
5108
5109
8859
5120
5121
5000
5122
5001
5123
5002
5124
5003
5125
5004
3189
5115
8868
5116
8869
5117
8866
5118
8867
5119
5130
5131
5010
5132
5011
5133
5012
5134
5013
5135
5014
5136
5015
5126
5005
5127
5006
5128
5007
5129
5008
5009
5140
8772
5141
5020
8773
5142
5021
5143
5022
5144
5023
8776
5145
5024
8777
5146
5025
8774
5147
5026
8775
5137
5016
5138
5017
5139
5018
5019
5030
8783
5031
8784
5032
8781
5033
8782
5034
8787
5035
8788
5036
8785
18
5037
8786
4180
8780
5148
5027
5149
5028
5029
8778
8779
5041
8794
4195
5042
8795
5043
8792
5044
8793
5045
8798
7587
5046
8799
5047
8796
5048
8797
8790
8791
5040
5038
5039
8789
33
5052
5053
5054
5055
5056
5057
5058
5059
5050
5051
5049
5063
5064
5065
5066
5067
5068
5069
5060
5061
5062
5074
5075
5076
5077
5078
5079
5070
5071
5072
5073
5085
5086
5087
5088
5089
5080
5081
294
5082
5083
5084
5096
5097
5098
5099
5090
5091
5092
5093
5094
5095
1844
7282
6080
7053
1860
4903
2602
4904
4905
4906
4907
4908
4909
4900
4901
4902
4914
4915
4916
4917
4918
4919
4910
4911
4912
4913
4925
4926
4927
4928
4929
4920
4921
3712
4922
4923
4924
4936
4937
4938
4939
1661
4930
4931
4932
4933
3724
3966
4934
4935
2892
4947
4948
4949
1672
4940
4941
4942
4943
4944
4945
4946
4960
4958
4959
1441
4950
4951
4952
4953
4954
1209
4955
4956
4957
