6351
6350
6353
6352
6355
6354
6357
6356
351
6348
6347
6349
6362
6361
6364
4186
5154
6363
6366
6365
6368
6367
6488
6360
6359
6358
6373
6372
6375
6374
6377
6376
6379
6378
6371
15081
6370
6369
6384
6383
6386
6385
6388
6387
6389
6380
6382
6381
700
5845
6395
6394
6397
6396
4891
6399
6398
6391
6390
6393
6392
11701
955
6285
6287
6286
6289
6288
6296
6295
6298
8352
6297
5882
6299
15046
3462
6290
6292
6291
6294
6293
13549
4422
4669
11369
2384
1849
12588
15263
15262
15141
15261
15260
15267
15266
15265
15264
6071
15269
15268
15274
15273
15272
15271
15278
15277
6401
15276
6400
15275
3497
15270
2159
11116
15241
15240
6410
15245
15244
6412
15243
6411
15242
6403
15249
12773
6402
15248
6405
15247
2608
6404
15246
6407
6406
6409
6408
15252
15251
15250
6300
6421
15256
6420
15255
6302
6423
15254
6301
6422
15253
1888
300
6414
6413
15259
6416
15258
6415
15257
6418
6417
6419
6430
6311
6432
15223
6310
6431
15222
6313
6434
15221
6312
6433
15220
3717
6304
6425
15227
6303
6424
15226
6306
6427
15225
6305
6426
15224
6308
6429
6307
6428
15229
6309
15228
15230
6320
6441
6440
6322
6443
15234
6321
6442
15233
6324
6445
15232
6323
6444
15231
1667
6315
6436
15238
6314
6435
15237
6317
6438
15236
6316
6437
15235
6319
6318
6439
15239
6450
6331
6452
6330
6451
6333
6454
6332
6453
6335
6456
6334
6455
9282
6326
6447
3972
6325
6446
6328
6449
6327
6448
6329
2649
6340
6342
6341
5375
6344
6343
6346
6345
3195
1447
1202
6337
6458
6336
6457
6339
6338
6459
15219
