18370
4188
20904
20903
20902
20901
20900
2679
12602
25
6807
6806
6809
6808
6801
1915
6800
6803
6802
6805
6804
16188
6818
6817
6819
6810
3785
6812
6811
6814
6813
5847
6816
6815
9300
20899
6708
6707
6709
6700
6821
6820
6702
957
6701
6822
6704
6703
6706
6705
6285
6720
6719
6718
6711
6710
6713
6712
6715
6714
6717
6716
4671
6731
6730
3464
6729
6722
4423
6721
6724
6723
6726
12215
6725
6728
6727
6740
16389
6742
6741
2386
6733
6732
6735
6734
6737
6736
6739
6738
6751
6750
6753
6752
6073
6744
6743
6746
6745
6748
6747
6749
6760
6762
6761
6764
6763
15154
3253
6755
6754
6757
6756
6759
6758
20950
6771
6770
6773
6772
13067
6654
6775
6653
6774
20949
6766
6765
6768
6767
6769
6780
6661
6782
6660
6781
6663
6784
6662
6783
6665
6786
6664
6785
19970
664
2610
302
6656
6777
6655
6776
6658
6779
16589
6657
6778
6659
6670
6791
6790
6672
6793
9144
6671
6792
6674
6795
6673
6794
6676
6797
6675
6796
20937
20936
20935
20934
20933
20932
20931
20930
3718
20929
20928
20927
6667
6788
6666
6787
16799
6669
17529
6668
6789
6681
20940
6680
6683
6682
6685
6684
6687
6686
20948
20947
20946
20945
20944
20943
20942
20941
1668
20939
20938
6678
6799
6677
6798
15479
6679
6692
6691
6694
6693
6696
6695
17186
6698
6697
20915
20914
20913
20912
20911
20910
6690
20909
20908
20907
20906
20905
6689
6688
6460
20926
20925
20924
3197
20923
20922
20921
20920
1448
1204
2898
20919
20918
20917
20916
6699
