7440
7321
7442
7320
7441
7323
7444
7322
7443
7325
7446
7324
7445
10537
13924
5379
7316
7437
7315
7436
7318
7439
3996
7317
7438
12278
7319
7330
7451
7450
7332
7453
7331
7452
7334
14100
7333
14101
5157
7336
7335
7327
7448
14104
7326
7447
14105
7329
14102
7328
7449
14103
14108
14109
14106
14107
10665
7341
7340
7343
7342
26
7345
7344
7347
7346
4190
7338
7337
7339
7352
7351
7354
7353
7356
7355
7358
7357
7350
7349
7348
7363
14096
7362
14097
7365
14094
7364
14095
7367
7366
7369
14098
7368
14099
14092
14093
7361
14090
7360
14091
5618
7359
959
6824
2901
7374
7373
6287
7376
7375
7378
7377
7379
7370
7372
7371
62
7385
14074
7384
14075
7387
14072
7386
14073
7389
14078
7388
14079
14076
14077
7381
14070
7380
14071
7383
7382
2127
7396
14085
7395
14086
7277
7398
14083
7276
7397
14084
7279
14089
7278
7399
14087
14088
7390
7392
14081
7391
14082
7394
7393
14080
7286
14052
7285
14053
7288
14050
7287
14051
14056
7289
14057
14054
14055
7280
2151
7282
7281
6074
7284
7283
14058
14059
7297
14063
7296
14064
7299
14061
7298
14062
14067
14068
14065
14066
7291
7290
7293
3492
7292
14060
7295
7294
4699
14069
1880
14038
14039
14037
14041
14042
14040
14045
14046
14043
7995
14044
2613
666
305
14049
6655
14047
14048
7400
13166
7402
7401
3719
6682
7411
7410
7413
7412
7404
7403
7406
7405
7408
7407
7409
7420
7301
7422
14111
8875
7300
7421
14112
7303
7424
7302
7423
14110
696
2641
7415
14115
7414
14116
7417
12059
14113
7416
14114
7419
3976
7418
7310
7431
7430
7312
7433
7311
7432
7314
7435
7313
7434
1450
3198
341
1206
7305
7426
8637
7304
7425
7307
7428
7306
7427
7309
7308
7429
