7682
7681
7684
7683
7686
7685
7688
7687
7680
4050
5381
28297
28298
28295
28296
27763
28299
7679
7678
28290
28293
28294
28291
28292
7693
7692
14460
7695
7694
7697
7696
7699
7698
7691
7690
24022
7689
7585
7584
7587
27
7586
7589
7588
5159
7594
7593
7596
7595
7598
7597
5851
7599
7590
7592
7591
28286
28287
28284
28285
28288
28289
4997
10884
21093
28282
28283
14772
2902
6164
6289
961
6729
4426
24329
7277
7710
18320
7709
7708
3468
4675
7701
7700
7703
7702
7705
7704
7707
7706
7600
7721
7720
2390
7719
1853
7712
7711
7714
7713
7716
7715
7718
7717
7730
7611
7732
7610
7731
7609
7602
7723
7601
7722
7604
7725
7603
7724
7606
7727
7605
7726
7608
7729
7607
7728
7620
7741
7740
7622
7743
7621
7742
7613
7734
7612
7733
7615
7736
7614
7735
7617
7738
7616
7737
7619
19605
7618
7739
7750
7631
7752
7630
7751
7633
7754
7632
7753
668
7624
7745
7623
7744
7626
7747
6657
7625
7746
7628
7749
7627
7748
7629
7640
7642
7641
7644
7643
7635
7756
7634
7755
7637
7636
7639
7638
7651
7650
7653
14144
7652
7655
7654
28305
1670
28306
28303
28304
28301
28302
28300
7646
7645
7648
3721
7647
7649
7660
7662
7661
5243
7664
21200
7663
7666
7665
5480
7657
7656
7659
7658
7671
13392
7670
6463
7673
7672
7675
7674
7677
7676
1451
3199
21459
7668
7667
7669
