8651
8652
8770
8650
8771
5386
8655
8656
8653
8654
25101
8648
8769
8649
8646
8767
8647
8768
34508
8662
8663
8660
8661
8666
8667
8664
8665
8659
8657
8658
4194
8673
8674
8671
8672
8677
8678
8675
8676
8670
5161
12939
8668
8669
8684
8685
8682
8683
8688
8689
8686
8687
8680
8681
8679
15417
8695
8696
8693
8694
8699
8697
8698
8691
8692
8690
6828
5854
2905
8328
7378
967
4431
2130
28351
32189
5753
3345
4678
26061
6079
21022
2392
7281
8494
1859
8700
6763
7052
28588
26818
8710
8711
8709
8703
8704
8701
8702
8707
8708
8705
8706
8721
8722
8720
8163
8714
8715
8712
8713
8718
8719
8716
8717
8732
8733
8730
8731
28899
310
8725
8726
8723
8724
8729
8727
8728
8740
8622
8743
8623
8744
8741
17099
8621
8742
8736
8737
8734
8735
8738
8739
32910
8750
8630
8751
8633
8754
8634
8755
8631
8752
8632
8753
34646
34645
30045
34644
34643
34642
34641
34640
8626
8747
8627
8748
8624
8745
8625
8746
34649
8628
8749
34648
8629
34647
8640
8761
8641
8762
8760
8644
8765
8645
8766
8642
8763
8643
8764
31481
34635
34634
34633
8637
8758
8638
8759
8635
8756
8636
8757
34639
34638
1208
8639
34637
34636
