8894
24939
24938
5388
1212
24946
24945
24948
24947
24949
7457
24940
24942
24941
24944
24943
9400
9403
4199
9404
9401
9402
37
9405
14689
9300
9301
9304
9305
9302
2909
9303
1931
5856
9311
20665
9312
8221
9310
9315
9316
23817
9313
9314
1028
3206
6832
9308
9309
9306
968
9307
5626
9322
9323
9320
9321
9326
9327
9324
9325
20759
6292
9319
9317
9318
9333
9334
9331
9332
9337
9338
9335
9336
9330
1723
12902
9328
9329
9344
9345
9342
9343
9348
9349
9346
9347
2397
9340
9341
9339
9355
21952
9356
9353
9354
9359
9357
9358
9351
9352
9350
9366
9367
9364
9365
7983
9368
9369
9362
9363
9360
9361
17303
4901
9377
14283
9378
22229
9375
15492
9376
9379
6664
9370
9373
9374
9371
9372
9267
9388
9268
9389
7761
9265
9386
9266
9387
9269
9380
9381
9263
9384
9264
9385
9382
9262
9383
10218
2621
313
676
9278
9399
9279
9276
9397
9277
9398
9270
9391
9271
9392
9390
9274
9395
9275
9396
9272
9393
9273
9394
14826
10108
9289
24957
24956
9287
24959
9288
24958
9281
9282
24951
9280
24950
9285
24953
9286
24952
9283
24955
9284
24954
9298
9299
9292
24960
9293
9290
9291
24961
9296
9297
9294
9295
10566
