8773
13360
9502
9503
9500
9501
1461
1213
6468
9510
9513
9514
9511
9512
10306
9506
13257
9507
13258
9504
9505
9508
13259
9509
9520
9521
5164
9524
13341
9525
13342
9522
9523
13340
11967
1234
9517
13345
9518
13346
9515
13343
9516
13344
13349
9519
13347
13348
9410
9531
9411
9532
9530
9414
9535
13352
9415
9536
13353
5179
9412
9533
13350
9413
9534
13351
9407
9528
13356
9408
9529
13357
9526
13354
9406
9527
13355
9409
13358
13359
9421
9422
8331
9420
9425
9426
13320
9423
9424
13329
9418
13323
9419
13324
9416
9537
13321
9417
13322
13327
5857
13328
13325
13326
9432
9433
9430
9431
8347
9436
13330
9437
13331
9434
9435
2910
3207
9429
13334
13335
9427
13332
9428
13333
10188
13338
13339
13336
13337
9443
9444
9441
9442
9447
9448
9445
9446
9440
13309
13307
13308
13301
13302
9438
9439
13300
2926
13305
13306
13303
13304
9454
9455
9452
9453
9458
9459
4200
9456
9457
3473
9450
9451
13318
13319
13312
13313
9449
13310
13311
13316
13317
13314
13315
9465
9466
9463
9464
9469
4452
9107
9467
9468
9461
9462
9460
2147
9476
9477
9474
9475
9478
9479
6083
9472
9473
9470
9471
1863
3487
9487
9488
9485
9486
9489
9480
6092
9483
9484
9481
9482
12771
4902
9498
9499
7992
9496
9497
6665
8962
9490
9491
9494
9495
9492
9493
13282
13283
13280
13281
13286
7762
13287
13284
13285
314
677
13288
13289
13293
13294
13291
13292
13297
13298
13295
7775
13296
13290
13299
13260
13261
13264
13265
13262
13263
692
1676
12057
13268
13269
13266
8504
13267
13271
13272
13270
13275
13276
13273
9732
13274
13279
13277
13278
