1066 1133
1027 1133
1060 1133
1035 1133
1044 1133
1052 1133
1049 1133
1057 1133
312 1133
1030 1133
1067 1133
1053 1133
1070 12
1061 1133
1045 1133
1042 1133
1211 1133
1031 1133
1034 1133
7360 1133
1028 1133
1036 1133
10 1133
1047 1133
382 1133
1039 1133
1071 1133
766 1133
1058 1133
1069 1133
698 1133
1038 1133
1055 1133
1063 1133
1041 1133
1046 1133
919 1133
4903 1133
6986 1133
1033 1133
1072 1133
1068 1133
1050 1133
1056 1133
1064 1133
1029 1133
1037 1133
1048 1133
1059 1133
1062 1133
1073 1133
1065 1133
1054 1133
1043 1133
1051 1133
1032 1133
1040 1133
