1184 1387
1170 1387
1206 1387
1123 1387
1136 1387
1154 1387
1205 1387
1199 1387
1119 1387
1219 1387
1140 1387
1185 1387
1166 1387
1221 1387
1135 1387
1138 1387
1155 1387
1171 1387
1210 1387
622 1387
1149 1387
1204 1387
1141 1387
1207 1387
1152 1387
1168 1387
1223 1387
104 1387
1122 1387
1218 1387
1179 1387
1198 1387
1134 1387
1187 1387
1209 1387
1125 1387
1165 1387
1181 1387
1147 1387
869 1387
1188 1387
1143 1387
1074 1387
1182 1387
1216 1387
1124 1387
1169 1387
1121 1387
1191 1387
1197 1387
3803 1387
1194 1387
204 1387
1115 1387
1178 1387
1172 1387
1118 1387
1175 1387
1222 1387
1137 1387
1150 1387
1156 1387
4752 1387
1153 1387
1203 1387
1145 1387
1200 1387
1114 1387
1159 1387
1214 1387
1128 1387
1162 1387
1192 1387
1131 1387
1176 1387
1193 1387
1158 1387
1213 1387
1132 1387
1177 1387
1163 1387
1127 1387
1160 1387
1146 1387
1201 1387
1215 1387
1144 1387
1157 1387
1212 1387
4893 1387
1133 1387
1130 1387
1142 1387
1117 1387
1217 1387
1195 1387
1120 1387
1173 1387
1208 1387
1151 1387
1196 1387
1190 1387
1139 1387
1202 1387
1174 1387
1116 1387
1186 1387
1189 1387
1129 1387
1183 1387
1126 1387
1167 1387
1164 1387
1180 1387
1161 1387
1211 1387
6405 1387
1148 1387
1220 14
