1298 1144
1292 1144
1306 1144
1314 1144
1322 1144
1336 1144
1331 1144
6225 1144
1328 1144
1289 1144
1344 1144
1305 1144
1319 1144
7367 1144
1327 1144
1340 1144
1313 1144
1321 1144
1293 1144
1332 1144
6956 1144
1335 1144
1346 1144
1288 1144
1338 1144
1343 1144
11 1144
7254 1144
1291 1144
1294 1144
1297 1144
1299 1144
1349 1144
1286 1144
870 1144
1330 1144
1303 1144
7366 1144
1300 1144
1295 1144
1350 1144
1311 1144
1317 1144
1287 1144
1342 1144
769 1144
1339 1144
699 1144
1333 1144
1341 16
1309 1144
1325 1144
1320 1144
1302 1144
1290 1144
1296 1144
1310 1144
1347 1144
1324 1144
1308 1144
1316 1144
1027 1144
1307 1144
1301 1144
1315 1144
7368 1144
1304 1144
1312 1144
1323 1144
1334 1144
1326 1144
3756 1144
1318 1144
1348 1144
1345 1144
1329 1144
1337 1144
