5168 968
1400 968
1427 968
1452 968
1389 968
1442 18
205 968
1397 968
1443 968
1451 968
1419 968
1436 968
1434 968
1428 968
1388 968
1402 968
1396 968
1437 968
1450 968
1433 968
1416 968
1441 968
1387 968
1446 968
1411 968
1403 968
1429 968
1454 968
1203 968
1391 968
6034 968
3246 968
1404 968
1453 968
1423 968
1447 968
1399 968
1410 968
1386 968
1417 968
1440 968
1418 968
1390 968
1398 968
1448 968
1435 968
1422 968
1405 968
1430 968
1457 968
1414 968
1456 968
1406 968
1421 968
1393 968
1449 968
1286 968
1412 968
1455 968
1415 968
1407 968
1424 968
1392 968
1420 968
1432 968
1438 968
1425 968
385 968
1395 968
1408 968
1445 968
502 968
1439 968
1401 968
1413 968
1426 968
1431 968
1444 968
771 968
1394 968
1409 968
