1486 31
1958 31
1562 31
970 31
1543 31
1950 31
1566 31
1547 31
1954 31
1533 31
1532 21
210 31
1386 31
1552 31
1290 31
1537 31
1556 31
1963 31
1953 31
1569 31
1844 31
1565 31
1540 31
1544 31
1957 31
1548 31
1561 31
1534 31
1559 31
700 31
392 31
1960 31
1530 31
1551 31
1964 31
1538 31
1555 31
1572 31
1541 31
1549 31
1956 31
1568 31
1545 31
1952 31
1564 31
1558 31
1965 31
1535 31
13 31
1531 31
1550 31
1554 31
1573 31
1961 31
1539 31
1546 31
1571 31
1959 31
1542 31
1567 31
1951 31
1563 31
1955 31
1560 31
1553 31
1574 31
1949 31
1536 31
1557 31
1570 31
1962 31
