2085 114
3572 114
1929 114
2114 114
2093 114
2106 114
1077 114
2088 36
3573 114
2086 114
2084 114
2113 114
3571 114
2105 114
2104 114
2094 114
2103 114
2117 114
2082 114
2116 114
2095 114
2102 114
3578 114
2115 114
3570 114
1031 114
2096 114
2083 114
3577 114
2080 114
2101 114
2119 114
3569 114
2099 114
2110 114
1533 114
2097 114
703 114
2089 114
2090 114
2118 114
639 114
2100 114
2109 114
2081 114
3576 114
2098 114
2091 114
2108 114
1722 114
2837 114
2112 114
2681 114
3575 114
2107 114
2092 114
2111 114
2087 114
3574 114
