482 357
385 357
393 357
377 357
405 357
5521 357
448 357
431 357
474 357
5511 357
432 4
458 357
415 357
395 357
484 357
492 357
466 357
423 357
379 357
433 357
446 357
403 357
480 357
383 357
476 357
489 357
421 357
494 357
464 357
451 357
5518 357
417 357
397 357
452 357
495 357
5517 357
400 357
478 357
381 357
435 357
445 357
418 357
428 357
402 357
5515 357
399 357
462 357
488 357
471 357
441 357
454 357
3501 357
424 357
411 357
467 357
437 357
409 357
392 357
469 357
439 357
407 357
426 357
5513 357
413 357
3 357
443 357
456 357
430 357
388 357
473 357
328 357
490 357
2903 357
486 357
460 357
198 357
457 357
414 357
5512 357
465 357
491 357
394 357
422 357
386 357
378 357
483 357
440 357
406 357
449 357
5520 357
475 357
463 357
493 357
5519 357
416 357
390 357
459 357
450 357
420 357
5510 357
396 357
404 357
481 357
429 357
447 357
2189 357
384 357
434 357
477 357
5522 357
380 357
398 357
487 357
427 357
401 357
419 357
444 357
461 357
470 357
5516 357
453 357
496 357
479 357
410 357
382 357
436 357
408 357
438 357
391 357
387 357
468 357
455 357
442 357
472 357
5514 357
485 357
4331 357
389 357
412 357
98 357
425 357
