1220
1341
1340
1217
1338
6906
1216
1337
6905
1215
1336
2788
6908
1214
1335
6907
1213
1334
1212
1333
6909
1211
1332
1210
1331
6900
6902
6901
1219
6904
1218
1339
6903
1110
1231
1352
1230
1351
1350
1107
1228
1349
6917
1106
1227
1348
6916
2
1105
1226
1347
6919
1104
1225
1346
6918
1103
1224
1345
1102
1223
1344
1101
1222
1343
1100
1221
1342
6911
6910
6913
6912
1109
6915
3889
1108
1229
6914
1121
1242
1363
1120
1241
1362
1240
1361
1360
1118
1239
6807
6928
1117
1238
1359
6806
6927
1116
1237
1358
6809
1115
1236
1357
6808
6929
1114
1235
1356
1113
1234
1355
1112
1233
1354
1111
1232
1353
6920
6801
6922
6800
6921
6803
6924
6802
6923
6805
6926
1119
6804
6925
6940
1132
1253
1374
3552
1131
1252
1373
1130
1251
1372
1250
1371
1370
1129
6818
6939
1128
1249
6817
6938
1127
1248
1369
1126
1247
1368
6819
1125
1246
1367
1124
1245
1366
1123
1244
1365
1122
1243
1364
6810
6931
6930
6812
6933
6811
6932
6814
6935
6813
6934
6816
6937
6815
6936
6830
6951
6950
1143
1264
1142
1263
1141
1262
1140
1261
1382
1260
1381
1380
6708
6829
1139
6707
6828
6949
1138
1259
1137
1258
1379
6709
1136
1257
1378
1135
1256
1377
1134
1255
1376
1133
1254
1375
6700
6821
6942
6820
6941
6702
6823
6944
6701
6822
6943
6704
6825
6946
6703
6824
6945
6706
6827
6948
6705
6826
6947
6960
6720
6841
6962
6840
6961
1033
1154
1275
1032
1153
1274
1031
1152
1273
1030
1151
1272
1150
1271
2481
1270
6719
1029
6718
6839
1149
1148
1269
1147
1268
1146
1267
1145
1266
1144
1265
6711
6832
6953
6710
6831
6952
6713
6834
6955
6712
6833
6954
6715
6836
6957
6714
6835
6956
4537
6717
6838
6959
6716
6837
6958
6850
6971
6970
6731
6852
6973
6730
6851
6972
1044
1165
1286
1043
1164
1285
1042
1163
1284
1041
1162
1283
1040
1161
1282
1160
1281
1280
6729
1039
1038
1159
1037
1158
1279
1036
1157
1278
1035
1156
1277
1034
1155
1276
1397
6722
6843
6964
6721
6842
6963
6724
6845
6966
5997
6723
6844
6965
6726
6847
6968
6725
6846
6967
6728
6849
6727
6848
6969
6980
6740
6861
6982
6860
6981
6742
6863
6984
6741
6862
6983
1055
1176
1297
1054
1175
1296
1053
1174
1295
1052
1173
1294
1051
1172
1293
1050
1171
1292
1170
1291
1290
1049
1048
1169
1047
1168
1289
1046
1167
1288
1045
1166
1287
6733
6854
6975
6732
6853
6974
6735
6856
6977
6734
6855
6976
6737
6858
6979
6736
6857
6978
6739
6738
6859
6870
6991
6990
6751
6872
6993
6750
6871
6992
6753
6874
6995
6752
6873
6994
1066
1187
1065
1186
1064
1185
1063
1184
1062
1183
2151
1061
1182
1060
1181
1180
1059
1058
1179
1057
1178
1299
1056
1177
1298
6744
6865
6986
6743
6864
6985
6746
6867
6988
6745
6866
6987
6748
6869
6747
6868
6989
6749
1190
6760
6881
6880
6762
6883
6761
6882
6764
6885
6763
6884
1077
1198
1076
1197
1075
1196
1074
1195
1073
1194
1072
1193
1071
1192
1070
1191
1069
1068
1189
1067
1188
6755
6876
6997
6754
6875
6996
6757
6878
6999
6756
6877
6998
6759
6758
6879
1080
6890
6771
6892
6770
6891
6773
6894
6772
6893
6775
6896
6774
6895
1088
1087
1086
1085
1084
1083
1082
1081
1079
1078
1199
6766
4224
6887
6765
6886
6768
6889
6767
6888
6769
1091
6780
1090
6782
6781
6784
6783
6786
6785
1099
1098
1097
1096
1095
1094
1093
1092
1089
6777
6898
6776
6897
6779
6778
6899
6791
6790
6793
6792
6795
6794
6797
6796
6788
6787
6789
5592
680
6799
6798
6692
3181
6691
6694
6693
6696
6695
6698
6697
6690
696
5247
6699
18
364
6376
380
7000
7002
7001
7004
7003
7006
7005
7010
7008
7007
7009
1748
1305
1304
1303
1302
4939
1301
1300
1309
1308
1307
1306
1316
1315
1314
1313
1312
1311
1310
1319
1318
1317
1330
1206
1327
1205
1326
1204
1325
1203
1324
1202
1323
1201
1322
1200
1321
1320
1209
1208
1329
1207
1328
