1220
1341
1340
1217
1338
11504
11625
1216
1337
11503
11624
1215
1336
11506
11627
1214
1335
11505
11626
1213
1334
11508
11629
1212
1333
11507
11628
1211
1332
1210
1331
11509
11500
11621
11620
1219
11502
11623
1218
1339
11501
11622
1110
1231
1352
1230
1351
1350
1107
1228
1349
11515
11636
1106
1227
1348
11514
11635
2
1105
1226
1347
11517
11638
1104
1225
1346
11516
11637
1103
1224
1345
11519
1102
1223
1344
11518
11639
1101
1222
1343
1100
1221
1342
11630
11511
11632
11510
11631
1109
11513
11634
1108
1229
11512
11633
1121
1242
1363
1120
1241
1362
1240
1361
1360
1118
1239
11603
1117
1238
1359
11602
1116
1237
1358
11605
1115
1236
1357
11604
1114
1235
1356
11607
1113
1234
1355
11606
1112
1233
1354
11609
1111
1232
1353
11608
10751
11601
1119
11600
1132
1253
1374
1131
1252
1373
1130
1251
1372
1250
1371
1370
1129
11614
1128
1249
11613
1127
1248
1369
11616
1126
1247
1368
11615
1125
1246
1367
11618
1124
1245
1366
11617
1123
1244
1365
1122
1243
1364
11619
11610
11612
11611
5606
1143
1264
1142
1263
1141
1262
1140
1261
1382
1260
1381
1380
11702
1139
11701
1138
1259
11704
1137
1258
1379
11703
1136
1257
1378
11706
1135
1256
1377
11705
710
1134
1255
1376
11708
1133
1254
1375
11707
6703
11700
1033
1154
1275
1032
1153
1274
11709
1031
1152
1273
1030
1151
1272
1150
1271
1270
11713
1029
11712
1149
11715
1148
1269
11714
1147
1268
11717
1146
1267
11716
3566
1145
1266
1144
1265
11718
11711
11710
4551
1044
1165
1286
1043
1164
1285
2495
1042
1163
1284
1041
1162
1283
1040
1161
1282
1160
1281
1280
1039
1038
1159
1037
1158
1279
1036
1157
1278
1035
1156
1277
1034
1155
1276
1055
1176
1297
1054
1175
1296
1053
1174
1295
1052
1173
1294
1051
1172
1293
1050
1171
1292
1170
1291
1290
1049
1048
1169
1047
1168
1289
1046
1167
1288
1045
1166
1287
10370
11580
11461
11582
11460
11581
1066
1187
1065
1186
1064
1185
1063
1184
1062
1183
1061
1182
1060
1181
1180
1059
1058
1179
1057
1178
1299
1056
1177
1298
11463
11584
11462
11583
11465
11586
11464
11585
11467
11588
11466
10014
11587
11469
11468
11589
1190
11470
11591
11590
11472
11593
11471
11592
1077
1198
1076
1197
2165
1075
1196
1074
1195
1073
1194
1072
1193
1071
1192
1070
1191
1069
1068
1189
1067
1188
11474
11595
11473
11594
11476
11597
11475
11596
11478
11599
11477
11598
7608
11479
1080
7982
11560
11681
11680
1088
1087
1086
1085
1084
1083
1082
1081
11449
11448
11569
1079
1078
1199
11441
11562
11683
11440
11561
11682
11443
11564
11685
11442
11563
11684
11445
11566
11687
11444
11565
11686
11447
11568
11689
11446
11567
11688
1091
1090
11690
11450
11571
11692
11570
11691
1099
1098
1097
1096
1095
1094
1093
1092
11459
1089
11452
11573
11694
11451
11572
11693
11454
11575
11696
4238
11453
11574
11695
11456
11577
11698
11455
11576
11697
11458
11579
11457
11578
11699
11427
11548
11669
11426
11547
11668
11429
11428
11549
8967
11540
11661
11660
11421
11542
11663
11420
11541
11662
11423
11544
11665
11422
11543
11664
11425
11546
11667
11424
11545
11666
11670
680
11438
11559
11437
11558
11679
11439
11430
11551
11672
11550
11671
11432
11553
11674
11431
11552
11673
11434
11555
11676
11433
11554
11675
11436
11557
11678
11435
11556
11677
8618
11405
11526
11647
11404
11525
11646
11407
11528
11649
11406
11527
11648
11409
11408
11529
11520
11641
11640
11401
11522
11643
11400
11521
11642
11403
11524
11645
11402
11523
11644
3195
11416
11537
11658
11415
11536
11657
11418
11539
11417
11538
11659
11419
11650
11410
11531
11652
11530
11651
11412
11533
11654
11411
11532
11653
11414
11535
11656
11413
11534
11655
5261
7324
364
6011
32
11052
8337
6390
394
11397
11399
11398
7023
11481
11480
11483
11482
11485
11484
11487
11486
11489
11488
2802
11490
11492
11491
11494
11493
9690
3903
11496
11495
11498
11497
11499
9347
1762
1411
1305
1304
1303
1302
1301
1300
1309
1308
1307
1306
1316
1315
1314
1313
1312
1311
1310
1319
1318
1317
1330
1206
1327
1205
1326
1204
1325
1203
1324
1202
1323
1201
1322
1200
1321
1320
4953
1209
1208
1329
1207
1328
