7322
74632
67427
10778
10899
10777
10898
10779
10770
10891
5259
10890
27080
10772
10893
18816
10771
10892
10774
10895
10773
10894
10776
10897
10775
10896
43440
10789
10788
41817
10781
10780
10783
10782
10785
10784
10787
10786
11041
11040
11043
11042
10756
10877
10998
10755
10876
10997
10758
10879
10757
10878
10999
51782
10759
10990
11045
11044
6009
10750
10871
10992
11047
10870
10991
11046
10752
10873
10994
11049
30
10751
10872
10993
11048
10754
10875
10996
10753
10874
10995
67455
11050
6388
11051
68666
10767
10888
10766
10887
10769
10768
10889
10880
10761
10882
10760
10881
10763
10884
40270
5604
10762
10883
10765
10886
708
10764
10885
7241
11021
8335
11020
69409
392
10855
10976
32643
10854
10975
10857
10978
10856
10977
10859
35357
10858
10979
11023
11022
10970
11025
6701
11024
10851
10972
11027
10850
10971
11026
10853
10974
11029
10852
10973
11028
11030
11032
11031
10866
10987
10865
10986
10868
10989
289
10867
10988
10869
3564
11034
11033
10860
10981
11036
10980
11035
10862
10983
11038
10861
10982
11037
10864
10985
10863
10984
11039
7021
75789
75788
9688
75787
75786
10829
75785
75784
2493
75783
10833
10954
11009
2800
10832
10953
11008
10835
10956
10834
10955
10837
10958
10836
10957
10839
10838
10959
11001
11000
11003
11002
10950
11005
618
11004
4549
10831
10952
11007
10830
10951
11006
65871
11010
75793
75792
75791
75790
10844
10965
10843
10964
11019
10846
10967
10845
10966
10848
10969
10847
10968
10849
11012
11011
11014
11013
10840
10961
11016
10960
11015
10842
10963
11018
3901
10841
10962
11017
9345
44389
70796
10808
10929
10807
10928
10809
66856
10811
10932
10810
10931
10813
10934
10812
10933
10815
10936
10814
10935
10817
10938
1056
10816
10937
10012
10930
40451
10819
10818
10939
2163
10822
10943
10821
10942
10824
10945
10823
10944
10826
10947
10825
10946
10828
10949
10827
10948
7606
10820
10941
3802
10940
7980
65784
10907
10906
10909
10908
10910
10912
10911
10914
10913
10916
10915
56959
74808
72522
10918
10917
10919
10800
10921
10920
10802
10923
10801
10922
10804
10925
10803
10924
10806
10927
1760
10805
10926
4236
1409
10368
67506
72097
61888
9936
8965
17768
46877
10901
10900
10903
10902
10905
10904
8616
10790
71460
20238
10799
10792
8869
10791
10794
10793
10796
47151
56515
10795
10798
10797
63974
3193
25251
4951
