8097
12836
12957
12837
12958
12834
12955
12835
12956
12838
12959
12839
12950
12832
12953
12833
12954
12830
12951
12831
12952
47922
47923
47920
47921
47928
47929
47926
47927
47924
47925
12847
12968
12848
12969
12845
12966
35942
12846
12967
12849
12960
12840
12961
42591
12843
12964
12844
12965
12841
12962
12842
12963
47911
47912
47910
41498
47919
12809
47917
47918
47915
47916
47913
47914
12814
12935
10755
12815
12936
12812
12933
12813
12934
12818
12939
12819
12816
12937
12817
12938
12810
12931
12811
12932
11843
33514
11721
12930
47900
47901
47908
47909
47906
47907
47904
47905
47902
47903
12825
12946
12826
12947
12823
12944
12824
12945
12829
12827
12948
12828
12949
12821
12942
12822
12943
12940
12820
12941
12908
12909
12913
6707
12914
12911
12912
12917
3313
12918
12915
12916
5610
714
12910
20782
12919
3570
42678
12803
12924
12804
12925
12801
12922
12802
12923
29230
12807
12928
12808
12929
12805
12926
12806
12927
12920
12800
12921
28111
18437
18686
12902
12903
12900
12901
12906
2499
12907
12904
1166
12905
4555
47898
47899
12791
47896
12792
47897
43297
47894
12790
47895
1062
22356
10018
10374
12795
47892
12796
47893
12793
47890
12794
47891
12799
12797
12798
47889
47887
47888
47885
47886
44495
47883
47884
22127
47881
47882
47880
47878
47879
47876
47877
12890
47874
9800
12891
47875
47872
47873
24993
2169
12894
47870
7612
12895
47871
12892
12893
12898
12899
12896
12897
47867
47868
47865
47866
4242
47863
47864
47861
47862
47869
12784
7986
12785
47860
10486
12782
12783
12788
12789
8716
12786
12787
47856
8971
47857
12990
30180
47858
47859
12878
12999
12879
12872
12993
12873
12994
12870
12991
12871
12992
12876
12997
12877
12998
12874
12995
12875
12996
8622
12880
12889
12883
12884
12881
12882
12887
12888
12885
12886
43116
12858
12979
12859
12856
12977
12857
12978
12850
12971
12851
12972
12970
12854
12975
11400
12855
12976
12852
12973
12853
12974
44555
3199
12869
12867
12988
12868
12989
12861
12982
12862
12983
12980
12860
12981
12865
12986
12866
12987
12863
12984
12864
12985
5265
13000
13121
13001
13122
13120
13004
13125
13005
13126
13002
13123
13003
13124
13008
13129
13009
13006
13127
13007
13128
13011
13132
13012
13133
13130
13010
13131
13015
13136
13257
13016
13137
13013
13134
7328
13014
13135
13019
13017
13138
13018
13139
13100
6015
13109
13103
13587
13104
13101
13102
16852
13107
13108
13105
44083
13106
36
13110
13111
141
11056
13114
13115
47101
13112
13113
13118
13119
13116
13117
6394
398
8341
46356
36433
7027
2806
2924
12457
9694
3907
13084
13085
13082
13083
13088
13089
13086
13087
13080
13081
13095
13096
13093
13094
13099
13097
13098
9351
13091
13092
13090
13062
13063
13060
13061
13066
13067
13064
13065
13068
13069
13073
13074
13071
13072
13077
13078
13075
38355
13076
13070
1766
1882
13079
13040
13041
13044
12074
12195
13045
13042
13043
28413
1415
13048
13049
13046
13047
13051
13052
13050
13055
13056
13053
13054
13059
13057
13058
13140
13022
13143
13023
13144
13020
13141
13021
13142
13026
13147
13027
13148
13024
13145
13025
13146
13028
13149
13029
13150
13030
13151
13033
13154
13034
13155
13031
13152
13032
13153
16540
13037
13038
13035
13156
13036
13157
13039
4957
