12836
12957
12837
12958
12834
12955
12835
12956
35831
12838
12959
12839
12950
12832
12953
12833
12954
12830
12951
12831
12952
12847
12968
12848
12969
12845
12966
12846
12967
12849
12960
12840
12961
12843
12964
11873
12844
12965
12841
12962
12842
12963
43796
12809
12814
12935
10755
12815
12936
27187
12812
12933
12813
12934
12818
12939
12819
12816
12937
12817
12938
12810
12931
12811
12932
11721
12930
44754
12825
12946
53176
12826
12947
53177
12823
12944
12824
12945
53175
12829
12827
12948
53178
12828
12949
53179
12821
12942
12822
12943
12940
12820
12941
41232
53180
12908
12909
53183
53184
53181
53182
12913
53187
6707
12914
53188
12911
53185
12912
53186
12917
12918
12915
53189
12916
5610
714
12910
53190
53191
12919
3570
53194
53195
53192
53193
12803
12924
53198
12804
12925
53199
12801
12922
53196
12802
12923
53197
12807
12928
12808
12929
12805
12926
12806
12927
12920
12800
12921
10500
40006
12902
12903
12900
12901
12906
2499
12907
12904
12905
4555
4693
12791
12792
12790
1062
10018
10374
12795
12796
14611
12793
12794
12799
12797
12798
47408
12890
45574
12891
2294
25604
53202
2169
53203
53200
53201
12894
53206
7612
12895
53207
12892
53204
12893
53205
12898
12899
12896
53208
12897
53209
4242
53210
53213
53214
53211
53212
12784
53217
7986
12785
53218
12782
53215
7746
12783
53216
12788
12789
12786
53219
12787
8971
12990
23640
48947
53220
53221
12878
12999
12879
53224
53225
53222
53223
12872
12993
53228
12873
12994
53229
12870
12991
53226
12871
12992
53227
12876
12997
12877
12998
12874
12995
12875
12996
8622
12880
53231
53232
12889
53230
53235
53236
53233
53234
12883
12884
12881
53237
12882
12887
12888
12885
12886
21448
12858
12979
12859
12856
12977
12857
12978
12850
12971
12851
12972
12970
12854
12975
11400
12855
12976
11524
12852
12973
12853
12974
3199
12869
12867
12988
12868
12989
12861
12982
12862
12983
12980
12860
12981
12865
12986
12866
12987
12863
12984
12864
12985
5265
13000
13121
13001
13122
13120
46047
35279
13004
13125
13005
13126
13002
13123
13003
13124
13008
13129
13009
13006
13127
13007
13128
11192
13011
13132
13012
13133
13130
13010
13131
13015
13136
13016
13137
13013
13134
7328
13014
13135
13019
13017
13138
13018
13139
13100
6015
13109
50210
13103
13104
13101
13102
13107
13108
13105
13106
36
13110
13111
46137
27631
11056
13114
13115
13112
13113
13118
13119
13116
13117
6394
6155
398
45273
48540
8341
34495
36674
46224
7027
2806
12457
9694
3907
22142
13084
13085
13082
13083
13088
13089
13086
13087
13080
13081
13095
13096
13093
13094
13099
13097
13098
9351
13091
13092
13090
13062
17662
13063
13060
13061
13066
13067
13064
13065
13068
13069
13073
13074
13071
13072
13077
13078
13075
13076
13070
1766
29891
13079
13040
13041
13044
12074
13045
13042
14252
13043
1415
13048
13049
13046
13047
13051
13052
13050
13055
13056
13053
13054
13059
13057
13058
13140
13022
13143
13023
13144
13020
13141
13021
13142
25005
13026
13147
13027
13148
13024
13145
13025
13146
19921
13028
13149
13029
13150
13030
13151
13033
13154
13034
13155
13031
13152
13032
13153
15693
28887
13037
13038
13035
13156
13036
13157
13039
4957
