18371
24704
24703
17058
24706
24705
24708
24707
24709
24700
22763
24702
24701
14905
10756
4984
11722
18124
22502
10406
3200
6708
5611
715
21633
21875
3571
3233
4556
24539
24659
24538
24652
24531
24651
24530
24654
24533
1063
24653
24532
24656
24535
24655
24534
24658
24537
24657
24536
10019
13408
13409
750
13406
13407
24650
13400
13521
13401
10375
13404
13405
13402
13403
24549
24663
24542
24662
24541
24665
24544
24664
24543
24667
24546
24666
24545
24669
24548
24668
24547
13419
14508
13417
13418
24661
24540
24660
13411
13412
13410
13415
13416
13413
13414
24638
24517
24637
24516
24519
24639
24518
24630
24632
24631
24634
24513
24633
24512
24636
24515
2170
24635
24514
7613
24649
24528
24648
24527
24529
4243
24641
24520
24640
1097
24643
24522
24642
24521
24645
24524
24644
24523
24647
24526
24646
24525
7987
12782
429
24616
24615
24618
24617
7642
24619
8972
24610
24612
24611
24614
24613
6424
24627
24626
24629
24628
8623
24621
24620
24623
24622
24625
24624
11433
4271
24715
24714
24717
24716
24719
24718
24711
24710
24713
24712
11401
24605
24604
24607
24606
24609
24608
24720
24601
24722
24600
24721
24603
24602
24723
13835
13480
13360
13481
13363
13484
13242
5266
13364
13485
13243
13361
13482
13240
13362
13483
13241
13367
13488
13246
13368
13489
13247
13365
13486
13244
13366
13487
13245
13369
13248
13249
13370
13491
13371
13250
13490
13374
13253
13375
13254
13372
13251
13373
13252
13378
13257
13379
13258
7329
13376
13255
13377
13256
13259
13341
13462
13220
13342
13463
13221
6016
13460
13340
13461
24597
24596
24599
22299
24598
24591
24590
24593
24592
24595
24594
13345
13466
13224
13346
13467
13225
13343
13464
13222
13344
13465
13223
13349
13228
13229
13347
13468
13226
13348
13469
13227
13470
37
13352
13473
13231
13353
13474
13232
13350
13471
13351
13472
13230
22063
13356
13477
13235
13357
13478
13236
13354
13475
13233
11057
13355
13476
13234
13239
13358
13479
13237
13359
13238
6395
13440
13320
13441
24696
24575
24695
24574
24577
24698
24576
24697
24579
23368
24578
24699
13329
13208
24690
399
13209
24692
24571
24691
24570
24694
24573
24693
24572
13323
13444
13202
13324
13445
13203
13321
13442
13200
13322
13443
13201
13327
13448
13206
13328
13449
13207
13325
13446
13204
13326
13447
13205
8342
13330
13451
13331
13452
13210
6049
13450
24586
24585
24588
24587
24589
13219
24580
24582
24581
24584
24583
13334
13455
13213
13335
13456
13214
13332
13453
13211
13333
13454
13212
13338
13459
13217
13339
13218
13336
13457
13215
13337
13458
13216
7028
24674
24553
23585
24673
24552
24676
24555
24675
24554
24678
24557
24677
24556
24559
24679
24558
13309
13428
13307
13429
13308
24670
24672
24551
24671
24550
13422
13301
13423
13302
15600
2807
13420
72
13421
13300
12458
13426
13305
13427
13306
13424
13303
13425
13304
9695
13430
24685
24564
24684
24563
24687
24566
24686
24565
24689
24568
24688
24567
23118
24569
13318
13439
13319
24681
24560
24680
3908
24683
24320
24562
24682
24561
13312
13433
13313
13434
13431
13310
13432
13311
13316
13437
13317
13438
13314
13435
13315
13436
18894
8372
20733
24098
22907
19625
9352
13183
13184
13181
13182
13187
13188
13185
13186
13180
13189
13194
13195
13192
13193
13198
13199
13196
13197
13190
13191
1767
13161
13282
13162
13283
13280
13160
13281
12075
13165
13286
13166
13287
13163
13284
13164
13285
2500
13169
13167
13288
13168
13289
1416
13172
13293
13173
13294
13170
13291
13171
13292
13176
13297
13177
13298
13174
13295
14142
13175
13296
13290
20941
3603
13178
13299
13179
13381
13260
13382
13261
13380
13385
13264
13386
13265
13383
13262
13384
13263
13389
13268
13269
13387
13266
13388
13267
13392
13271
13393
13272
13390
13391
13270
13396
13275
13397
13276
13394
13273
13395
13274
4958
13158
13279
13159
13398
13277
13399
13278
