1220
1341
1340
1217
1338
1216
1337
1215
1336
1214
1335
1213
1334
1212
1333
1211
1332
1210
1331
1219
1218
1339
43685
1110
1231
1352
1230
1351
1350
1107
1228
1349
1106
1227
1348
2
1105
1226
1347
1104
1225
1346
1103
1224
1345
1102
1223
1344
1101
1222
1343
1100
1221
1342
1109
1108
1229
66114
1121
1242
1363
1120
1241
1362
1240
1361
1360
1118
1239
56676
1117
1238
1359
1116
1237
1358
1115
1236
1357
1114
1235
1356
1113
1234
1355
1112
1233
1354
1111
1232
1353
1119
1132
1253
1374
1131
1252
1373
1130
1251
1372
1250
1371
1370
1129
30233
1128
1249
10645
1127
1248
1369
1126
1247
1368
1125
1246
1367
1124
1245
1366
1123
1244
1365
1122
1243
1364
1143
1264
1142
1263
1141
1262
1140
1261
1382
1260
1381
1380
1139
1138
1259
1137
1258
1379
1136
1257
1378
1135
1256
1377
1134
1255
1376
1133
1254
1375
1033
1154
1275
1032
1153
1274
1031
1152
1273
1030
1151
1272
1150
1271
1270
1029
1149
1148
1269
1147
1268
1146
1267
1145
1266
1144
1265
66021
70638
1044
1165
1286
1043
1164
1285
1042
1163
1284
1041
1162
1283
1040
1161
1282
1160
1281
1280
31773
1039
1038
1159
1037
1158
1279
1036
1157
1278
1035
1156
1277
1034
1155
1276
57329
16383
1055
1176
1297
1054
1175
1296
1053
1174
1295
1052
1173
1294
1051
1172
1293
1050
1171
1292
1170
1291
1290
1049
62917
1048
1169
1047
1168
1289
1046
1167
1288
1045
1166
1287
1066
1187
1065
1186
1064
1185
1063
1184
1062
1183
1061
1182
1060
1181
1180
1059
1058
1179
1057
1178
1299
1056
1177
1298
1190
59091
1077
1198
1076
1197
1075
1196
1074
1195
1073
1194
1072
1193
1071
1192
1070
1191
1069
1068
1189
1067
1188
1080
1088
1087
1086
1085
1084
1083
1082
1081
52477
1079
1078
1199
51024
1091
1090
1099
1098
1097
1096
1095
1094
1093
1092
1089
68604
680
9600
54692
11640
36822
75618
75617
75616
75615
75614
75613
75612
75611
364
75621
75620
72352
75619
47223
63536
59038
48789
14777
59170
39949
60754
60990
60642
69694
31625
14397
58210
14040
70599
37252
1305
1304
1303
1302
1301
1300
1309
1308
1307
1306
60209
1316
1315
1314
1313
1312
1311
1310
67083
1319
1318
1317
1330
1206
1327
1205
1326
1204
1325
1203
1324
1202
1323
1201
1322
1200
1321
1320
1209
1208
1329
1207
1328
