13804
13925
13805
13802
13803
13808
13809
13806
13807
13800
13801
35836
13810
41139
11723
10757
34845
6709
5612
716
3572
30575
3201
6846
4557
46444
13760
47410
1064
13529
13527
13648
13769
13528
13649
13521
13642
13763
13522
13643
13764
10376
13640
13761
13520
13641
13762
13525
13646
13767
13526
13647
13768
39912
13523
13644
13765
13524
13645
13766
13770
13650
13771
10020
51370
13538
13659
13539
400
13532
13653
13774
13533
13654
13775
13530
13651
13772
13531
13652
13773
13536
13657
13778
14625
13537
13658
13779
13534
13655
13776
13535
13656
13777
55859
2171
13507
13628
13749
55861
13508
13629
55860
13505
13626
13747
13506
13627
13748
55865
55864
13509
55863
55862
13620
13741
55869
13500
13621
13742
55868
55867
7614
13740
55866
13503
13624
13745
13504
13625
13746
13501
13622
13743
13502
13623
13744
4244
13518
13639
55872
13519
55871
13516
13637
13758
55870
13517
13638
13759
55876
55875
55874
55873
13510
13631
13752
13511
13632
13753
55879
13750
55878
7988
12783
13630
13751
55877
13514
13635
13756
13515
13636
13757
13512
13633
13754
13513
13634
13755
8973
13606
13727
55883
13607
13728
55882
13604
13725
55881
13605
13726
55880
55887
55886
13608
13729
55885
13609
55884
13720
55889
55888
13602
13723
13603
13724
13600
13721
13601
13722
55890
13617
13738
55894
13618
13739
55893
13615
13736
55892
13616
13737
55891
55898
55897
13619
55896
55895
13730
13610
13731
55899
13613
13734
13614
13735
13611
13732
13612
13733
13705
13706
13703
13704
13709
13707
13708
8624
11883
13701
13702
11402
13700
46979
13716
13717
13714
35722
13715
13718
13719
11531
13712
13713
13710
13711
5267
27767
7330
13492
13495
13496
13493
13494
40848
50684
13499
13497
13498
13580
13583
13584
13581
13582
13587
55902
13588
55901
13585
55900
13586
48682
55906
55905
13589
55904
55903
13590
13591
55909
55908
55907
13594
38
13595
13592
13593
13598
6017
13599
11058
13596
13597
55910
6396
13561
13682
13562
13683
13680
13560
13681
13565
13686
13566
13687
13563
13684
13564
13685
13569
13567
13688
13568
13689
8343
13690
12240
13572
13693
13573
13694
13570
13691
13571
13692
34139
13576
13697
13577
13698
13574
13695
13575
13696
13578
13699
13579
13660
13781
13540
13661
13782
13780
13549
51586
13543
13664
13785
2808
13544
13665
13786
13541
13662
13783
13542
13663
13784
13547
13668
13789
12459
13548
13669
13545
13666
13787
13546
13667
13788
9696
47668
13550
13671
13792
13551
13672
13793
13790
10162
13670
13791
3909
13554
13675
13796
7029
13555
13676
13797
13552
13673
13794
13553
13674
13795
13558
13679
13559
13556
13677
13798
13557
13678
13799
27368
26153
32726
30309
21952
9353
9478
2957
47190
15012
39446
1768
12076
42604
2501
1417
49587
48131
20804
4959
25011
13158
