9062
13925
13926
13923
13924
13929
13927
13928
13921
13922
13920
43201
43202
43203
43204
21672
43200
43205
13815
13936
13816
13937
13813
13934
13814
13935
13819
13817
13938
13818
13939
13811
13932
13812
13933
13930
13931
2572
11724
13903
13904
10758
13901
13902
13907
13908
13905
13906
13900
13909
13914
13915
33502
13912
13913
13918
13919
13916
13917
13910
13911
14096
14097
39152
14094
14095
14098
14099
19420
14092
14093
14090
14091
27162
29223
5613
717
3573
3202
23809
6710
14074
14075
14072
14073
14078
14079
14076
14077
14070
14071
14085
14086
14083
14084
14089
14087
19894
4322
14088
14081
14082
14080
28247
4558
43179
13880
43175
13881
43176
43177
43178
1065
27921
13884
43171
13885
43172
13882
43173
13883
43174
13888
10377
13889
13886
13887
43170
43168
43169
13891
43164
13892
43165
43166
13890
43167
401
13895
43160
10021
13896
43161
13893
43162
13894
43163
13899
13897
37604
13898
43157
43158
43159
43153
13980
43154
43155
43156
2172
13868
13989
13869
13862
13983
13863
13984
43150
7615
13860
13981
43151
13861
13982
43152
13866
13987
13867
13988
13864
13985
13865
13986
43146
43147
43148
43149
13990
43142
13870
13991
43143
43144
4245
43145
31288
13879
14968
12784
13873
13994
13874
13995
7989
13871
13992
43140
13872
13993
43141
13877
13998
13878
13999
13875
13996
13876
13997
43135
43136
43137
43138
8974
43131
43132
43133
43134
22796
43139
13848
13969
13849
13846
13967
13847
13968
13840
13961
13841
13962
13960
43130
13844
13965
13845
13966
13842
13963
13843
13964
43124
43125
43126
43127
7411
43120
43121
43122
43123
43128
43129
13859
10109
13857
13978
13858
13979
35500
30174
13851
13972
13852
13973
13970
13850
13971
13855
13976
13856
13977
13853
13974
13854
13975
43113
43114
43115
43116
43110
43111
43112
43117
43118
43119
13826
13947
13827
13948
13824
13945
13825
13946
13828
13949
13829
30285
13940
8625
13822
13943
13823
13944
11403
13820
13941
13821
13942
43106
43107
43108
43109
13837
13958
13838
13959
13835
13956
13836
13957
13839
13950
13830
13951
13833
13954
13834
13955
13831
13952
13832
13953
39990
5268
13492
7331
14100
14101
14104
14105
14102
16523
14103
14108
14109
14106
14107
37795
39
6018
14203
11059
6397
20099
8344
15992
43197
43198
43199
39819
2809
43193
43194
43195
43196
43190
43191
43192
9697
43186
43187
43188
12460
43189
7030
34239
43182
43183
43184
43185
43180
43181
14052
14053
14050
14051
14056
14057
14054
14055
14058
14059
3910
14063
18421
14064
14061
9354
14062
14067
14068
14065
14066
14060
14069
1508
30413
14030
14031
14034
14035
14032
14033
14038
14039
38127
14036
14037
14041
14042
14040
14045
14046
14043
14044
14049
14047
14048
1769
14012
14013
12077
14010
14011
2502
14016
14017
14014
14015
1418
17887
14018
14019
31954
14020
14023
14024
14021
14022
29516
14027
14028
14025
14026
14029
14110
12181
14001
14002
4960
14000
14005
13159
14006
14003
14004
3986
14009
14007
14008
