20214
67303
13925
13926
13923
13924
13929
31351
13927
13928
13921
13922
13920
13815
13936
13816
13937
13813
13934
13814
13935
13819
13817
13938
13818
13939
13811
13932
13812
13933
13930
13931
11724
13903
13904
10758
13901
13902
13907
11969
13908
13905
13906
13900
27062
21774
18006
13909
67339
13914
13915
30474
13912
29132
13913
13918
13919
13916
13917
13910
13911
14096
14097
14094
14095
38068
14098
14099
17485
14092
14093
14090
14091
5613
717
3573
3202
6710
14074
14075
14072
14073
14078
14079
14076
14077
2011
14070
14071
10958
14085
14086
14083
14084
70546
14089
14087
14088
14081
14082
14080
4558
33702
13880
13881
1065
13884
13885
13882
13883
13888
10377
13889
13886
13887
13891
13892
13890
401
13895
10021
13896
13893
13894
13899
13897
13898
13980
2172
13868
13989
13869
13862
13983
13863
13984
7615
13860
13981
13861
13982
13866
13987
13867
13988
13864
13985
13865
13986
13990
13870
13991
4245
13879
12784
13873
13994
13874
13995
7989
13871
13992
13872
13993
13877
13998
13878
13999
13875
13996
13876
13997
8974
13848
13969
13849
13846
13967
13847
13968
33573
13840
13961
13841
13962
13960
13844
13965
13845
13966
13842
13963
13843
13964
44459
13859
13857
13978
13858
13979
13851
13972
13852
13973
13970
13850
13971
13855
13976
13856
13977
13853
13974
13854
13975
54209
66434
66559
13826
13947
13827
13948
13824
13945
13825
13946
13828
13949
13829
13940
8625
42382
13822
13943
13823
13944
11403
13820
13941
13821
13942
13837
13958
13838
13959
13835
13956
13836
13957
13839
56763
13950
13830
13951
53139
13833
13954
13834
13955
13831
13952
13832
13953
5268
62659
13492
7331
14100
14101
14104
14105
14102
14103
14108
14109
14106
14107
39
28607
6018
11059
6397
72498
72499
72496
72497
72494
72495
72493
8344
63557
12330
2809
9697
12460
26869
7030
16949
14052
14053
14050
14051
14056
14057
14054
14055
27248
14058
14059
3910
14063
72504
14064
72505
14061
72502
9354
14062
72503
14067
72500
14068
72501
14065
14066
14060
42999
58204
14069
14030
14031
14034
14035
14032
14033
14038
14039
14036
14037
72506
72507
14041
14042
14040
14045
14046
14043
14044
14049
14047
14048
1769
69004
14012
14013
12077
14010
14011
56292
2502
14016
14017
14014
14015
1418
14018
14019
14020
14023
14024
14021
14022
14027
14028
14025
14026
14029
13385
14110
17748
52957
70029
14001
14002
4960
14000
14005
13159
14006
14003
14004
14009
14007
14008
