22998
22999
22990
22991
22992
22993
22994
22995
22996
22997
4963
4981
17055
14904
14905
13813
14902
14903
14908
14909
14906
14907
10780
11753
14900
14901
15087
22976
15086
22977
15085
22978
15084
22979
15089
15088
22970
22971
15083
22972
15082
22973
15081
22974
15080
22975
12814
11727
15098
22987
15097
22988
15096
18368
22989
15095
18120
15099
15090
22980
22981
22982
15094
22983
15093
22984
15092
22985
15091
22986
10403
10761
15065
15186
22954
15064
15185
22955
15063
15184
22956
15062
15183
22957
15069
22958
15068
15189
22959
15067
15188
15066
15187
21629
15061
15182
22950
15060
15181
22951
15180
22952
22953
5616
15076
15197
22965
15075
15196
22966
15074
15195
22967
15073
15194
22968
22969
15079
15078
15199
15077
15198
22960
15072
15193
22961
15071
15192
22962
15070
15191
22963
15190
22964
3205
720
6713
15043
15164
22932
15042
15163
22933
15041
15162
22934
15040
15161
22935
15047
15168
22936
15046
15167
22937
15045
15166
22938
15044
15165
22939
15160
22930
22931
3576
22929
15049
15048
15169
15054
15175
22943
15053
15174
22944
15052
15173
22945
15051
15172
22946
4561
15058
15179
22947
17350
15057
15178
22948
15056
15177
22949
15055
15176
15050
15171
15170
22940
22941
22942
743
15059
14970
14979
3598
14973
14974
14971
14972
14977
14978
14975
14976
15943
14980
10380
14981
1068
404
14984
14985
10024
14982
14983
14988
14989
14502
14986
14987
2175
14959
14957
14958
4587
14951
14952
14950
14955
14956
14953
7618
14954
1090
7992
21135
21377
6421
14968
14969
423
14962
14963
20282
14960
14961
14966
14967
14964
12787
14965
9700
2199
14937
14938
14935
14936
14939
14930
4248
14933
7638
14934
14931
14932
14948
14949
14946
14947
14940
14941
8977
14944
14945
14942
14943
14915
14916
14913
11406
14914
14919
14917
14918
14911
14912
8628
14910
14926
14927
14924
14925
14928
14929
14922
14923
14920
14921
17841
11062
23045
23046
23047
23048
23049
23040
23041
23042
23043
23044
7334
13495
23056
23057
23058
23059
5271
23050
23051
23052
23053
23054
23055
23023
23024
23025
23026
23027
23028
23029
23020
23021
23022
6021
23034
23035
23036
23037
23038
23039
22060
23030
23031
23032
23033
42
23009
14892
14893
14890
14891
23001
23002
23003
23004
23005
23006
23007
23008
23000
14896
14897
14894
14895
14898
14899
6043
12480
8347
23012
23013
23014
23015
23016
23017
23018
23019
23010
23011
23108
23109
14992
14991
14990
23100
23101
23102
23103
23104
23105
23106
23107
14996
14995
14994
14993
14878
14879
14999
14998
14997
7033
14881
14882
14880
23111
23112
23113
2811
12108
23110
14885
14886
12463
14883
10045
14884
14889
14887
14888
15021
15142
22910
15020
15141
22911
15140
22912
22913
15025
15146
22914
15024
15145
22915
8015
15023
15144
22916
15022
15143
22917
15029
22907
15028
15149
22908
15027
15148
22909
15026
15147
15032
15153
22921
15031
15152
22922
15030
15151
22923
15150
22924
15036
15157
22925
15035
15156
22926
9357
15034
15155
22927
15033
15154
22928
7050
22920
22918
15039
22919
15038
15159
15037
15158
15120
15003
15124
15002
15123
15001
15122
15000
15121
15007
15128
15006
15127
15005
15126
15004
15125
15009
15008
15129
15010
15131
15130
15014
15135
15013
15134
22904
15012
15133
22905
15011
15132
22906
20728
15018
15139
15017
15138
19859
15016
15137
15015
15136
15019
15102
15101
15100
15220
23089
2504
23081
23082
23083
23084
23085
23086
1772
23087
23088
14137
15106
15105
15104
15103
15109
15108
15107
23080
15113
13177
15112
15111
15110
15594
12080
23092
23093
23094
23095
23096
1421
23097
23098
23099
15117
15116
15115
15114
18623
15119
23090
15118
23091
15239
15201
14112
15200
11087
23067
23068
23069
23060
23061
23062
23063
23064
23065
23066
15205
15204
15203
14477
15202
15209
15208
15207
15206
15212
15211
15210
23078
23079
23070
23071
23072
23073
23074
23075
23076
23077
15216
15215
15214
15213
15219
15218
15217
