4963
67799
14904
14905
13813
14902
14903
14908
14909
14906
14907
14900
14901
15087
15086
15085
15084
15089
15088
15083
15082
15081
15080
11727
15098
15097
15096
15095
15099
15090
15094
15093
15092
15091
10761
15065
15186
15064
15185
15063
15184
68795
19546
15062
15183
15069
15068
15189
15067
15188
15066
15187
15061
15182
75089
15060
15181
75088
15180
75087
5616
15076
15197
15075
15196
15074
15195
15073
15194
15079
15078
15199
15077
15198
15072
15193
15071
15192
15070
15191
15190
75096
33843
75095
75094
3205
75093
60720
75092
720
75091
75090
6713
15043
15164
15042
15163
15041
15162
15040
15161
15047
15168
16378
15046
15167
15045
15166
15044
15165
15160
3576
15049
15048
15169
15054
15175
15053
15174
15052
15173
15051
15172
4561
15058
15179
15057
15178
15056
15177
15055
15176
15050
15171
15170
44714
6611
15059
14970
13408
14979
14973
44382
14974
14971
14972
14977
15825
14978
14975
14976
14980
10380
14981
1068
404
14984
14985
10024
14982
14983
14988
14989
14986
14987
2175
68938
14959
14957
14958
54534
34322
14951
14952
14950
14955
14956
14953
7618
14954
7992
66889
14968
14969
14962
14963
14960
14961
14966
14967
14964
12787
14965
9700
43252
14937
14938
14935
14936
14939
14930
4248
14933
14934
14931
14932
14948
14949
14946
14947
32354
14940
14941
8977
14944
14945
14942
14943
41180
18034
14915
14916
14913
11406
14914
14919
14917
14918
14911
14912
8628
14910
14926
14927
14924
14925
31367
14928
14929
14922
14923
14920
14921
47018
11062
72695
57066
7334
13495
70289
5271
31902
30919
28958
46260
6021
42
14892
14893
14890
14891
27848
14896
14897
14894
14895
14898
14899
8347
67916
60164
14992
14991
14990
14996
14995
14994
14993
14878
14879
14999
14998
14997
7033
14881
14882
14880
71072
2811
35205
14885
14886
12463
14883
14884
14889
14887
14888
15021
15142
15020
15141
15140
15025
15146
15024
15145
15023
15144
15022
15143
15029
15028
15149
15027
15148
15026
15147
15032
15153
15031
15152
15030
15151
15150
15036
15157
15035
15156
9357
15034
15155
15033
15154
9594
15039
15038
15159
15037
15158
15120
15003
15124
15002
15123
15001
15122
15000
15121
55184
15007
15128
15006
15127
15005
15126
15004
15125
15009
15008
15129
15010
15131
15130
15014
15135
15013
15134
15012
15133
15011
15132
15018
15139
15017
15138
15016
15137
15015
15136
15019
15102
15101
15100
15220
2504
1772
15106
15105
15104
15103
15109
15108
15107
15113
15112
15111
15110
12080
1421
15117
15116
15115
15114
15119
15118
15201
14112
15200
15205
15204
15203
14477
15202
15209
15208
15207
72429
15206
15212
15211
15210
71593
60348
15216
15215
38314
15214
15213
15219
15218
15217
