17042
11070
5276
40852
56665
56666
56667
56668
56661
56662
56663
56664
56669
17387
17388
17389
17383
17384
17385
1919
16177
17386
17380
17381
56670
17382
56671
56676
56677
56678
56679
56672
56673
56674
56675
17398
17399
17394
17395
17396
17397
17390
17391
56680
17392
56681
17393
56682
56687
53053
34039
56683
56684
56685
56686
11733
17365
17486
17366
17487
17367
17488
17368
17489
17361
17482
49
17362
17483
12470
17363
17484
17364
17485
17480
17360
17481
34267
6028
17369
37417
17376
17497
17377
17498
8462
17378
17499
17379
17372
17493
17373
17494
18462
17374
17495
36551
17375
17496
17490
17370
17491
17371
17492
5624
728
17343
17464
17344
17465
17345
17466
8353
17346
17467
17460
17340
17461
17341
17462
47311
10030
17342
17463
3584
175
3213
6721
17347
17468
17348
17469
55949
17349
17354
17475
17355
17476
17356
17477
17357
17478
17350
17471
14882
17351
17472
17352
17473
17353
17474
17470
43867
10165
2819
48198
32859
17358
17479
17359
17442
17443
17444
17445
17560
17440
17561
17441
12794
4569
17446
17447
17448
17449
17453
17454
17455
17456
17450
17451
17452
23452
1076
23212
520
39347
53315
3920
17457
6516
10388
17458
17338
17459
17339
51813
17420
17541
17421
17542
17422
17543
9365
17423
17544
16453
17540
31170
410
31851
17428
17549
17429
11203
17424
17545
6406
17425
17546
17426
17547
17427
17548
17431
17552
17432
17553
17433
17554
17434
17555
17550
17430
17551
26822
2182
25615
17439
50982
15016
17435
17556
17436
17557
17437
17558
17438
17559
17520
17400
17521
17401
17522
45436
4253
42042
13166
18970
30060
26475
17406
17527
15226
17407
17528
17408
17529
7999
17409
17402
17523
17403
17524
17404
17525
17405
17526
17530
8982
17410
17531
17411
17532
17412
17533
12088
24181
17417
17538
17418
17539
17419
17413
17534
17414
17535
17415
17536
1427
9707
17416
17537
17500
17509
36147
17505
17506
16776
17507
17508
14119
17501
17502
17503
13821
17504
17510
17511
35286
17516
17517
8635
15577
17518
43580
17519
17512
17513
17514
17515
