18014
18015
18016
18017
18010
17043
18011
18012
18013
4606
18018
12833
18019
4968
18025
18026
18027
18028
18021
18022
18023
18024
18020
1106
10422
18029
21642
16179
18003
18004
18005
18006
18000
18001
18002
11735
4995
18007
18008
18009
17365
18102
18103
18104
20542
18105
18100
18101
5625
18106
18107
730
3215
3586
4571
18098
18099
18094
18095
18096
18097
18090
18091
18092
18093
12796
11101
5658
20069
15959
18076
18077
18078
18079
18072
18073
18074
18075
18070
18071
411
1078
15929
13501
6408
18087
18088
18089
18083
18084
18085
18086
2184
18080
18081
18082
11451
7626
18058
18059
18054
18055
4255
18056
18057
18050
18051
18052
18053
24730
13847
18069
6440
18065
18066
18067
8984
18068
18061
18062
18063
18064
18060
9709
17068
18036
18037
18038
18039
18032
18033
18034
18035
19123
18030
22772
24951
18031
18047
18048
19378
18049
4285
18043
18044
18045
18046
18040
18041
18042
8636
17960
17840
17961
17841
17962
9742
28734
28735
28732
28733
28738
28739
28736
28737
28730
28731
17846
17967
17847
17968
17848
17969
17849
17842
17963
17843
17964
17844
17965
17845
17966
17970
17850
17971
11072
17851
17972
17852
17973
5278
28745
28746
28743
28744
28749
28747
28748
28741
28742
28740
17978
17857
17979
17858
17859
17974
17853
17975
17854
17976
17855
17977
17856
28718
28839
7342
17940
28719
28712
28833
28713
28834
28710
28831
28711
28832
28716
28837
28717
28838
28714
28835
28715
28836
17828
17949
17829
28830
17945
17946
17826
17947
17827
17948
17941
17942
17943
17944
17950
28729
17830
17951
28723
28844
28724
28721
28842
28722
28843
28727
28728
28725
28726
17839
28840
28720
28841
17835
17956
17836
17957
17837
17958
17838
17959
17831
17952
17832
17953
17833
17954
17834
17955
28819
28817
28818
28811
28812
23125
28810
28815
28816
28813
28814
17927
17928
17929
17923
17924
17925
17926
51
17920
17921
17922
28709
28707
28828
28708
28829
10062
28701
28822
28702
28823
28820
28700
28821
28705
28826
25316
28706
28827
28703
24107
28824
28704
28825
17938
17939
17934
17935
17936
17937
17930
17931
17932
17933
8355
17909
17905
17906
17907
17908
17901
10032
17902
17903
17904
17900
28808
28809
28806
8001
28807
28800
28801
25773
28804
28805
28802
28803
17916
17917
17918
17919
17912
17913
17914
14884
17915
17910
17911
88
17562
28699
7041
28693
28694
28691
2820
28692
28697
28698
28695
28696
28690
16484
26288
3921
17339
7069
28679
28677
28798
28678
28799
12090
28792
28671
28672
28793
28790
28791
28670
28675
28796
28676
28797
28673
28794
28674
28795
20949
2848
9018
28688
28689
28682
28683
28680
28681
28686
28687
28684
28685
15259
17882
9389
17883
17884
17885
17880
17881
1781
28778
28779
28776
28777
28770
28771
28774
28775
28772
28773
17886
17887
17888
17889
17893
17894
17895
17896
17890
17891
17892
28789
28787
28788
28781
28782
28780
2511
28785
28786
28783
28784
17897
1429
17898
17899
17981
17860
17982
17861
17983
17862
17984
17863
17980
28756
28757
28754
28755
28758
28759
28752
28753
28750
28751
16778
17989
17868
17869
17985
17864
17986
17865
17987
17866
17988
17867
17992
17871
17993
17872
17994
17873
17995
17874
17990
14121
17991
17870
28767
28768
28765
25137
28766
28769
28760
2535
28763
28764
28761
28762
17879
17996
17875
17997
17876
17998
17877
17999
17878
