18377
18498
18378
18499
18379
18373
18494
18374
18495
18375
18496
17045
18376
18497
18490
8094
18370
18491
18371
18492
18372
18493
18388
18389
18384
18385
18386
18387
18380
18381
18382
18383
18476
18597
18477
18598
46823
18478
18599
18358
18479
18472
18593
18473
18594
18474
18595
18475
18596
18590
18470
18591
9082
18471
18592
18359
18366
18487
18367
18488
18368
18489
18369
18362
18483
18363
18484
18364
18485
18365
18486
18480
18360
18481
18361
18482
16181
11737
5722
18454
18575
18455
18576
18456
18577
18457
18578
18450
18571
18451
18572
18452
18573
18453
18574
18570
18458
18579
18459
18465
18586
18466
18587
18467
18588
18468
18589
18461
18582
19430
18462
18583
18463
18584
18464
18585
18580
18460
18581
11839
18469
5627
18108
18432
18553
18433
18554
18434
18555
18435
18556
18550
17341
18430
18551
18431
18552
37193
732
6723
18436
18557
18437
18558
18438
18559
18439
18443
18564
18444
18565
18445
18566
18446
18567
18560
18440
18561
18441
18562
18442
18563
3587
18447
18568
17117
18448
18569
18449
22354
2271
38707
12798
22125
24782
14986
31295
413
1079
24991
13503
2186
15931
9711
8986
26800
4257
18399
20114
18395
18396
18397
18398
18391
18392
18393
18394
18390
21680
45886
11415
8638
47258
47259
47256
47257
47254
47255
47252
47253
47250
45070
47251
19902
47249
11074
5279
14586
13256
39747
7344
16850
13585
17827
47100
6031
40945
36432
10391
8357
10033
47302
47300
47301
24563
14886
18410
18531
17564
18411
18532
18412
18533
18413
18534
18530
2821
18418
18539
18419
18414
18535
18415
18536
18416
18537
18417
18538
18421
18542
18422
18543
38251
42751
18423
18544
18424
18545
40212
18540
18420
18541
18429
18425
18546
18426
18547
18427
18548
18428
18549
18510
18511
18512
18517
18518
18519
16456
18513
18514
18515
18516
18520
18400
18521
18401
18522
18402
18523
18407
18528
18408
18529
18409
18403
18524
18404
18525
18405
18526
18406
18527
15580
18610
18611
39431
47290
47291
15227
47298
47299
38468
47296
13168
47297
47294
47295
47292
47293
18500
18501
47289
47280
2513
1783
18506
47287
18507
47288
18508
47285
18509
47286
18502
47283
18503
47284
18504
47281
18505
47282
47278
47279
28876
1431
26453
47276
47277
47274
47275
47272
47273
47270
47271
18600
47269
14123
14486
47267
47268
18609
36137
18605
47265
18606
47266
18607
47263
18608
47264
18601
47261
18602
47262
18603
18604
47260
