18377
18498
51519
18378
18499
18379
18373
18494
18374
18495
18375
18496
17045
18376
18497
18490
18370
18491
18371
18492
18372
18493
22993
29384
18388
4063
18389
11074
18384
18385
18386
43320
5279
18387
18380
18381
18382
18383
18476
18597
18477
18598
18478
18599
18358
18479
27509
18472
18593
7344
18473
18594
18474
18595
18475
18596
46146
18590
18470
18591
18471
18592
60139
17827
18359
50217
18366
18487
18367
18488
18368
18489
18369
18362
18483
18363
18484
18364
18485
18365
18486
18480
18360
18481
18361
18482
34151
16181
11737
18454
18575
40021
6031
18455
18576
18456
18577
18457
18578
18450
18571
18451
18572
18452
18573
18453
18574
18570
18458
18579
18459
18465
18586
18466
18587
18467
18588
18468
18589
18461
18582
18462
18583
18463
18584
18464
18585
18580
18460
18581
55254
18469
5627
18108
32876
18432
18553
18433
18554
18434
18555
18435
18556
10391
18550
17341
18430
18551
8357
18431
18552
732
10033
6723
18436
18557
18437
18558
18438
18559
18439
5096
18443
18564
18444
18565
18445
18566
18446
18567
18560
18440
18561
18441
18562
18442
18563
22385
3587
14886
18447
18568
18448
18569
18449
18410
18531
6196
17564
18411
18532
18412
18533
18413
18534
48622
6873
18530
2821
18418
18539
18419
18414
18535
18415
18536
18416
18537
12798
18417
18538
18421
18542
18422
18543
18423
18544
42873
18424
18545
17693
18540
18420
18541
11907
35427
35300
18429
18425
18546
18426
18547
18427
18548
18428
18549
49140
31866
18510
18511
18512
57121
413
1079
18517
18518
18519
16456
13503
18513
18514
18515
18516
18520
42057
18400
18521
18401
18522
18402
18523
14288
2186
61636
61637
42977
15931
18407
18528
18408
18529
18409
18403
18524
18404
18525
18405
18526
18406
18527
15580
18610
18611
61640
61641
61642
61643
61644
61645
61646
61647
61648
61638
61639
15227
13168
18500
18501
9711
8986
61650
61651
61652
61653
61654
61655
61656
61657
61658
61659
61649
2513
30730
34410
1783
4257
18506
18507
18508
11552
18509
18502
18503
18504
18505
18399
18395
18396
61660
18397
61661
18398
61662
18391
61663
18392
61664
18393
18394
18390
58499
1431
57048
16899
18600
7795
14123
14486
44673
61310
53250
11415
18609
18605
8638
18606
18607
18608
18601
18602
18603
18604
