18377
18498
18378
18499
18379
18373
18494
18374
18495
18375
18496
47377
17045
18376
18497
18490
18370
18491
18371
18492
59003
18372
18493
18388
18389
11074
18384
30806
18385
18386
5279
18387
18380
18381
18382
18383
57199
18476
18597
18477
18598
18478
18599
18358
18479
18472
18593
7344
18473
18594
18474
18595
18475
18596
18590
18470
18591
18471
18592
27869
52870
17827
18359
18366
18487
18367
18488
18368
18489
18369
74548
18362
18483
18363
18484
18364
18485
18365
18486
61597
18480
18360
18481
18361
18482
16181
11737
18454
18575
6031
18455
18576
18456
18577
18457
18578
18450
18571
18451
18572
18452
18573
18453
18574
18570
18458
18579
32526
18459
18465
18586
18466
18587
18467
18588
18468
18589
18461
18582
18462
18583
18463
18584
18464
18585
18580
18460
18581
57552
7923
16720
18469
5627
18108
18432
18553
18433
18554
18434
18555
18435
18556
10391
18550
39013
17341
18430
18551
8357
18431
18552
69546
31094
26732
732
10033
6723
18436
18557
18437
18558
18438
18559
18439
18443
18564
18444
18565
18445
18566
18446
18567
18560
18440
18561
45122
18441
18562
18442
18563
60859
28484
26064
3587
14886
18447
18568
18448
18569
18449
18410
18531
17564
18411
18532
18412
18533
18413
18534
18530
2821
77873
77874
77875
77876
18418
18539
77877
18419
77878
18414
18535
18415
18536
18416
18537
73816
12798
18417
18538
18421
18542
18422
18543
18423
18544
18424
18545
72624
18540
18420
18541
18429
57919
18425
18546
18426
18547
18427
18548
18428
18549
18510
18511
18512
74017
413
1079
18517
32948
18518
18519
16456
13503
18513
18514
18515
18516
18520
18400
18521
18401
18522
18402
18523
63136
2186
26381
15931
18407
18528
18408
18529
18409
49364
18403
18524
18404
18525
18405
18526
18406
18527
15580
18610
18611
15227
13168
65450
18500
18501
9711
8986
18061
77782
2513
1783
4257
18506
18507
6317
18508
37369
18509
18502
18503
18504
58806
18505
18399
18395
18396
18397
73643
18398
18391
18392
18393
18394
18390
77455
1431
63040
18600
14123
14486
11415
18609
18605
8638
18606
18607
18608
10686
18601
18602
53937
18603
18604
