17047
18930
62533
18939
18935
18936
18937
10771
18938
18931
18932
18933
18934
70721
70720
18940
70723
18941
70722
36918
54366
18946
70718
18947
18948
18949
70719
18942
18943
18944
18945
70732
70731
70734
70733
70730
5281
63528
55585
17828
18917
18918
18919
24232
18913
70729
51665
18914
70728
18915
18916
18359
70725
18910
70724
18911
59829
70727
18912
70726
41800
16183
11739
18928
18929
18924
18925
18926
38634
18927
18920
70736
5846
18921
70735
31204
18922
18923
70737
12472
53
18906
18907
18908
18909
18902
18903
18904
18905
18900
48095
5628
18901
39373
19089
19088
65861
10393
17342
19085
19084
19087
19086
19081
19080
19083
19082
3218
19090
6724
67133
8004
9214
19096
65514
19095
62489
20649
63217
19092
19091
19094
19093
3588
32178
1608
14888
7044
18894
18895
18896
17566
18897
18890
19067
18891
19066
4574
18892
19069
18893
19068
19063
19062
19065
19064
19061
19060
2823
28452
18898
18899
19078
19077
19079
66984
19074
19073
19076
19075
19070
19072
19071
53555
1080
12093
18993
19049
18994
19048
39691
18995
18996
63121
19045
18990
19044
9368
18991
19047
6411
18992
19046
19041
19040
19043
19042
42623
13505
18997
18998
18999
18883
18884
19059
18885
18886
19056
19055
19058
18882
19057
19052
19051
19054
19053
19050
60664
18887
18888
15933
18889
7629
15582
18971
19027
18972
19026
18973
19029
18974
19028
19023
65686
19022
19025
18970
19024
19021
19020
52133
13169
18979
18975
18976
18977
18978
61083
18982
19038
18983
19037
18984
18985
19039
19034
19033
18980
19036
18981
19035
19030
19032
19031
58364
2515
1785
18986
18987
18988
18989
19005
18950
19004
18951
19007
18952
19006
19001
19000
19003
19002
70131
13824
1432
18957
18958
9713
18959
18953
19009
18954
19008
18955
18956
8640
16781
18960
19016
18961
19015
17994
18962
19018
18963
19017
19012
19011
19014
19013
19010
34070
55795
11417
53015
18968
18969
14125
14488
18964
18965
19019
18966
18967
