12391
17047
18930
72698
44542
18939
18935
18936
18937
10771
18938
18931
18932
18933
18934
77917
18940
18941
61691
71135
56781
18946
18947
18948
18949
18942
18943
18944
18945
72357
49896
5281
17828
18917
18918
18919
33199
18913
18914
18915
18916
18359
15527
18910
18911
18912
70605
77918
19577
77919
24488
16183
43549
11739
18928
18929
77920
18924
39964
77921
18925
18926
18927
18920
51438
18921
37669
18922
18923
12472
51562
53
77262
18906
18907
18908
76610
18909
18902
18903
18904
18905
18900
35902
5628
18901
19089
19088
10393
17342
75787
73488
19085
19084
19087
19086
19081
19080
19083
19082
76086
3218
19090
37874
6724
8004
19096
19095
22024
19092
19091
19094
19093
61829
3588
14888
7044
18894
18895
18896
17566
18897
18890
19067
74239
18891
19066
4574
18892
19069
18893
19068
19063
19062
19065
19064
19061
19060
2823
18898
18899
19078
19077
19079
19074
19073
19076
19075
19070
19072
19071
32950
1080
12093
18993
19049
18994
19048
18995
18996
19045
18990
19044
9368
18991
19047
6411
18992
19046
19041
19040
19043
19042
13505
18997
2727
18998
18999
18883
18884
19059
37261
18885
18886
19056
19055
19058
18882
19057
19052
19051
19054
19053
19050
34672
18887
18888
15933
18889
7629
15582
18971
19027
74837
18972
19026
18973
19029
18974
19028
19023
19022
19025
18970
19024
19021
19020
44905
56055
57702
13169
18979
18975
18976
18977
18978
18982
19038
18983
19037
18984
18985
19039
19034
19033
18980
19036
18981
19035
19030
19032
19031
2515
75490
1785
18986
18987
18988
18989
19005
18950
19004
18951
19007
18952
19006
19001
19000
19003
19002
20911
13824
1432
18957
18958
9713
18959
18953
19009
18954
19008
18955
18956
8640
16781
18960
19016
18961
19015
18962
19018
18963
19017
19012
19011
19014
19013
19010
11417
18968
18969
14125
14488
18964
18965
19019
10688
18966
18967
