19104
19225
19346
19103
19224
19345
17048
19106
19227
19348
45635
19105
19226
19347
19100
19221
19342
20573
19220
19341
19102
19223
19344
19101
19222
19343
8093
19340
4969
35712
10772
11740
19108
19229
19107
19228
19349
11502
19109
19115
19236
19357
19114
19235
19356
19117
19238
19359
19116
19237
19358
19111
19232
19353
19110
19231
19352
19113
19234
19355
19112
19233
19354
19230
19351
19350
19119
19118
19239
19203
19324
19202
19323
19205
19326
19204
19325
19320
19201
19322
19200
19321
9081
19680
19207
19328
19206
19327
19209
19208
19329
19214
19335
19213
19334
19216
19337
16184
19215
19336
19210
19331
19330
19212
19333
19211
19332
3310
5721
19218
19339
19217
19338
34714
19219
19302
19301
19304
19303
19300
19309
19306
19305
19308
31559
19429
19307
19313
19312
19315
19314
19311
19310
19317
12800
19316
19319
32997
19318
17343
29682
3589
17116
19188
19187
19189
19184
19183
22353
19186
19185
19180
19182
19181
19199
19198
19195
19194
19197
19196
19191
19190
19193
19192
14985
39901
19169
19166
19287
19165
19286
6412
19168
19289
19167
19288
19162
19283
19161
19282
19164
19285
19163
19284
19160
19281
19280
414
12894
19177
19298
7630
19176
19297
19179
19178
19299
2188
19173
19294
19172
19293
19175
19296
19174
19295
19290
19171
19292
19170
19291
15934
19148
19269
19147
19268
19149
19144
19265
19143
19264
19146
19267
19145
19266
19140
19261
19260
19142
19263
19141
19262
19159
19158
19279
19155
19276
19154
19275
19157
19278
19156
19277
19151
19272
19150
19271
19153
19274
19152
19273
19270
30295
4258
19126
19247
19125
19246
19128
19249
20113
19127
19248
19122
19243
19121
19242
19124
19245
19123
19244
19360
19120
19241
19240
19361
44327
8988
9714
19129
19137
19258
8641
19136
19257
19139
19138
19259
19133
19254
19132
19253
19135
19256
19134
19255
19250
19131
19252
19130
19251
11418
47247
47248
47245
11075
47246
47243
47244
47241
47242
47240
47238
47239
7345
47236
47237
47234
47235
5282
47232
47233
47230
47231
47229
47227
47228
47225
47226
47223
47224
47221
47222
47220
47218
47219
47216
47217
47214
12473
47215
47212
47213
26632
34384
47210
47211
54
47207
47208
47205
47206
47203
45266
47204
9797
47201
36431
47202
47209
47200
37522
8358
9447
10394
2921
10035
19099
19098
19097
14889
2824
42750
37289
38136
3923
9369
29527
47191
47192
47190
47199
16458
47197
47198
47195
47196
47193
47194
18882
47180
47181
47188
47189
47186
47187
47184
47185
47182
47183
47179
15583
41756
40305
38467
47177
47178
18612
15229
17404
13170
1786
1433
35047
14126
14489
