19104
19225
19346
19103
19224
19345
19466
17048
19106
19227
19348
19105
19226
19347
19100
19221
19342
19220
19341
19102
19223
19344
19101
19222
19343
19340
4969
10772
11740
19108
19229
19107
19228
19349
19109
19115
19236
19357
19114
19235
19356
19117
19238
19359
19116
19237
19358
19111
19232
19353
19110
19231
19352
19113
19234
19355
19112
19233
19354
19230
19351
19350
13937
34619
19119
57637
19118
19239
19203
19324
19202
19323
19205
19326
19204
19325
19320
19201
19322
19200
19321
56794
19207
19328
19206
19327
19209
19208
19329
19214
19335
19213
19334
19216
19337
16184
19215
19336
19210
19331
19330
19212
19333
19211
19332
19218
19339
19217
19338
19219
19302
19301
42685
19304
19303
19300
19309
19306
19305
19308
19307
19313
19312
19315
19314
19311
19310
43406
58404
58403
58406
58405
58402
19317
58408
12800
19316
58407
19319
19318
58409
17343
21960
58415
58414
58417
58416
58411
58410
58413
58412
58419
58418
6862
58420
58426
58425
58428
58427
3589
58422
58421
58424
58423
58429
19188
19187
19189
19184
19183
19186
19185
19180
19182
19181
19199
19198
19195
19194
19197
19196
19191
19190
19193
19192
55619
15713
19169
19166
19287
19165
19286
6412
19168
19289
19167
19288
19162
19283
19161
19282
19164
19285
19163
19284
19160
19281
19280
414
21240
19177
19298
7630
19176
19297
19179
19178
19299
2188
19173
19294
19172
19293
19175
19296
19174
19295
19290
19171
19292
19170
19291
35644
15934
19148
19269
19147
19268
19149
19144
19265
19143
19264
19146
19267
19145
19266
19140
19261
19260
19142
19263
19141
19262
19159
19158
19279
19155
19276
19154
19275
19157
19278
19156
19277
19151
19272
19150
19271
19153
19274
19152
19273
47729
19270
4258
19126
19247
19125
19246
19128
19249
19127
19248
19122
19243
19121
19242
19124
19245
19123
19244
19360
19120
19241
19240
19361
32588
32468
8988
9714
19129
19137
19258
8641
19136
19257
19139
19138
19259
19133
19254
19132
19253
19135
19256
19134
19255
19250
19131
19252
19130
19251
47948
11418
11075
27779
29716
7345
37310
5282
12473
22156
54834
54
46232
8358
10394
10035
19099
19098
19097
7151
14889
38383
15025
40226
58431
58430
58437
58436
58439
58438
58433
58432
58435
58434
2824
58440
58442
58441
21713
58448
58447
58449
58444
58443
58446
58445
3923
9128
9369
16458
15377
18882
56169
15583
41514
18612
15229
13170
26480
1786
25396
1433
1551
39761
1206
14126
14489
19937
46295
