43577
17049
4971
10774
11741
45742
11077
53955
19687
19686
19689
19688
19683
19682
7347
18111
19685
19684
19681
19680
50451
17829
54136
48681
10511
19698
19697
19699
19694
19693
19696
19695
19690
19692
19691
44758
53852
10884
19665
19786
19664
19785
19667
19788
6033
19666
19787
19661
19782
19660
19781
19663
19784
14891
19662
19783
42441
19780
19669
19668
19789
19676
19797
56
19675
19796
19678
19799
19677
19798
19672
19793
19671
19792
5630
19674
19795
19673
19794
19670
19791
19790
12802
51696
19679
19643
19764
19642
19763
19645
19766
19644
19765
19760
19641
19762
19640
19761
44167
3220
24798
3696
735
10037
19647
19768
6725
19646
19767
19649
19648
19769
19654
19775
19653
19774
19656
19777
19655
19776
8006
19650
19771
19770
19652
19773
19651
19772
19098
3591
19658
19779
19657
19778
19659
19621
19742
19620
19741
19623
19744
19622
19743
19740
54874
19629
55726
19628
19749
55725
516
19625
19746
2826
17568
19624
19745
55729
19627
19748
55728
19626
19747
55727
19632
19753
41660
9477
19631
19752
19634
19755
19633
19754
19630
19751
19750
19196
42514
3925
55733
55732
53313
55731
55730
4576
55737
19639
36994
55736
55735
55614
55734
19636
19757
19635
19756
19638
19759
55739
19637
19758
55738
19720
19841
19840
19722
19843
19721
19842
13507
55740
55744
55743
55742
55741
415
19728
19849
55748
19727
19848
55747
55746
19729
55745
19724
19845
19723
19844
19726
19847
19725
19846
55749
18883
19731
19852
19730
19851
19733
19854
19732
19853
7631
19850
55751
55750
15936
55755
55754
55753
50980
55752
19618
19739
55759
19617
19738
55758
55757
19619
55756
19735
19734
19616
19737
19736
23647
14490
19700
19821
19820
15585
55762
55761
55760
55766
19709
55765
26473
13608
55764
2189
55763
19706
19827
19705
19826
55769
19708
19829
55768
11420
19707
19828
55767
19702
19823
19701
19822
19704
19825
19703
19824
19830
47725
19711
19832
19710
19831
13295
21231
41869
35060
55773
55772
55771
55770
55776
55775
53112
55774
19717
19838
19716
19837
4259
19719
19718
19839
31705
19713
19834
19712
19833
19715
19836
2516
19714
19835
8990
13826
1435
19809
19808
9715
19805
19804
19807
19806
19801
19800
19803
19802
46977
19810
35283
19819
25010
54345
19816
14127
19815
19818
19817
19812
19811
19814
19813
