17049
4971
10774
11741
51646
11077
52501
19687
22613
19686
19689
19688
19683
19682
7347
18111
19685
19684
19681
19680
16291
31575
28276
17829
12937
19698
49529
19697
19699
19694
19693
24806
19696
19695
19690
19692
19691
1926
19665
19786
19664
19785
19667
19788
6033
19666
19787
19661
19782
19660
19781
19663
19784
14891
19662
19783
19780
36324
19669
19668
19789
19676
19797
56
19675
19796
19678
19799
19677
19798
19672
19793
19671
19792
5630
19674
19795
19673
19794
43407
19670
19791
19790
37082
12802
19679
19643
19764
19642
19763
19645
19766
21961
19644
19765
19760
6178
19641
19762
19640
19761
3220
5083
46902
735
10037
14636
19647
19768
6725
19646
19767
19649
32865
19648
19769
19654
19775
19653
19774
19656
19777
47788
19655
19776
8006
19650
19771
19770
19652
19773
19651
19772
19098
3591
13310
19658
19779
19657
19778
19659
19621
19742
19620
19741
19623
19744
19622
19743
19740
19629
19628
19749
19625
19746
2826
17568
19624
19745
19627
19748
19626
19747
19632
19753
19631
19752
19634
19755
19633
19754
45584
19630
19751
19750
3925
27371
4576
19639
19636
19757
19635
19756
19638
19759
19637
19758
19720
19841
19840
19722
19843
19721
19842
20155
16574
58451
58450
58453
58452
42865
13507
58459
58458
58455
58454
58457
58456
415
13620
19728
19849
19727
19848
19729
19724
19845
19723
19844
19726
19847
19725
19846
18883
19731
19852
19730
19851
19733
19854
19732
19853
7631
19850
58462
36056
58461
58464
58463
58460
24404
58469
15936
3708
58466
58465
58468
58467
19618
19739
19617
19738
15378
19619
19735
19734
19616
19737
19736
14490
19700
19821
19820
15585
58473
58472
58475
58474
58471
58470
58477
19709
58476
54554
58479
2189
58478
19706
19827
19705
19826
19708
19829
50512
11420
19707
19828
19702
19823
19701
19822
19704
19825
19703
19824
19830
19711
19832
19710
19831
48017
58484
58483
58486
58485
44339
58480
58482
58481
58488
58487
58489
19717
19838
19716
19837
4259
19719
19718
19839
19713
19834
19712
19833
19715
19836
2516
19714
19835
8990
58490
13826
27780
1435
19809
19808
9715
19805
19804
19807
39658
19806
19801
19800
19803
19802
44434
19810
19819
19816
14127
19815
19818
19817
19938
19812
19811
19814
19813
