17049
4971
60359
60358
34741
60357
60356
60355
60354
60353
60352
60351
60350
10774
11741
19475
60369
58724
60368
60367
60366
60365
60364
11077
60363
60362
60361
48692
60360
19687
19686
19689
19688
19683
19682
7347
18111
19685
19684
19681
19680
17829
60371
60370
19698
22987
19697
19699
19694
19693
19696
19695
37421
19690
19692
19691
53056
10527
19665
19786
29909
19664
19785
19667
19788
6033
19666
19787
19661
19782
19660
19781
19663
19784
14891
19662
19783
44508
19780
1939
45030
19669
19668
19789
19676
19797
56
19675
19796
19678
19799
19677
19798
19672
19793
19671
19792
5630
19674
19795
19673
19794
19670
19791
19790
12802
58405
19679
19643
19764
19642
19763
19645
19766
19644
19765
19760
19641
19762
19640
19761
54290
3220
735
51468
10037
19647
19768
6725
19646
19767
19649
19648
19769
19654
19775
19653
19774
19656
19777
19655
19776
8006
19650
19771
19770
19652
19773
19651
19772
40110
19098
3591
49728
19658
19779
19657
19778
19659
19621
19742
19620
19741
19623
19744
19622
19743
19740
28572
872
19629
19628
19749
43053
19625
19746
2826
6868
17568
19624
19745
19627
19748
19626
19747
19632
19753
19631
19752
19634
19755
19633
19754
19630
19751
19750
41668
54080
3925
4576
19639
19636
19757
19635
19756
19638
19759
19637
19758
19720
19841
19840
19722
19843
19721
19842
13507
26491
415
19728
19849
31858
47870
19727
19848
39457
19729
19724
19845
19723
19844
19726
19847
19725
19846
37715
18883
19731
19852
19730
19851
19733
19854
19732
19853
51948
7631
19850
15936
19618
19739
19617
19738
37820
19619
19735
47063
19734
19616
19737
19736
14490
19700
19821
19820
15585
4377
19709
2189
19706
19827
19705
19826
19708
19829
11420
19707
19828
19702
19823
19701
19822
19704
19825
19703
19824
19830
19711
19832
19710
19831
28427
2634
19717
19838
19716
19837
4259
19719
19718
19839
19713
19834
19712
19833
19715
19836
2516
19714
19835
8990
13826
60339
60338
1435
60337
60336
19809
60335
19808
27785
60334
60333
60332
55785
9715
19805
60331
19804
19807
19806
19801
34408
19800
19803
19802
19810
58266
60349
60348
60347
60346
19819
60345
60344
60343
19816
60342
14127
19815
60341
19818
60340
19817
19812
35728
19811
19814
19813
