17049
4971
10774
11741
64723
1590
27658
55576
11077
19687
19686
19689
19688
19683
19682
7347
18111
19685
19684
19681
19680
17829
28156
39854
58737
19698
19697
19699
19694
14321
19693
19696
19695
19690
63896
19692
19691
62689
19665
19786
67102
19664
19785
67103
25429
19667
19788
6033
19666
19787
67101
19661
19782
67106
19660
19781
67107
4772
19663
19784
67104
14891
19662
19783
67105
19780
67108
67109
19669
19668
19789
19676
19797
67113
56
19675
19796
67114
19678
19799
67111
19677
19798
67112
19672
19793
67117
19671
19792
67118
5630
19674
19795
67115
19673
19794
67116
19670
19791
67119
19790
27979
12802
55259
15754
4413
61253
19679
67110
19643
19764
67124
19642
19763
67125
24439
19645
19766
20630
67122
19644
19765
67123
19760
19641
19762
19640
19761
3220
735
10037
19647
19768
67120
6725
19646
19767
67121
19649
19648
19769
19654
19775
19653
19774
19656
19777
19655
19776
8006
19650
19771
19770
19652
19773
19651
19772
28921
19098
3591
19658
19779
19657
19778
19659
19621
19742
19620
19741
19623
19744
19622
19743
19740
13648
1972
59885
19629
19628
19749
53546
19625
19746
2826
17568
19624
19745
19627
19748
19626
19747
19632
19753
19631
19752
19634
19755
19633
19754
19630
19751
19750
3925
35544
4576
51137
19639
19636
19757
19635
19756
19638
19759
19637
19758
19720
19841
19840
19722
19843
19721
19842
13507
415
19728
19849
19727
19848
19729
19724
19845
19723
19844
19726
19847
19725
19846
18883
19731
19852
19730
19851
19733
19854
19732
19853
7631
19850
3398
15936
51394
19618
19739
19617
19738
19619
19735
19734
19616
19737
19736
14490
19700
19821
19820
15585
64479
19709
2189
19706
19827
66093
19705
19826
19708
19829
11420
19707
19828
19702
19823
53903
19701
19822
19704
19825
19703
19824
19830
19711
19832
19710
19831
60200
19717
19838
19716
19837
4259
19719
19718
19839
19713
19834
19712
19833
19715
19836
2516
19714
19835
17189
8990
13826
1435
41607
19809
19808
9715
19805
19804
19807
19806
19801
19800
19803
19802
63052
19810
64024
6224
65910
19819
19816
14127
19815
19818
19817
19812
19811
10567
19814
19813
