17049
21782
67305
4971
6598
21309
10774
38306
11741
73319
73318
73317
73316
73315
73314
73313
73312
73311
73310
11077
73309
19687
19686
19689
73328
19688
73327
19683
73326
19682
73325
7347
18111
19685
73324
19684
73323
73322
73321
19681
73320
19680
27066
17829
19698
19697
19699
19694
72368
19693
19696
19695
19690
19692
19691
25458
19665
19786
19664
19785
19667
19788
6033
19666
19787
71843
19661
19782
19660
19781
19663
19784
14891
19662
19783
19780
272
60159
19669
19668
19789
30225
19676
19797
56
19675
19796
19678
19799
19677
19798
5870
19672
19793
19671
19792
5630
19674
19795
19673
19794
19670
19791
19790
12802
10620
44290
19679
19643
19764
19642
19763
19645
19766
19644
19765
43754
19760
19641
19762
19640
19761
3220
735
10037
19647
19768
6725
19646
19767
19649
19648
19769
19654
19775
19653
19774
19656
19777
19655
19776
8006
19650
19771
19770
19652
19773
19651
19772
19098
3591
19658
19779
19657
19778
19659
67251
19621
19742
19620
19741
19623
19744
19622
19743
45474
19740
43970
37850
2392
19629
19628
19749
19625
19746
2826
17568
19624
19745
19627
19748
31757
19626
19747
19632
19753
19631
19752
19634
19755
45107
19633
19754
19630
19751
19750
3925
4576
19639
42195
19636
19757
19635
19756
19638
19759
19637
19758
19720
19841
19840
19722
19843
19721
19842
72993
13507
57005
415
19728
19849
31616
19727
19848
19729
19724
19845
19723
19844
9915
19726
19847
19725
19846
18883
19731
19852
19730
19851
19733
19854
19732
19853
7631
19850
48719
59670
15936
7866
19618
19739
19617
19738
19619
19735
19734
19616
19737
19736
14490
19700
19821
19820
15585
35875
19709
2189
19706
19827
19705
19826
19708
19829
11420
19707
19828
19702
19823
19701
19822
57946
19704
19825
19703
19824
19830
19711
19832
19710
19831
37241
19717
19838
19716
19837
4259
19719
19718
19839
19713
19834
19712
19833
19715
19836
2516
19714
19835
39098
8990
13826
1435
19809
19808
9715
19805
19804
19807
19806
19801
19800
19803
19802
19810
5495
72201
53495
19819
13037
19816
14127
19815
19818
19817
19812
19811
19814
19813
