17049
4971
10774
11741
64602
52620
11077
19687
19686
19689
19688
19683
19682
7347
18111
19685
19684
19681
19680
17829
19698
19697
19699
19694
19693
19696
19695
19690
19692
19691
45605
46252
30478
19665
19786
19664
19785
19667
19788
6033
19666
19787
19661
19782
19660
19781
19663
19784
14891
19662
19783
71165
19780
270
19669
19668
19789
19676
19797
56
19675
19796
19678
19799
19677
19798
19672
19793
19671
19792
5630
19674
19795
19673
19794
19670
19791
19790
12802
19679
19643
19764
19642
19763
19645
19766
19644
19765
19760
19641
19762
19640
19761
3220
735
10037
19647
19768
6725
19646
19767
19649
19648
19769
19654
19775
67498
19653
19774
19656
19777
19655
19776
8006
19650
19771
19770
19652
19773
19651
19772
19098
3591
19658
19779
19657
19778
19659
49041
16110
19621
19742
19620
19741
19623
19744
19622
19743
70672
19740
36085
29423
19629
19628
19749
19625
19746
2826
17568
19624
19745
19627
19748
19626
19747
31756
18542
19632
19753
19631
19752
19634
19755
19633
19754
19630
19751
68249
19750
56142
3925
4576
19639
19636
19757
19635
19756
19638
19759
19637
19758
19720
19841
19840
19722
19843
19721
19842
13507
415
19728
19849
19727
19848
19729
19724
19845
19723
19844
19726
19847
19725
19846
18883
19731
19852
19730
19851
19733
19854
19732
19853
52916
7631
7512
19850
73178
73179
36176
73176
73177
73174
73175
73172
73173
73170
73171
15936
29773
19618
19739
19617
19738
47981
19619
19735
68023
19734
19616
19737
19736
14490
19700
19821
19820
15585
62056
73189
73187
73188
73185
73186
72094
73183
73184
73181
73182
73180
19709
2189
19706
19827
32926
19705
19826
19708
19829
11420
19707
19828
19702
19823
19701
19822
15108
19704
19825
14019
19703
19824
19830
72669
19711
19832
19710
19831
62623
59339
73192
73190
73191
19717
19838
19716
19837
4259
19719
19718
19839
19713
19834
19712
19833
19715
19836
2516
19714
19835
57838
46867
8990
3067
56196
13826
1435
19809
19808
9715
19805
19804
19807
19806
19801
19800
19803
19802
19810
37463
31487
19819
19816
37345
14127
19815
13035
19818
19817
19812
19811
19814
19813
