20214
42002
20213
42003
20212
42004
20211
42005
37692
20210
41950
42000
42001
41954
41953
41952
20219
41951
20218
42006
41958
20217
42007
41957
20216
42008
41956
20215
42009
41955
41949
41948
35037
16518
10775
20104
20225
20103
20224
5032
20102
20223
20101
20222
20100
20221
20220
41943
41942
17051
41941
20109
41940
20108
20229
41947
20107
20228
41946
20106
20227
41945
20105
20226
41944
32555
125
11078
15314
5701
18113
37793
24351
35499
3657
20203
20324
16186
20202
20201
20200
25576
20209
18361
20208
20207
20206
20205
20204
7349
15653
17831
14892
20099
20098
20097
40820
34701
20096
20095
20094
11145
20093
20092
20091
27161
20090
58
15991
34930
20079
20078
20199
20077
20198
20076
20197
20075
20196
5632
20074
20195
20073
20194
20072
20193
737
20071
20192
20070
20191
20190
6727
10038
20089
19099
20088
20087
20086
3592
8361
37060
20085
20084
20083
20082
20081
20080
20059
20058
20179
7045
20178
20177
20176
20175
20174
20173
20172
20171
20170
1859
18416
20069
20068
20189
17570
20067
20188
20066
20187
20065
20186
20064
20185
29673
3927
20063
20184
4577
20062
20183
20061
20182
20060
20181
20180
20159
20158
20279
20157
20278
38241
20156
20277
20155
20276
12096
20154
20275
38123
20153
20274
20152
20273
13509
20151
20272
20150
20271
20270
16461
20169
18885
20168
20167
20166
20165
7633
20164
20163
20162
20161
20160
6415
2191
14492
20137
20258
41990
20136
20257
20135
20256
20134
20255
15586
20133
20254
41994
20132
20253
41993
20131
20252
41992
20130
20251
41991
38345
41998
41997
41996
3285
22795
41995
20139
20138
20259
41999
6788
20250
11421
18615
20148
20269
4261
20147
20268
20146
20267
13171
20145
20266
20144
20265
41983
20143
20264
41982
15232
20142
20263
41981
20141
20262
41980
41987
41745
41986
41985
41984
41989
20149
41988
1789
20140
20261
20260
7408
31823
20115
20236
20114
20235
20113
20234
20112
20233
20111
20232
41972
20110
20231
41971
20230
41970
41976
41975
30282
41974
41973
20119
20118
20239
41979
20117
20238
41978
8074
20116
20237
41977
1436
35618
9717
20126
20247
42013
17630
20125
20246
42014
20124
20245
42015
20123
20244
42016
20122
20243
41961
16784
20121
20242
42010
41960
20120
20241
42011
20240
42012
41965
41964
41963
41962
42017
41969
20129
41968
20128
20249
41967
20127
20248
41966
2897
41959
14129
