20577
20698
41033
20576
20697
20575
20696
20574
20695
20573
20694
20572
20693
20571
20692
20570
20691
20579
20578
20699
11508
19907
26310
20690
48463
48462
48461
48460
20588
20587
20586
21433
20585
48459
20584
48458
20583
48457
20582
48456
20581
48455
42237
20589
4972
20580
48454
48453
48452
14224
48451
48450
18945
20555
20676
20554
20675
20553
20674
48449
5286
20552
20673
48448
20551
20672
48447
20550
20671
48446
20670
48445
48444
20559
20558
20679
20557
20678
20556
20677
46825
11845
48443
48442
48441
48440
13589
33515
20566
20687
7351
20565
20686
48439
23956
20564
20685
48438
20563
20684
48437
20562
20683
48436
20561
20682
48435
20560
20681
48434
20680
48433
20569
20568
20689
20567
20688
48432
48431
47464
6812
48430
17833
20533
20654
48429
20532
20653
48428
20531
20652
48427
20530
20651
48426
6036
20650
48425
48424
48423
48422
20539
20538
20659
20537
20658
20536
20657
20535
20656
20534
20655
48421
48420
14894
20544
20665
48418
20543
20664
48417
20542
20663
48416
20541
20662
48415
59
20540
20661
48414
20660
48413
48412
48411
20549
20548
20669
20547
20668
20546
20667
20545
20666
48419
12805
48410
20632
48407
20631
48406
20630
48405
20639
20638
20637
20636
20635
20634
48409
20633
48408
6729
34125
5633
10397
738
20643
20642
8363
18687
20641
20640
10040
16265
20529
20528
20649
20527
20648
20647
9451
20646
20645
20644
20610
7721
20618
20617
20616
20615
20614
20613
20612
20611
20609
20608
8008
20621
20620
17572
20629
20628
40215
20627
20626
20625
20624
20623
20622
3928
20619
12200
4579
32711
12098
20717
20716
20715
20714
20713
1083
20712
20711
20710
20709
20708
26135
20707
20720
18886
42852
8720
16463
20607
20606
20605
20604
20603
20602
20601
20722
21932
9372
20600
20721
15937
1885
20719
20718
13510
9802
6417
19616
31966
14130
14494
2193
28539
18616
30989
31836
11423
4263
15233
20706
20705
20704
20703
20702
20701
20700
42150
20599
11080
20598
20597
8991
20596
20595
20594
20593
20592
42029
23181
30041
13828
20591
20590
9719
44557
8645
37903
16786
