20577
20698
20576
20697
20575
20696
20574
20695
20573
20694
20572
20693
20571
20692
20570
20691
59001
59000
59003
59002
20579
20578
20699
59009
59008
59005
59004
59007
59006
20690
4725
20588
20587
20586
20585
20584
20583
20582
20581
59010
20589
4972
20580
20555
20676
20554
20675
20553
20674
5286
20552
20673
20551
20672
20550
20671
20670
20559
20558
20679
20557
20678
20556
20677
58976
58975
58978
58977
58974
58973
50454
58979
17156
20566
20687
7351
20565
20686
20564
20685
20563
20684
20562
20683
20561
20682
20560
20681
20680
58981
58980
20569
54140
20568
20689
20567
20688
58987
58986
58989
56327
58988
58983
58982
58985
58984
17833
20533
20654
20532
20653
20531
20652
20530
20651
6036
20650
58990
20539
58992
20538
20659
58991
20537
20658
20536
20657
53184
20535
20656
20534
20655
58998
58997
1930
58999
58994
58993
58996
58995
14894
20544
20665
20543
20664
20542
20663
20541
20662
59
20540
20661
20660
56580
20549
20548
20669
20547
20668
20546
20667
20545
20666
12805
57675
38974
20632
20631
20630
20639
20638
20637
20636
20635
20634
20633
6729
55821
5633
38721
10397
738
49294
20643
20642
8363
20641
20640
10040
20529
6180
20528
20649
20527
20648
20647
20646
20645
186
20644
22381
55952
864
13313
20610
20618
20617
20616
20615
20614
20613
20612
20611
20609
20608
8008
20621
20620
17572
20629
20628
20627
20626
20625
20624
20623
20622
3928
20619
31989
4579
20157
39453
12098
20717
20716
20715
20714
20713
1083
20712
20711
20710
20709
20708
20707
13621
20720
18886
16463
20607
20606
20605
20604
20603
20602
20601
20722
48959
9372
20600
20721
11218
15937
20719
20718
13510
50742
6417
19616
14130
14494
55080
2193
18616
11423
4263
7773
15233
20706
24189
20705
20704
20703
20702
20701
23655
20700
26483
25398
48134
20599
11080
20598
20597
8991
20596
20595
20594
20593
20592
58139
13828
20591
30725
20590
9719
18721
8645
4047
33422
16786
46054
