20577
20698
20576
20697
20575
20696
20574
20695
20573
20694
20572
20693
20571
20692
20570
20691
20579
20578
20699
20690
32205
4847
20588
20466
20587
20586
20585
20584
73315
20583
20582
20581
20589
4972
20580
71809
20555
20676
20554
20675
20553
20674
5286
20552
20673
20551
20672
20550
20671
20670
45179
20559
20558
20679
20557
20678
20556
20677
76166
76167
76168
76169
20566
20687
7351
20565
20686
20564
20685
20563
20684
20562
20683
20561
20682
20560
20681
72245
20680
44992
66802
20569
20568
20689
20567
20688
17833
20533
20654
20532
20653
20531
20652
20530
20651
6036
20650
20539
20538
20659
20537
20658
20536
20657
20535
20656
20534
20655
14894
20544
20665
17256
20543
20664
20542
20663
20541
20662
59
20540
20661
20660
20549
76170
20548
20669
76171
20547
20668
76172
20546
20667
76173
20545
20666
76174
59295
76175
76176
76177
76178
76179
12805
69893
20632
20631
20630
5520
20639
20638
20637
293
20636
73240
20635
20634
20633
6729
5633
10397
738
20643
20642
8363
20641
20640
10040
20529
20528
20649
70660
20527
20648
20647
20646
20645
20644
623
20610
20618
24894
20617
20616
20615
20614
20613
20612
20611
43615
20609
20608
8008
20621
20620
40454
71532
17572
20629
20628
20627
20626
20625
20624
20623
20622
3928
20619
4579
66186
12098
20717
20716
20715
20714
20713
1083
20712
20711
20710
11327
20709
20708
20707
54538
20720
18886
16463
20607
20606
20605
20604
20603
20602
20601
20722
9372
20600
20721
15937
33343
20719
20718
13510
6417
36734
19616
14130
67981
14494
73983
2193
18616
11423
4263
15233
20706
20705
20704
20703
72660
20702
20701
41627
20700
46758
20599
11080
20598
20597
8991
20596
21564
20595
20594
20593
20592
73883
74058
58376
13828
20591
19804
20590
47154
9719
38208
8645
16786
2417
