17288
7563
19100
4177
75616
20904
20903
20902
73430
17052
20901
20900
4973
20797
20796
18115
20795
71941
20794
20793
20792
20791
20790
65822
20799
20798
59262
78101
78100
78102
54817
4881
16188
17834
20775
20896
20774
20895
20773
20894
20772
20893
20771
20892
20770
20891
20890
65846
20779
20778
20899
20777
20898
20776
20897
12475
14895
20786
20785
20784
20783
20782
20781
41465
20780
32075
20789
76051
20788
20787
12806
60
37769
27291
20753
20874
20752
20873
20751
20872
69301
17346
20750
20871
20870
20759
57440
20758
20879
20757
20878
20756
20877
20755
20876
20754
20875
5634
10398
20764
20885
20763
20884
20762
20883
8364
20761
20882
20760
20881
20880
10041
3593
20527
20769
20768
20889
20767
20888
20766
20887
20765
20886
60504
3223
20731
20852
20730
20851
20058
20850
63341
20739
75687
20738
20859
20737
20858
74475
20736
20857
22476
56374
20735
20856
20734
20855
20733
20854
20732
20853
20729
34342
8009
2827
20742
20863
20741
20862
20740
20861
20860
72503
5553
17573
20749
20748
20869
20747
20868
20746
20867
20745
20866
20744
20865
20743
20864
3929
29312
20830
12099
20838
20837
20836
20835
1084
20834
20833
20832
20831
20829
20828
20841
20840
20728
20849
34792
20727
20848
20726
20847
20725
20846
9373
20724
20845
20723
20844
20843
20842
15938
20839
13511
21586
67189
14495
20816
20815
20814
20813
20934
20812
20933
20811
20932
20810
20931
63704
20930
57028
20809
20808
20929
20807
20928
20806
20927
56972
7635
18617
15588
11424
13173
15234
20827
1791
20826
20825
20824
20823
20822
20821
20820
31389
33200
20819
20818
20817
77549
8992
11081
23747
9720
20915
20914
20913
20912
20911
20910
20909
20908
20907
20906
20905
20805
20926
20804
20925
20803
20924
20802
20923
20801
20922
20800
20921
20920
20919
20918
20917
20916
16787
49563
