19101
79094
78682
10777
8646
11744
4974
18357
5287
21089
21088
21087
65828
17824
21086
21085
21084
21083
21082
21081
21080
7352
18363
21099
21098
17835
21097
21096
21095
21094
21093
69079
21092
21091
21090
21069
21068
21067
21066
61485
6037
21065
70993
21064
21063
21062
21061
21060
21079
21078
21077
21076
31665
21075
21074
21073
61
21072
21071
21070
20995
20994
21049
42421
20993
21048
20992
21047
20991
21046
48403
20990
21045
21044
6730
21043
20999
78141
20998
20997
20996
25768
79117
59744
21042
21041
21040
5635
31535
10399
8365
21059
21058
21057
21056
10042
21055
21054
73134
20528
60739
21053
12100
21052
21051
21050
20973
21028
20059
20972
21027
20971
21026
20970
21025
21024
7047
21023
21022
21021
20979
20978
20977
20976
20975
20974
21029
68909
21020
2828
17574
20984
21039
20983
21038
20982
21037
20981
21036
20980
21035
21034
21033
21032
20989
20988
20987
20986
20985
78712
21031
21030
4216
67272
20951
21006
21127
20950
21005
21126
21004
21125
21003
21124
21002
21123
21001
21122
21000
21121
21120
20959
20958
20957
70572
1085
20956
20955
20954
21009
20953
21008
21129
20952
21007
21128
20949
75912
20962
21017
20961
21016
20960
21015
21014
21013
21012
16464
21011
21010
20969
20968
20967
20966
78053
20723
20965
20964
21019
20963
21018
10009
21130
78736
20280
6418
18887
68142
21105
21104
21103
21102
14496
21101
21100
20937
20936
20935
21109
2194
21108
49917
21107
79177
21106
15589
20940
21116
21115
21114
65332
21113
4264
21112
21111
21110
1792
20948
20947
20946
79041
79162
20945
20944
20943
21119
20942
21118
20941
21117
48936
77781
58008
20939
20938
15235
2517
73528
8993
11082
19363
79070
9721
69705
73779
16788
