21666
21787
21665
21786
21664
21785
21663
21784
21662
21783
21661
21782
21660
21781
21780
16190
21669
21668
21789
21667
21788
10778
11747
61202
61201
61200
8649
33538
21677
21798
21676
21797
21675
21796
21674
21795
17053
21673
21794
38892
21672
21793
21671
21792
21670
21791
26327
21679
4061
21678
21799
36237
58047
21790
48693
4976
21644
21765
21643
21764
21642
21763
21641
21762
21640
21761
21760
57087
21649
21648
21769
21647
21768
21646
21767
21645
21766
34965
18117
50337
21655
21776
21654
21775
21653
21774
21652
21773
18483
21651
21772
21650
21771
21770
5290
21659
21658
21779
21657
21778
21656
21777
54144
57772
17836
21743
21864
21742
21863
20531
21741
21862
21740
21861
21860
21629
21628
21749
21627
21748
27963
21626
21747
21625
21746
21867
21745
21866
21744
21865
56333
12477
14897
21633
21754
21632
21753
21631
21752
21630
21751
21750
21639
21638
21759
21637
21758
21636
21757
21635
21756
21634
21755
12808
6039
48770
63
21721
21842
21720
21841
21840
21729
21728
21849
21727
21848
21726
21847
21725
21846
21724
21845
21723
21844
21722
21843
21719
5638
21732
21853
21731
21852
21730
21851
21850
21739
21738
21859
21737
21858
21736
21857
21735
21856
21734
21855
21733
21854
32732
740
6733
12103
21820
6872
21707
21828
56492
21706
21827
21705
21826
21704
21825
21703
21824
6192
21702
21823
21701
21822
21700
21821
50152
28576
21819
21818
15940
11225
21710
21831
21830
4581
17577
15036
21718
21839
25631
54082
21717
21838
21716
21837
21715
21836
21714
21835
15390
21713
21834
21712
21833
21711
21832
23459
2830
26166
21709
21708
21829
61179
61178
61177
61176
61181
61180
21806
1087
21805
21804
21803
21802
21801
21800
58455
61189
20392
61188
61187
61186
61185
61184
61183
61182
19731
61192
61191
61190
21131
21817
21816
21815
20725
21814
21813
21812
21811
21810
420
21809
21808
21807
19618
61199
61198
61197
61196
61195
18889
61194
13513
61193
9146
14132
20936
2197
14499
15592
18620
4384
32592
27211
21688
21687
21686
21685
21684
21683
19366
21682
21681
21689
35170
1795
2520
21680
1439
21699
21698
21697
7793
21696
21695
21694
21693
21692
41967
21691
21690
