20214
20213
20212
20211
20210
2430
20219
20218
20217
20216
20215
2306
2427
2305
2426
2304
2425
2303
2424
2302
2423
2301
2422
2300
2421
2420
2309
2308
2429
2307
2428
10775
20104
20225
20103
20224
20102
20223
20101
20222
20100
20221
20220
2320
2441
2440
17051
20109
20108
20229
20107
20228
20106
20227
20105
20226
2317
2438
2316
2437
2315
2436
2314
2435
2313
2434
5
2312
2433
2311
2432
2310
2431
2319
2318
2439
18113
2210
2331
2452
2330
2451
2450
2207
2328
2449
2206
2327
2448
2205
2326
2447
2204
2325
2446
2203
2324
2445
2202
2323
2444
2201
2322
2443
2200
2321
2442
2209
2208
2329
20203
20202
16186
20201
20200
2221
2342
2463
2220
2341
2462
2340
2461
20209
2460
20208
18361
20207
20206
20205
20204
2218
2339
2217
2338
2459
2216
2337
2458
2215
2336
2457
2214
2335
2456
2213
2334
2455
2212
2333
2454
2211
2332
2453
2219
2232
2353
1384
2231
2352
2230
2351
2350
2229
2228
2349
2227
2348
2469
2226
2347
2468
2225
2346
2467
2224
2345
2466
2223
2344
2465
2222
2343
2464
2243
2364
2242
2363
1031
2241
2362
2240
2361
2360
2239
2238
2359
2237
2358
2236
2357
2235
2356
2234
2355
2233
2354
2254
2375
2253
2374
2252
2373
2251
2372
2250
2371
2370
2249
2248
2369
2247
2368
2246
2367
2245
2366
2244
2365
5632
737
6727
2144
2265
2386
2143
2264
2385
2142
2263
2384
2141
2262
2383
2140
2261
2382
3592
2260
2381
2380
2139
2259
2258
2379
2257
2378
2256
2377
2255
2376
20059
20058
20179
20178
20177
20176
20175
20174
2155
2276
2397
2154
2275
2396
2153
2274
2395
2152
2273
2394
2151
2272
2393
2150
2271
2392
2270
2391
2390
2149
2148
2269
2147
2268
2389
2146
2267
2388
2145
2266
2387
20173
20172
20171
20170
20069
20068
20189
20067
20188
20066
20187
20065
20186
20064
20185
2166
2287
2165
2286
2164
2285
2163
2284
2162
2283
2161
2282
2160
2281
2280
2159
2158
2279
2157
2278
2399
2156
2277
2398
20063
20184
20062
20183
4577
20061
20182
20060
20181
20180
2290
20159
20158
20279
20157
20278
20156
20277
20155
20276
20154
20275
20153
20274
20152
20273
2177
2298
2176
2297
2175
2296
2174
2295
2173
2294
2172
2293
2171
2292
2170
2291
2169
2168
2289
13509
2167
2288
20151
20272
20150
20271
20270
2180
20169
20168
20167
20166
20165
20164
7633
20163
2188
2187
2186
2185
2184
2183
2182
2181
2179
2178
2299
20162
20161
20160
6415
2191
20137
20258
2190
20136
20257
20135
20256
20134
20255
20133
20254
20132
20253
20131
20252
20130
20251
2199
2198
2197
2196
2195
2194
2193
20139
2192
20138
20259
2189
20250
11421
20148
20269
4261
20147
20268
20146
20267
20145
20266
20144
20265
20143
20264
20142
20263
20141
20262
20149
683
20140
20261
20260
20115
20236
20114
20235
20113
20234
20112
20233
20111
20232
20110
20231
20230
20119
20118
20239
20117
20238
20116
20237
9717
20126
20247
20125
20246
20124
20245
20123
20244
20122
20243
20121
20242
20120
20241
20240
20129
20128
20249
20127
20248
367
11078
7349
17831
14892
20099
20098
20097
20096
20095
20094
20093
20092
20091
20090
58
20079
20078
20199
20077
20198
20076
20197
20075
20196
20074
20195
20073
20194
20072
20193
20071
20192
20070
20191
20190
10038
20089
20088
19099
20087
20086
8361
20085
20084
20083
20082
20081
20080
7045
1735
17570
3927
12096
16461
18885
14492
15586
18615
13171
15232
1789
2405
1436
2404
2403
2402
2401
2400
2409
2408
2407
2406
16784
2416
2415
2414
2413
2412
2411
2410
2419
2418
2417
14129
