21424
44665
19103
44664
44667
8650
44666
44661
44660
44663
44662
44669
44668
33898
11748
26790
18935
44654
44653
44411
21675
44656
44655
44650
44652
44651
9070
44658
44657
44659
6116
4977
21886
44643
21885
42586
44642
21884
44645
21883
44644
21882
21881
21880
44641
44640
22055
22056
12809
44647
21889
44646
21888
44649
5040
21887
44648
22050
22051
22052
22053
22054
18118
35936
21897
21896
21895
21894
21893
7355
21892
21891
18365
21890
44639
21899
21898
17837
10400
21985
44742
20532
21984
44741
20773
21983
44744
21982
44743
21981
21980
44740
22033
22034
22035
21869
22036
21868
22037
21989
21625
22038
21988
22039
21987
21986
22030
22031
22032
38866
14898
21875
21996
41220
44731
21874
21995
44730
21873
21994
44733
21872
21993
44732
21871
21992
21870
21991
21990
22044
44739
27612
22045
44738
22046
22047
21879
22048
44735
21878
22049
21999
44734
21877
21998
44737
21876
21997
44736
22040
22041
22042
22043
15997
21192
64
34934
22019
21963
44720
18675
21962
21961
44722
21960
44721
22011
44728
24553
22012
44727
21969
22013
21968
22014
44729
21967
22015
44724
22016
21966
44723
22017
21965
44726
22018
21964
44725
22010
17347
29680
37517
21974
21973
21972
44711
21971
44710
21970
22022
44717
2264
22023
44716
3594
22024
44719
22025
21979
44718
22026
21978
44713
22027
21977
44712
22028
21976
44715
22029
21975
44714
30552
741
3225
44709
22020
22021
6734
12104
21941
21940
44700
8012
7048
18890
21949
44706
21948
44705
21947
44708
21946
44707
21945
44702
21944
44701
21943
44704
21942
44703
21939
4324
15941
36522
21952
22008
21951
22009
21950
4582
22000
21959
22001
21958
22002
21957
22003
21956
22004
21955
22005
21954
22006
21953
22007
2831
20061
17578
18425
21927
21926
21925
21924
21923
21922
21921
21920
42746
21919
1871
21918
21917
3931
21930
9376
6420
21132
21938
41646
21937
21936
21935
21934
21933
21932
21931
27351
21929
21928
16791
38462
21905
2198
21904
21903
21902
21901
21900
39556
7636
44698
44697
44699
44694
44693
44696
13175
44695
21916
21915
21914
3296
21913
21912
21911
21910
21909
21908
21907
21906
44690
15236
44692
44691
42024
44687
44686
44689
44688
11085
44683
16531
43110
44682
44685
44684
1440
30289
2521
44681
44680
44676
44675
44678
44677
44672
44671
44674
44673
44679
30036
44670
