2430
2551
2306
2427
2305
2426
2304
2425
2303
2424
2302
2423
2301
2422
2300
2421
2420
2309
2308
2429
2307
2428
2320
2441
2440
2317
2438
2316
2437
2315
2436
2314
2435
2313
2434
5
2312
2433
2311
2432
2310
2431
2319
2318
2439
2210
2331
2452
2330
2451
2450
1480
2207
2328
2449
2206
2327
2448
2205
2326
2447
2204
2325
2446
2203
2324
2445
2202
2323
2444
2201
2322
2443
2200
2321
2442
2209
2208
2329
2221
2342
2463
2220
2341
2462
2340
2461
2460
2218
2339
2217
2338
2459
2216
2337
2458
2215
2336
2457
2214
2335
2456
2213
2334
2455
1123
2212
2333
2454
2211
2332
2453
2219
2232
2353
1384
2231
2352
2230
2351
2350
2229
2228
2349
2227
2348
2469
2226
2347
2468
2225
2346
2467
2224
2345
2466
2223
2344
2465
2222
2343
2464
2243
2364
2242
2363
1031
2241
2362
2240
2361
2360
2239
2238
2359
2237
2358
2236
2357
2235
2356
2234
2355
2233
2354
19643
2254
2375
2253
2374
2252
2373
2251
2372
2250
2371
2370
2249
2248
2369
2247
2368
2246
2367
2245
2366
2244
2365
2144
2265
2386
2143
2264
2385
2142
2263
2384
2141
2262
2383
2140
2261
2382
2260
2381
2380
2139
2259
2258
2379
2257
2378
2256
2377
2255
2376
2155
2276
2397
34341
2154
2275
2396
34340
2153
2274
2395
2152
2273
2394
2151
2272
2393
2150
2271
2392
2270
2391
2390
34349
34228
34348
34227
34347
34226
2149
34346
34225
2148
2269
34345
34224
2147
2268
2389
34344
34223
2146
2267
2388
34343
34222
2145
2266
2387
34342
11469
34229
5673
2166
2287
34330
2165
2286
2164
2285
2163
2284
2162
2283
2161
2282
2160
2281
2280
34338
34337
34336
34335
2159
34334
2158
2279
34333
2157
2278
2399
34332
2156
2277
2398
34331
34339
2290
27906
2177
2298
2176
2297
2175
2296
2174
2295
2173
2294
2172
2293
2171
2292
2170
2291
34327
34326
34325
34324
34323
2169
34322
2168
2289
34321
2167
2288
34320
34329
34328
2180
5331
2188
2187
2186
2185
2184
2183
2182
24526
2181
34316
34315
34314
34313
34312
34311
33223
2179
34310
2178
2299
34319
34318
34317
2191
2190
2199
2198
2197
2196
2195
2194
2193
2192
34305
34304
34303
34302
34301
34300
2189
34309
34308
11785
34307
34306
19395
24743
683
452
7672
12504
10440
34297
34296
34295
34294
34293
34292
34291
34290
367
34299
22087
34298
34286
34285
34284
34283
34282
34281
34280
34289
34288
25562
34287
10082
34275
34274
34273
34272
34271
34270
34279
34278
34277
25332
34276
9405
27729
34264
34263
34262
34261
34260
34269
34268
34267
34266
34265
14531
15626
34253
34252
34251
23136
34250
34259
34258
34257
34256
34255
34254
13212
7386
34242
34362
34241
34361
34240
34360
34249
34248
34247
34246
34245
34244
34243
34352
34231
34351
34230
34350
34239
34359
34238
34358
34237
34357
34236
34356
33387
34235
34355
34234
34354
34233
34353
34232
14170
10811
1735
15277
20958
32824
16222
29658
28681
25144
30959
2405
2404
2403
2402
2401
2400
2409
2408
2407
2406
2416
2415
2414
2413
2412
2411
2410
2419
2418
2417
