22998
22999
17841
22990
23045
22991
23046
22992
23047
22993
23048
22994
23049
22995
22996
22997
23040
23041
23042
23043
23044
53146
4981
17055
67798
23056
23057
23058
23059
39509
23050
23051
23052
23053
23054
23055
10780
11753
14901
22976
22977
22978
22979
8557
23023
23024
22970
23025
22971
23026
22972
23027
22973
23028
22974
23029
22975
12814
23020
23021
23022
30120
22987
22988
18368
22989
18120
23034
22980
23035
22981
23036
22982
23037
22983
23038
22984
23039
22985
22986
46935
10403
22060
23030
23031
23032
23033
57539
22954
23009
22955
22956
22957
22958
22959
6950
23001
21629
23002
23003
23004
22950
23005
22951
23006
22952
23007
22953
23008
55487
23000
6043
22965
12480
22966
68202
22967
22968
22969
49622
5510
23012
23013
43529
23014
22960
23015
22961
23016
22962
23017
22963
23018
22964
23019
33840
59972
23010
53871
23011
50001
22932
23108
22933
23109
22934
22935
22936
22937
22938
22939
23100
23101
23102
74695
23103
23104
23105
22930
23106
22931
23107
22929
72829
22943
22944
22945
22946
17350
22947
56919
22948
22949
23111
74103
23112
23113
22940
44712
22941
22942
12108
743
32054
23110
10045
22910
22911
22912
22913
22914
22915
8015
22916
22917
29782
3598
22907
22908
22909
15943
22921
22922
22923
22924
39220
22925
22926
22927
22928
7050
22920
22918
22919
73708
14502
72871
4587
1090
21135
21377
6421
22904
22905
22906
48159
20728
26701
423
19859
20282
71202
2199
23089
23081
23082
23083
23084
23085
23086
23087
23088
14137
43251
7638
23080
74848
74847
74846
74845
13177
15594
73993
23092
23093
23094
23095
23096
23097
23098
23099
18623
23090
15239
23091
11087
41178
74853
74852
23067
69949
74851
23068
63842
74850
23069
23060
23061
23062
1312
23063
23064
23065
23066
74849
67893
23078
23079
23070
23071
23072
23073
23074
23075
23076
23077
24045
56769
