39076
39075
39078
39077
39079
39070
39072
39071
39074
39073
19107
39065
39064
39067
39066
39069
39068
17056
22762
39061
39060
39063
39062
2559
32431
3644
11754
39054
39053
39056
39055
39058
39057
39059
39050
39052
39051
12815
39043
39042
39045
39044
39047
39046
39049
39048
39041
39040
35804
39032
39034
39033
39036
39035
39038
39037
20534
31676
39039
39142
39141
39144
21630
39143
39146
21870
39145
39148
39147
39140
39131
39130
39133
39132
17581
39135
39134
39137
5642
39136
20758
11806
39139
39138
39120
39122
39121
39124
39123
39126
39125
3228
744
39128
39127
39129
23207
23328
23208
23329
23209
23320
23200
23321
23201
23322
23202
23323
23203
23324
23204
23325
23205
23326
23206
23327
38949
3599
15944
34108
23218
23339
23219
23210
23331
23211
23332
23212
23333
23213
23334
23214
23335
23215
23336
23216
23337
23217
23338
23330
14503
23306
23307
23308
23309
6775
23300
23301
23302
23303
23304
23305
36508
1091
23317
23318
21136
23319
6422
23310
23311
23312
23313
23314
23315
23316
787
23405
11429
32245
7639
10454
28096
5346
18157
39098
39097
39099
39090
39092
39091
39094
39093
39096
39095
30166
39087
39086
6100
39089
39088
6467
39081
39080
39083
39082
39085
39084
465
9727
8999
12864
8651
5024
23166
23287
23167
23288
23168
23289
23169
23280
23160
23281
23161
23282
23162
23283
23163
23284
23164
23285
23165
23286
17842
23177
23298
23178
23299
23179
23290
23170
23291
23171
23292
23172
23293
23173
23294
23174
23295
23175
23296
23176
23297
8415
23144
23265
26775
23145
23266
23146
23267
23147
23268
23148
23269
23149
23260
23140
23261
23141
23262
23142
23263
23143
23264
5295
23155
23276
23156
23277
23157
23278
23158
23279
23159
23270
23150
23271
23151
23272
23152
23273
23153
23274
23154
23275
8693
23122
23243
23364
23123
23244
23365
23124
23245
23125
23246
23126
23247
23127
23248
23128
23249
7360
23129
23360
23240
23361
23120
23241
23362
23121
23242
23363
12481
23133
23254
23134
23255
23135
23256
23136
23257
23137
23258
23138
23259
23139
23250
23130
23251
23131
23252
34376
23132
23253
23229
68
23221
23342
23222
23343
23223
23344
23224
23345
23225
23346
23226
23347
23227
23348
23228
23349
23340
23220
23341
23119
11131
8368
23232
23353
23233
23354
23234
23355
23114
23235
23356
23115
23236
23357
23116
23237
23358
23117
23238
23359
23118
23239
23350
23230
23351
23231
23352
36659
39111
39110
39113
18891
39112
39115
39114
30540
20729
39117
39116
39119
39118
39100
39102
39101
39104
14187
39103
39106
39105
39108
39107
39109
2836
3934
18407
16468
16794
20937
29866
14138
8060
21909
23188
23189
2526
23180
23181
23182
30840
23183
23184
2884
23185
23186
23187
11088
23199
28527
23191
23192
23193
1445
23194
23195
23196
23197
23198
23190
