40065
40064
40063
40062
40069
40068
40067
40066
40061
19107
40060
40054
40053
40052
40051
40058
40057
40056
17056
40055
22762
40059
40050
11754
40043
40042
40041
40040
40047
40046
40045
40044
40049
20318
40048
12815
40032
40031
40030
40036
40035
40034
40033
40039
40038
40037
40021
40020
40025
40024
40023
40022
40029
40028
40027
40026
20534
4643
40010
21630
40014
21870
40013
40012
40011
40018
40017
40016
40015
40019
22934
17581
40003
40002
40001
5642
40000
40007
40006
40005
40004
40009
40008
19413
28242
3228
27155
744
23207
23328
23208
23329
23209
23320
23200
23321
23201
23322
23202
23323
23203
23324
23204
23325
23205
23326
23206
23327
3599
15944
23218
23339
23219
23210
23331
23211
23332
23212
23333
23213
23334
23214
23335
23215
23336
23216
23337
23217
23338
24540
23330
14503
23306
23307
23308
23309
23300
23301
23302
23303
23304
23305
33237
14956
1091
23317
23318
21136
23319
6422
3277
23310
24761
23311
23312
23313
23314
23315
23316
25948
11429
28097
7639
19159
17093
31141
5349
12869
30278
9727
8999
40072
40071
40070
8651
39991
39990
39993
39992
39995
7687
39994
23166
23287
23167
23288
23168
23289
23169
23280
23160
23281
23161
23282
23162
23283
23163
23284
23164
23285
23165
23286
15304
39997
39996
39999
39998
17842
23177
23298
23178
23299
23179
23290
23170
23291
23171
23292
23172
23293
23173
23294
23174
23295
23175
23296
23176
23297
39986
39985
5029
39988
39987
39989
23144
23265
23145
23266
23146
23267
23147
23268
23148
23269
23149
23260
23140
23261
23141
23262
23142
23263
23143
23264
14557
9773
5295
23155
23276
23156
23277
23157
23278
23158
23279
23159
23270
23150
23271
23151
23272
23152
23273
23153
23274
23154
23275
13233
23122
23243
23364
23123
23244
23365
23124
23245
23125
23246
23126
23247
23127
23248
23128
23249
7360
23129
23360
23240
23361
23120
23241
23362
23121
23242
23363
12481
23133
23254
34011
23134
23255
23135
23256
23136
23257
23137
23258
23138
23259
23139
23250
23130
23251
23131
23252
23132
23253
23229
68
11481
23221
23342
23222
23343
23223
23344
23224
23345
23225
23346
23226
23347
23227
23348
23228
23349
23340
23220
23341
37511
23119
8368
23232
23353
23233
23354
23234
23355
23114
23235
23356
23115
23236
23357
23116
23237
23358
23117
23238
23359
23118
23239
23350
23230
23351
23231
23352
18891
37057
1852
28692
20729
37283
2836
3934
37387
16468
16794
20937
14138
7098
21913
8065
31948
23188
23189
2526
23180
23181
23182
23183
23184
23185
36027
23186
23187
11088
39416
23199
23191
23192
23193
1445
23194
23195
23196
23197
23198
23190
