8651
65122
23166
23287
23167
23288
18250
23168
23289
23169
23280
23160
23281
23161
23282
23162
23283
25220
23163
23284
23164
23285
23165
23286
17842
13009
19107
17056
23177
23298
23178
23299
23179
22762
23290
23170
23291
36914
23171
23292
23172
23293
23173
23294
23174
23295
23175
23296
23176
23297
11754
23023
23144
23265
23145
23266
23146
23267
23147
23268
23148
23269
23149
12815
23260
23140
23261
23141
23262
23142
23263
23143
23264
5295
43423
65397
38631
23155
23276
23156
23277
23157
23278
64625
23158
23279
23159
23270
23150
23271
23151
23272
23152
23273
23153
23274
23154
23275
5841
63664
23122
23243
23364
23123
23244
23365
23124
23245
23125
23246
23126
23247
23127
23248
38060
23128
23249
7360
20534
23129
23360
23240
23361
23120
23241
23362
23121
23242
23363
49869
9551
21630
7498
21870
12481
23133
23254
23134
23255
23135
23256
23136
23257
23137
23258
23138
23259
23139
23250
23130
23251
23131
23252
23132
23253
23229
68
17581
21288
5642
23221
23342
23222
23343
23223
23344
23224
23345
23225
23346
23226
23347
23227
23348
23228
23349
56238
23340
23220
23341
16935
13667
23119
8368
23232
23353
23233
23354
23234
23355
23114
23235
23356
23115
23236
23357
23116
23237
23358
20645
23117
23238
23359
23118
23239
3228
23350
23230
23351
744
23231
23352
23207
23328
23208
23329
23209
18891
23320
23200
23321
64677
23201
23322
23202
23323
23203
23324
25866
23204
23325
23205
23326
23206
23327
3599
20729
15944
23218
23339
23219
67277
23210
23331
23211
23332
23212
23333
23213
23334
23214
23335
23215
23336
23216
23337
23217
23338
10943
23330
19514
2836
14503
23306
23307
23308
23309
31050
23300
41534
23301
23302
23303
23304
69907
23305
3934
1091
23317
70105
23318
70104
21136
23319
70107
70106
70101
70103
6422
70102
23310
23311
23312
23313
23314
23315
23316
16468
68384
14723
70116
70115
70118
70117
70112
70111
16794
49237
70114
70113
20937
70110
11429
58119
14138
7639
70109
70108
70127
70126
70129
70128
70123
70122
70125
69931
70124
70121
70120
70119
23188
23189
23860
2526
23180
23181
23182
23183
34764
23184
23185
23186
23187
11088
45098
64386
15452
23199
23191
23192
23193
1445
23194
23195
23196
23197
23198
9727
8999
23190
