46602
46603
46600
46601
26796
46608
46609
41951
46606
46607
46604
46605
15669
17057
14583
44416
14902
10781
11755
41495
13581
23386
23387
23388
23389
23380
23381
33511
23382
23383
12816
23384
2200
23385
5296
18121
2584
23397
23398
23399
39160
1800
3306
23390
23391
23392
23393
23394
23395
23396
23485
23486
23366
23487
23367
23488
23368
23489
23369
23480
23481
23482
23483
23484
6044
21871
46598
46599
20780
46596
46354
12482
46597
23375
23496
23376
23497
23377
23498
23378
23499
23379
23490
23370
23491
23371
23492
23372
23493
29357
23373
23494
23374
23495
46594
46595
2917
46592
46593
46590
46591
17582
23584
23463
23464
23465
22498
23466
23467
23468
23469
23580
23581
23460
23582
23461
23583
23462
22946
8369
44155
23474
23475
23476
23114
23477
23478
23479
3229
23470
23471
23472
23473
5643
11499
6738
23449
19622
18892
19860
23562
23441
23563
23442
23564
23443
23565
23444
23566
23445
23567
23446
23568
23447
23569
23448
23560
23561
23440
43294
38250
23573
23452
23574
23453
23575
23454
23576
23455
7051
23577
23456
23578
23457
23579
23458
23459
23570
23571
23450
23572
23451
14982
16005
23427
23548
15240
23428
23549
23429
39334
23540
23420
23541
23421
23542
23422
23543
31293
23423
23544
9000
23424
23545
23425
23546
23426
23547
36863
10116
23559
23438
21137
23439
44237
46653
46654
6423
9379
46651
46652
23430
23551
23552
23431
23553
23432
23554
23433
23555
23434
23556
23435
23557
23436
1092
23558
23437
424
23550
46650
23405
23526
46646
23406
23527
46647
23407
23528
46644
17643
23408
23529
46645
23409
46642
16795
46643
46640
46641
18173
23520
23400
23521
23401
23522
23402
23523
23403
23524
46648
23404
23525
46649
31830
23416
23537
46635
23417
23538
46636
24989
23418
23539
46633
42950
23419
46634
46631
46632
15595
46630
23530
23410
23531
23411
23532
23412
23533
46639
23413
23534
23414
23535
46637
23415
23536
46638
30851
30179
3600
11430
18624
23504
46624
23505
46625
23506
46622
20112
23507
46623
44325
23508
46620
23509
46621
23500
46628
23501
46629
23502
46626
23503
46627
24151
28874
11089
2527
23515
46613
23516
46614
23517
46611
23518
46612
23519
46610
19370
46619
23510
23511
46617
23512
46618
23513
46615
23514
46616
35046
9728
13832
