2430
2306
2427
2305
2426
2304
2425
2303
2424
2302
2423
32320
2301
2422
2300
2421
2420
2309
5813
2308
2429
2307
2428
16086
2320
2441
2440
2317
2438
2316
2437
2315
2436
2314
2435
2313
2434
5
2312
2433
2311
2432
2310
2431
19239
2319
2318
2439
18234
2210
2331
2452
2330
2451
2450
2207
2328
2449
2206
2327
2448
2205
2326
2447
2204
2325
2446
2203
2324
2445
2202
2323
2444
2201
2322
2443
2200
2321
2442
2209
2208
2329
2221
2342
2463
2220
2341
2462
2340
2461
2460
2218
2339
2217
2338
2459
2216
2337
2458
2215
2336
2457
2214
2335
2456
2213
2334
2455
2212
2333
2454
2211
2332
2453
2219
15065
2232
2353
1384
2231
2352
2230
2351
2350
2229
2228
2349
1259
2227
2348
2469
2226
2347
2468
2225
2346
2467
2224
2345
2466
2223
2344
2465
2222
2343
2464
2243
2364
2242
2363
1031
2241
2362
2240
2361
2360
2239
2238
2359
2237
2358
2236
2357
2235
2356
2234
2355
2233
2354
4411
40124
2254
2375
2253
2374
2252
2373
2251
2372
2250
2371
2370
2249
2248
2369
2247
2368
2246
2367
2245
2366
2244
2365
2144
2265
2386
2143
2264
2385
2142
2263
2384
2141
2262
2383
2140
2261
2382
2260
2381
2380
2139
2259
2258
2379
2257
2378
2256
2377
2255
2376
62010
2155
2276
2397
2154
2275
2396
2153
2274
2395
2152
2273
2394
2151
2272
2393
2150
2271
2392
2270
2391
2390
2149
2148
2269
2147
2268
2389
2146
2267
2388
2145
2266
2387
63591
2166
2287
2165
2286
2164
2285
2163
2284
2162
2283
2161
2282
2160
2281
26847
2280
52340
2159
2158
2279
2157
2278
2399
2156
2277
2398
2290
2177
2298
2176
2297
2175
2296
2174
2295
2173
2294
2172
2293
2171
2292
2170
2291
2169
2168
2289
2167
2288
2180
2188
2187
2186
2185
2184
2183
2182
2181
2179
2178
2299
2191
2190
2199
2198
2197
2196
2195
2194
2193
2192
2189
43489
683
13978
66550
17188
10565
17720
15423
367
34058
7479
9528
66934
66935
66933
66938
66939
25428
66936
66937
66941
66942
66940
66945
66946
66943
66944
66949
66947
66948
48890
66952
66953
66950
66951
66956
66957
66954
66955
52568
43738
54199
1735
49027
26012
25045
18758
63928
10925
49228
16326
2405
2404
2403
2402
2401
2400
52711
60450
48485
2409
2408
2407
2406
2416
2415
2414
2413
2412
2411
2410
2419
2418
2417
