17057
49547
64962
41704
14902
10781
54800
11755
23386
23387
23388
42903
23389
2689
23380
23381
49092
23382
23383
12816
23384
2200
23385
5296
28609
18121
70741
23397
23398
23399
1800
23390
23391
23392
23393
23394
23395
23396
30911
11610
23485
23486
23366
23487
23367
23488
23368
23489
23369
10614
23480
23481
23482
23483
50233
23484
59969
65970
6044
21871
12482
23375
23496
23376
23497
23377
23498
23378
23499
23379
28948
23490
23370
23491
23371
23492
52421
23372
23493
23373
23494
23374
23495
72713
72714
72711
72712
17582
72710
23463
23584
23464
23465
22498
23466
23467
23468
23469
31894
23580
23460
23581
23461
23582
23462
23583
8244
72724
72725
72722
20882
72723
8369
72720
72721
23474
23475
23476
23114
23477
9571
23478
23479
3229
23470
23471
23472
23473
58423
5643
72719
72717
53419
72718
72715
6738
72716
23449
19622
18892
19860
23441
23562
23442
23563
23443
23564
23444
23565
23445
23566
23446
23567
23447
23568
23448
23569
23560
23440
23561
72726
72727
66985
23452
23573
23453
23574
23454
23575
23455
23576
7051
23456
23577
23457
23578
23458
23579
23459
32039
23570
23450
23571
23451
23572
23427
23548
15240
23428
23549
23429
23540
23420
23541
23421
23542
23422
23543
23423
23544
9000
23424
23545
23425
23546
23426
23547
23438
23559
21137
23439
6423
9379
23430
23551
23431
23552
23432
23553
23433
23554
23434
23555
23435
23556
23436
23557
1092
23437
23558
34434
57134
424
23550
49245
23405
23526
23406
23527
23407
23528
23408
23529
23409
14013
16795
23520
23400
23521
22433
23401
23522
23402
23523
23403
23524
23404
23525
4128
23416
23537
23417
23538
23418
23539
23419
15595
23530
23410
23531
23411
23532
23412
23533
23413
23534
23414
23535
23415
23536
3600
11430
18624
30613
23504
23505
23506
23507
23508
23509
61785
63600
23500
23501
23502
23503
11089
2527
23515
23516
23517
23518
23519
19370
23510
23511
23512
23513
23514
54100
55798
14366
16665
71904
9728
13832
