75169
17057
14902
52981
10781
6358
11755
23386
23387
74410
23388
23389
77490
23380
23381
3534
23382
23383
12816
23384
2200
23385
76722
9999
5296
17031
18121
23397
23398
23399
1800
23390
23391
23392
23393
23394
23395
23396
23485
23486
23366
23487
23367
23488
23368
23489
77392
23369
75880
23480
23481
23482
23483
23484
33616
6044
21871
12482
23375
23496
23376
23497
23377
23498
23378
23499
23379
23490
23370
23491
23371
23492
23372
23493
23373
23494
23374
23495
61133
76858
17582
41575
23463
23584
23464
23465
22498
23466
23467
23468
59062
23469
79113
79112
23580
23460
23581
23461
23582
23462
23583
8369
23474
23475
23476
23114
23477
23478
23479
68906
3229
23470
50143
23471
23472
23473
5643
6738
23449
37174
19622
47536
18892
19860
23441
23562
23442
23563
23443
23564
23444
23565
23445
23566
23446
23567
23447
23568
23448
23569
23560
23440
23561
74247
23452
23573
23453
23574
23454
23575
23455
23576
7051
23456
23577
23457
23578
23458
23579
67717
23459
75690
34576
23570
23450
23571
23451
23572
69452
23427
23548
15240
21368
23428
23549
23429
20275
23540
23420
23541
23421
23542
23422
23543
23423
23544
9000
23424
23545
23425
23546
23426
23547
78504
23438
23559
21137
23439
6423
9379
23430
23551
23431
23552
23432
23553
23433
23554
23434
23555
23435
23556
23436
23557
1092
23437
23558
424
23550
23405
23526
23406
23527
23407
23528
23408
23529
23409
16795
23520
23400
23521
23401
23522
23402
23523
23403
23524
23404
23525
23416
23537
23417
23538
23418
23539
23419
74722
15595
23530
23410
23531
23411
23532
23412
23533
23413
23534
23414
23535
23415
23536
55773
15915
3600
60442
11430
18624
23504
23505
23506
23507
23508
13144
23509
61663
23500
23501
23502
23503
11089
2527
2769
23515
42497
23516
23517
23518
23519
19370
23510
74188
23511
23512
23513
74064
23514
78896
9728
13832
