23845
23846
23847
23848
23849
8653
23840
23841
23842
23843
23844
52973
19109
23856
23857
23858
23859
23850
63513
23851
67439
23852
23853
23854
23855
11756
31101
14903
23823
23824
23825
23826
23827
23828
23829
23820
62438
23821
23822
57887
12818
35013
13104
76724
23834
23835
23836
5297
18369
23837
42214
23838
73215
23839
23830
22500
23831
23832
23833
77923
23801
23802
23803
23804
23805
23806
23807
23808
20536
23800
23812
23813
23814
21872
23815
12483
23816
6046
23817
23818
23819
23810
23811
52780
33601
23809
23900
23901
23902
23903
63682
23904
23905
23906
23907
26737
37876
23911
23912
23913
23914
46579
23915
23916
17352
3230
23116
23910
43989
23908
746
23909
6739
20730
77192
8371
62804
34343
15945
7052
25515
14504
9002
15242
23782
75588
23783
78180
23784
23785
23786
23787
23788
23789
32387
23781
4589
63480
17792
23793
40799
23794
23795
23796
23797
1094
23798
23799
78176
21139
78178
60547
78177
78179
23790
23791
23792
426
20283
23889
16796
23881
23882
23883
23884
23885
23886
23887
23888
57146
77677
23880
14140
15597
23892
23893
23894
23895
23896
23897
23898
23899
3601
23890
23891
13178
11431
23867
23868
23869
23860
23861
23862
23863
23864
23865
23866
77573
4268
76800
2529
23878
23879
67532
48114
20482
23870
23871
23872
23873
63855
23874
23875
11090
23876
23877
1447
9968
75708
9729
