23966
23967
43213
23968
23969
8654
24013
24014
23960
24015
26315
23961
24016
23962
24017
23963
24018
23964
24019
23965
24010
24011
24012
35277
17843
23977
23978
23979
42598
19110
24024
23970
24025
23971
24026
23972
24027
23973
24028
23974
24029
23975
23976
11757
14904
24020
24021
24022
24023
10783
23944
23945
23946
41130
28718
23947
6498
23948
23949
23940
23941
23942
23943
29363
49650
34725
23955
47108
23956
23957
23958
5298
23959
5059
24002
24003
24004
23950
24005
23951
24006
23952
24007
22501
23953
24008
23954
24009
10404
22061
24000
24001
23922
23923
23924
23925
23926
23927
23928
23929
23366
23920
23921
156
23919
23933
23934
23935
23936
6047
17130
23937
12484
23938
23939
26642
23930
23931
23932
51692
51694
51693
51696
34133
51695
51698
51697
51699
37527
69
8114
23917
17353
23918
3231
12109
747
2939
10047
36537
38261
8017
18893
24093
24094
24095
24096
24097
10495
21140
45351
24090
24091
24092
7053
27498
2838
14505
4590
9003
48604
38365
15243
24079
41655
24071
24072
24073
24074
24075
24076
24077
24078
51700
51702
51701
51704
24070
51703
51706
51705
21378
51708
51707
9811
51709
22905
42858
1095
13518
24082
24083
24084
32135
24085
24086
24087
24088
24089
427
51711
51710
51713
51712
31842
24080
51715
24081
51714
51717
51716
13280
51719
51718
16554
24057
24058
24059
24050
24051
24052
24053
24054
24055
24056
51720
51722
51721
51724
51723
51726
51725
51728
14141
51727
17411
51729
24068
24069
24060
24061
24062
24063
24064
24065
20939
24066
24067
51731
51730
51733
13179
15598
51732
51735
51734
51737
49581
18626
51736
23988
51739
23989
51738
48129
23980
24035
23981
24036
23982
24037
23983
24038
23984
24039
23985
23986
23987
24030
24031
24032
24033
51740
24034
51741
15686
23999
45644
9730
11091
23991
24046
23992
24047
23993
24048
23994
24049
23995
23996
21217
23997
23998
24040
24041
24042
24043
24044
23990
24045
