43578
7443
24134
24255
24135
24256
24136
24257
24137
24258
24138
24259
24139
24250
24130
24251
24131
24252
24132
24253
24133
24254
17844
19111
4982
24145
24266
24146
24267
24147
24268
24148
24269
24149
27770
24260
11758
24140
24261
24141
24262
24142
24263
24143
24264
24144
24265
34617
10784
24112
24233
22298
24113
24234
24114
24235
24115
24236
24116
24237
24117
24238
24118
24239
24119
28273
12819
24230
24110
24231
24111
24232
28729
5299
18122
24123
24244
24124
24245
24125
24246
24126
24247
24127
24248
24128
24249
24129
56203
56204
56205
10405
56206
24240
24120
24241
56200
24121
24242
56201
24122
24243
56202
56207
56208
1802
56209
24219
45276
12110
24211
24212
24213
24214
24215
24216
24217
24218
56214
56215
56216
56217
56210
56211
56212
24210
56213
56218
56219
24109
21632
21873
24101
24222
24102
24223
24103
24224
24104
24225
56220
24105
24226
24106
24227
24107
24228
24108
24229
56221
24220
24100
24221
49065
24319
24318
46229
17584
24311
24310
24313
24312
24315
24314
24317
24316
850
51460
70
17354
24208
24209
22824
44831
10163
24200
3232
24201
24202
24203
24204
24205
24206
24207
5645
748
10048
20731
16470
47412
8018
54074
24098
24099
15946
24307
7054
24308
24309
19199
38376
39345
24300
24301
24302
24303
24304
24305
24306
14506
2839
51812
2958
55859
21003
39572
9480
24192
24193
24194
24195
24196
32144
24197
24198
23781
24199
24190
24191
21379
20284
22906
38598
56164
56165
13519
56166
56167
56168
56169
428
23648
24178
24299
56173
24179
56174
56175
56176
56170
56171
56172
24170
24291
24171
24292
24172
24293
24173
24294
25382
24174
24295
56177
24175
24296
56178
24176
24297
56179
24177
24298
24290
19710
20142
24189
56184
56185
56186
56187
56180
56181
56182
56183
24181
24182
3602
24183
24184
24185
56188
24186
56189
24187
24188
53113
18627
11432
15599
24180
43476
56190
24156
24277
56195
24157
24278
56196
24158
24279
56197
24159
56198
56191
56192
56193
56194
24270
24150
24271
24151
24272
24152
24273
56199
24153
24274
24154
24275
24155
24276
4269
19928
11092
47944
24167
24288
24168
24289
24169
24280
24160
24281
24161
24282
24162
24283
24163
24284
24164
24285
24165
24286
25013
24166
24287
33661
51510
18966
