65369
24134
24255
24135
24256
24136
24257
24137
24258
24138
24259
24139
24250
24130
24251
24131
24252
24132
24253
24133
24254
17844
64285
72108
72109
72106
72107
19111
72104
72105
72102
4982
72103
24145
24266
72100
24146
24267
72101
24147
24268
24148
24269
63877
24149
24260
55694
11758
24140
24261
24141
24262
24142
24263
24143
24264
24144
24265
10784
63088
72115
65941
72113
36463
38641
72114
24112
24233
72111
22298
24113
24234
72112
24114
24235
24115
24236
72110
24116
24237
24117
24238
24118
24239
24119
11604
12819
24230
24110
24231
24111
24232
5299
18122
24123
24244
24124
24245
24125
24246
24126
24247
24127
24248
24128
24249
24129
10405
24240
24120
24241
24121
24242
24122
24243
1802
24219
12110
24211
24212
24213
24214
24215
24216
24217
20655
24218
28015
58994
24210
24109
21632
21873
42796
24101
24222
24102
24223
24103
24224
24104
24225
24105
24226
24106
24227
24107
24228
28945
54161
24108
24229
24220
24100
24221
71605
24319
24318
17584
65863
24311
24310
24313
24312
24315
24314
24317
24316
2006
70
17354
24208
24209
24200
3232
24201
24202
24203
24204
55274
24205
24206
24207
26868
10607
5645
748
46692
10048
20731
16470
8018
24098
24099
15946
24307
7054
24308
24309
70447
43164
24300
24301
24302
24303
24304
24305
24306
1624
14506
2839
24192
24193
24194
24195
24196
24197
24198
23781
24199
7859
24190
24191
21379
20284
22906
37025
48038
24645
13519
67051
428
24178
24299
24179
33571
72098
72099
72096
72097
72094
72095
24170
24291
24171
24292
63937
24172
24293
24173
24294
24174
24295
24175
24296
24176
24297
24177
24298
24290
24189
24181
54684
24182
3602
24183
24184
24185
24186
24187
24188
18627
11432
15599
24180
33449
24156
24277
24157
24278
24158
24279
24159
24270
24150
24271
24151
24272
24152
24273
24153
24274
3059
24154
24275
24155
24276
4269
11092
65230
24167
24288
24168
24289
24169
24280
24160
24281
24161
24282
24162
24283
24163
24284
24164
24285
24165
24286
24166
24287
14005
70936
34878
