43333
24377
24498
18370
24376
24497
24379
24378
24499
26677
16192
24490
24371
24492
24370
24491
24373
24494
24372
24493
24375
24496
24374
24495
17845
24388
24387
24389
22642
24380
24382
24381
24384
24383
24386
24385
34979
18235
54929
24355
24476
24354
24475
24357
24478
24356
24477
24359
24358
24479
24470
24351
24472
24350
24471
24353
24474
57642
24352
24473
4983
66003
18123
24366
24487
24365
24486
24368
24489
24367
24488
60938
24369
61912
24360
24481
24480
22062
24362
24483
24361
24482
24364
24485
24363
24484
38515
1803
66480
38981
46244
24333
24454
24332
24453
24335
24456
23367
24334
24455
24337
24458
24336
24457
24339
24338
24459
24450
24331
24452
24330
24451
12111
43883
21874
65299
6048
24344
24465
24343
24464
24346
24467
24345
24466
24348
24469
24347
24468
44855
24349
24340
24461
24460
24342
24463
24341
24462
17585
24439
24432
24431
24434
24433
24436
24435
24438
24437
24430
71
24329
47421
24322
24443
24321
24442
24324
24445
24323
24444
24326
24447
24325
24446
23117
24328
24449
24327
24448
24320
24441
24440
52569
749
10049
24418
19862
24417
16471
24419
64550
5300
24410
65767
24412
24411
24414
24413
24416
20732
24415
62935
15947
13520
19624
7055
24429
24428
47883
24421
24420
24423
24422
24425
24424
24427
24426
14507
50166
8019
49936
67047
4591
9004
67048
67046
15244
67049
58692
24511
24510
13180
2840
29400
24407
67058
24406
67059
24409
44359
67056
24408
67057
24401
1096
24400
24403
24402
24405
24404
67050
67051
67054
67055
67052
67053
24616
67069
67067
67068
7641
9381
38906
67061
67062
67060
67065
67066
64591
67063
67064
20940
24506
24505
24508
47964
24507
24509
24500
24502
24501
24504
24503
50641
67070
67071
24399
24398
4270
24391
24390
24393
24392
24395
24394
24397
53002
24396
11093
28767
19494
1448
3748
12988
2530
13834
10566
