37573
24377
24498
18370
24376
24497
24379
24378
24499
16192
24490
24371
24492
24370
24491
24373
24494
24372
24493
24375
24496
24374
24495
17845
24388
24387
24389
75295
24380
24382
24381
60006
24384
24383
24386
24385
11996
20674
75622
24355
24476
24354
24475
24357
24478
24356
24477
24359
24358
24479
24470
24351
24472
24350
24471
24353
24474
24352
24473
4983
16974
18123
24366
24487
73211
24365
24486
24368
24489
24367
24488
24369
28967
24360
24481
24480
22062
24362
24483
24361
24482
24364
24485
24363
24484
56565
1803
71721
24333
24454
24332
24453
24335
24456
23367
24334
24455
24337
24458
24336
24457
24339
24338
24459
24450
60951
24331
24452
24330
24451
12111
21874
6048
24344
24465
24343
24464
24346
24467
24345
24466
24348
24469
24347
24468
24349
24340
24461
24460
24342
24463
24341
24462
17585
24439
72157
24432
24431
24434
24433
24436
24435
24438
24437
24430
71
5517
24329
67254
18560
24322
24443
24321
24442
24324
24445
24323
24444
24326
24447
24325
24446
23117
24328
24449
24327
24448
32058
24320
24441
24440
749
10049
24418
19862
24417
16471
24419
5300
24410
24412
24411
24414
24413
24416
20732
24415
30785
15947
50950
13520
19624
67141
7055
22008
24429
24428
24421
24420
24423
24422
24425
75210
24424
24427
24426
14507
31627
8019
4591
9004
13067
15244
37035
34440
61982
21805
24511
24510
13180
2840
61067
24407
24406
24409
24408
24401
1096
24400
24403
24402
24405
24404
63808
33341
37253
7641
9381
20940
24506
24505
24508
24507
25717
24509
24500
24502
24501
24504
24503
26245
75827
75826
75825
75824
75823
75822
24399
24398
4270
24391
24390
24393
24392
24395
24394
24397
25486
24396
56516
11093
75833
75832
75831
75830
62885
68505
1448
2530
13834
31369
75829
75828
