24814
24935
46965
24813
24934
46966
24816
24937
46963
24815
24936
46964
24818
24939
46961
24817
24938
46962
24819
18372
24810
24931
46969
16193
24930
24812
24933
46967
24811
24932
46968
11501
24825
45985
24824
24945
43565
17059
24827
24826
24829
24828
19112
24940
24821
24942
24820
24941
24823
24944
24822
24943
14906
24913
24912
24915
24914
24917
24916
24919
24918
24911
24910
9080
2201
24909
4985
35818
43790
24803
24924
24802
24923
24805
24926
24804
24925
24807
24928
24806
24927
24809
24808
24929
24920
24801
24922
24800
24921
10407
5720
34713
43650
20537
34940
19428
24902
24901
24904
24903
24906
24905
24908
24907
24900
11838
18432
6740
10848
5646
5301
24773
24894
24772
24893
24775
24896
24774
24895
24777
24898
24776
24897
2270
24779
24778
24899
36529
24890
24771
24892
33253
24770
24891
13522
21380
45347
24784
24783
27932
24786
24785
24788
24787
24789
14509
24780
24782
24781
24759
43036
24758
24879
24751
24872
24750
24871
24753
24874
24752
24873
24755
24876
24754
24875
24757
24878
24756
24877
24870
24769
4000
19177
10481
24762
24883
1098
24761
24882
24764
24885
24763
24884
24766
24887
24765
24886
24768
24889
24767
24888
24760
24881
24880
24737
24858
24736
24857
24739
24738
24859
24850
24731
24852
24730
24851
24733
24854
24732
24853
24735
24856
24734
24855
430
35510
24748
24869
46998
24747
24868
46999
46996
24749
46997
46994
46995
46992
46993
24740
24861
24860
24742
24863
24741
24862
24744
24865
24743
24864
24746
24867
24745
24866
46990
46991
11434
24836
46987
4272
24835
46988
24838
46985
24837
46986
46983
24839
46984
46981
46982
24830
24832
24831
24834
46989
24833
46980
24726
24847
46976
24725
24846
45885
46977
24728
24849
46974
24727
24848
46975
46972
24729
46973
9731
46970
46971
43464
19371
24841
22300
24840
24843
24842
24724
24845
46978
24844
46979
13836
47018
47019
8655
47016
47017
47014
47015
47012
47013
47010
47011
47009
47007
47008
14584
47005
47006
47003
6488
15671
47004
23178
47001
47002
47000
11163
136
1804
7362
12485
24795
24794
24797
24796
24799
24798
37519
24791
34246
24790
24793
24792
19863
8373
20734
24099
7056
41302
8020
16007
13182
15245
9005
3935
2841
9382
47050
47051
47049
47047
14143
47048
47045
47046
47043
47044
47041
47042
47040
47038
47039
47036
47037
24152
47034
47035
47032
47033
47030
47031
16538
47029
47027
47028
47025
47026
47023
47024
47021
47022
47020
39648
