8656
25103
25102
25105
34064
25104
61567
16194
25107
25106
40989
25109
25108
34866
25101
25100
24946
24948
24947
24949
25114
25113
25116
68407
25115
25118
47805
22764
25117
25119
54364
25110
25112
25111
2202
34168
4986
22503
10408
22064
1805
36699
12820
65393
62451
62579
38052
24222
1271
21876
12486
68577
17586
68576
68575
68574
67129
68579
68578
40128
6050
25084
58415
25083
25086
25085
25088
25087
25089
15601
73
25080
25082
25081
68588
17355
68587
68586
68585
23917
6741
68589
58782
25095
25094
25097
25096
25099
61708
25098
68580
5647
25091
68584
25090
68583
25093
68582
25092
68581
68599
16472
68598
8374
68597
68596
40348
25069
20735
25062
25061
25064
25063
25066
25065
25068
10937
25067
12310
68591
68590
21381
11585
68595
68594
13523
25060
68593
19626
68592
7057
20064
25073
25072
1985
25075
25074
25077
25076
25079
25078
25071
25070
13183
4592
65301
24993
25048
24992
25047
24995
24994
25049
26017
24997
24996
24999
24998
25040
3936
25042
2842
25041
25044
25043
24991
25046
24990
25045
25858
39201
25059
25058
25051
25050
25053
25052
25055
25054
25057
25056
19976
24979
43498
24978
7643
24971
25026
24970
25025
24973
25028
28776
24972
25027
24975
24974
25029
24977
24976
25020
25022
25021
25024
25023
6425
66097
24989
24982
25037
24981
25036
24984
25039
24983
25038
24986
24985
24988
24987
3604
25031
25030
25033
25032
29753
24980
25035
25034
18628
11435
24957
24956
4273
24959
42268
17984
24958
25004
25125
25003
25124
24951
25006
25127
24950
25005
25126
24953
25008
25129
24952
25007
25128
24955
24954
25009
56633
25000
25121
25120
25002
25123
25001
25122
8508
24968
24967
11094
24969
24960
25015
25014
24962
25017
24961
25016
22301
24964
25019
24963
25018
24966
45529
24965
25130
25011
25010
25013
25012
