16195
25224
72452
25223
25226
25225
25228
25227
22876
25229
25220
25222
25221
25235
25234
25237
25236
25239
25238
22765
11759
25231
25230
25233
14907
25232
8657
52864
10785
25209
25202
25201
25204
25203
25206
25205
25208
25207
76166
2203
33079
25200
18125
44993
25213
25212
25215
25214
25217
25216
25219
25218
25211
10409
25210
35002
46495
1806
71845
25301
25300
25303
25302
25305
25304
25306
50590
66023
44297
47443
70880
21634
12487
17587
75545
6051
33718
14510
74
17356
66044
66720
74582
38832
8375
19864
20736
25183
25182
58436
25185
25184
25187
25186
25189
25188
21141
21382
53669
25181
13524
25180
7058
8021
25194
25193
25196
25195
25198
25197
25199
29795
5302
25190
25192
25191
16693
13184
4593
25169
25168
25289
25161
25282
25160
25281
3937
25163
25284
25162
25283
25165
25286
25164
25285
25167
25288
25166
25287
25280
42299
45323
1099
72089
25179
25172
25293
25171
25292
25174
25295
25173
25294
25176
25297
25175
25296
25178
25299
25177
25298
25170
25291
25290
7644
66774
25147
25268
25146
25267
25149
68957
25148
25269
25260
431
25141
25262
25140
25261
76343
25143
25264
76344
25142
25263
76345
25145
25266
76346
25144
25265
76347
76348
69361
76349
6426
16797
14144
25158
25279
25157
25278
25159
25150
25271
25270
25152
25273
25151
25272
25154
25275
25153
25274
1662
25156
25277
25155
25276
69254
4274
75823
38321
25246
25245
25248
25247
70494
25249
25240
25242
76124
25241
25244
54213
25243
47155
11095
25136
25257
25135
25256
25138
25259
19372
25137
25258
25139
63737
76350
13837
76351
76352
25251
76353
25250
76354
25132
25253
76355
25131
25252
76356
25134
25255
25133
25254
1449
