16196
18373
10415
10410
22767
24946
19113
1103
10787
10786
2204
4989
22504
22506
12824
17360
21635
21877
17588
26294
26293
26296
26295
26298
26297
26299
17589
26290
26292
26291
17357
23918
5648
25507
25506
25509
25508
21142
25501
25500
25503
25502
25505
25504
13529
3236
6743
13525
25518
25517
25519
25510
25512
25511
25514
25513
25516
25515
5306
4594
23782
11441
6430
13841
6427
11436
11762
14912
9732
19373
24724
13838
25345
25466
26313
25344
25465
26312
25347
25468
26315
25346
25467
26314
25349
26317
25348
25469
26316
26319
26318
25460
25341
25462
25340
25461
25343
25464
26311
25342
25463
26310
17848
25356
25477
26324
25355
25476
26323
25358
25479
26326
25357
25478
26325
26328
25359
26327
26329
25350
25471
25470
25352
25473
26320
25351
25472
25354
25475
26322
25353
25474
26321
8659
8658
25323
25444
25322
25443
25325
25446
25324
25445
25327
25448
25326
25447
25329
25328
25449
25440
25321
25442
25320
25441
26309
25334
25455
26302
25333
25454
26301
25336
25457
26304
22069
25335
25456
26303
25338
25459
26306
25337
25458
26305
26308
25339
26307
25330
25451
25450
25332
25453
26300
22065
25331
25452
1807
25309
25308
25429
7366
10050
10053
25422
25543
25421
25542
25424
25545
25423
25544
25426
25425
25307
25428
25427
1810
25420
25541
25540
25319
25312
25433
26401
25311
25432
26400
25314
25435
26403
25313
25434
26402
25316
25437
26405
25315
25436
26404
25318
25439
25317
25438
26406
23372
25310
25431
25430
25408
25529
25407
25528
25409
6057
25400
25521
25520
25402
25523
25401
25522
23588
25404
25525
25403
25524
6052
25406
25527
25405
25526
14511
14515
75
15603
25419
25418
25539
25411
25532
25410
25531
25413
25534
25412
25533
25415
25536
25414
25535
25417
25538
25416
25537
25530
8376
19865
16476
26393
26392
26395
26394
26397
26396
26399
26398
19629
22908
19627
26391
26390
8022
8023
7059
26285
26284
26287
26286
26289
26288
9007
13185
26379
26378
26371
26370
26373
3938
26372
26375
26374
26377
26376
15246
15250
26389
26382
26381
26384
26383
26386
26385
26388
26387
26380
25389
26357
25388
26356
26359
26358
25381
25380
25383
26351
25382
26350
25385
26353
25384
26352
25387
26355
25386
26354
16798
14145
26368
25399
26367
26369
20944
25392
26360
25391
25394
26362
25393
26361
25396
26364
25395
26363
25398
26366
25397
26365
25390
3605
25367
25488
26335
25366
25487
26334
25369
26337
25368
25489
26336
26339
26338
25480
25361
25482
25360
25481
25363
25484
26331
25362
25483
26330
25365
25486
26333
25364
25485
26332
25378
25499
26346
25377
25498
26345
26348
25379
26347
26349
25370
25491
25490
25372
25493
26340
25371
25492
25374
25495
26342
25131
25373
25494
26341
25376
25497
26344
25375
25496
26343
