16196
18373
31234
31233
31236
30268
31235
31230
31232
31231
31238
10410
31237
31239
24946
19113
18141
31223
31222
12845
31225
31224
31221
31220
31227
31226
31229
10786
31228
31212
31211
31214
2204
31213
1112
31210
31219
31216
31215
31218
31217
22504
2221
31201
31200
31203
31202
31209
31208
31205
31204
31207
31206
20547
21635
21877
17588
17596
17357
23918
5648
25507
25506
25509
25508
20297
21142
31193
31192
25501
31195
25500
31194
25503
25502
25505
31191
25504
31190
31197
31196
31199
31198
13525
11106
25518
25517
25519
25510
31182
31181
25512
31184
25511
31183
25514
25513
25516
31180
25515
31189
31186
31185
31188
31187
767
21391
4594
23782
31171
31170
31173
31172
31179
31178
31175
31174
31177
31176
5318
24520
31160
31162
31161
31168
31167
31169
31164
31163
31166
31165
19385
31151
31150
31157
31156
31159
31158
31153
31152
31155
31154
6427
31261
31140
31260
31267
31146
31266
31145
31148
31268
31147
31263
31142
31262
31141
31265
31144
31264
31143
31149
11436
7661
31250
18390
31256
31135
31255
31134
31258
31137
31257
31136
31252
31131
31251
31130
31254
31133
31253
31132
31139
31259
31138
19133
17076
9732
25931
31245
13838
31244
31247
31126
14925
31246
31241
31240
31243
31242
31249
31128
31248
31127
31129
25345
25466
25344
25465
25347
25468
25346
25467
25349
25348
25469
25460
25341
25462
25340
25461
25343
25464
25342
25463
25356
25477
25355
25476
25358
25479
25357
25478
25359
25350
25471
25470
25352
25473
25351
25472
25354
25475
25353
25474
9749
8658
10072
12132
25323
25444
25322
25443
25325
25446
25324
25445
25327
25448
25326
25447
25329
25328
25449
25440
25321
25442
25320
25441
25334
25455
25333
25454
25336
25457
25335
25456
25338
25459
25337
25458
25339
25330
25451
25450
25332
25453
22065
25331
25452
1807
25309
25308
25429
10050
25422
25543
25421
25542
25424
25545
25423
25544
25426
25425
25307
25428
25427
25420
25541
25540
25319
7378
25312
25433
25311
25432
25314
25435
25313
25434
25316
25437
25315
25436
25318
25439
25317
25438
25310
25431
18909
25430
25408
25529
25407
25528
25409
25400
25521
25520
25402
25523
25401
25522
25404
25525
25403
25524
6052
25406
25527
25405
25526
14511
21162
75
25419
25418
25539
25411
25532
25410
25531
25413
25534
25412
25533
25415
25536
25414
25535
25417
25538
25416
25537
25530
15613
8376
19865
6071
22908
15268
19627
8022
7059
20746
13185
3938
28675
15246
7077
27595
9027
25389
25388
27328
25381
25380
25141
25383
25382
25385
25384
25387
25386
14145
25399
25392
25391
25394
25393
25396
25395
25398
25397
25390
25367
25488
25366
25487
25369
25368
25489
25480
25361
25482
25360
25481
25363
25484
25362
25483
25365
25486
25364
25485
2540
25378
25499
25377
25498
25379
26105
25370
25491
25490
25372
25493
25371
25492
25374
25495
25131
25373
25494
25376
25497
25375
25496
30955
