16196
18373
38785
25345
25466
25344
25465
25347
25468
25346
25467
25349
25348
25469
25460
25341
25462
25340
25461
25343
25464
25342
25463
10410
24946
19113
25356
25477
25355
25476
25358
25479
25357
25478
25359
25350
25471
25470
25352
25473
25351
25472
25354
25475
25353
25474
8658
10786
17146
25323
25444
25322
25443
25325
25446
25324
25445
25327
25448
25326
25447
25329
39052
25328
25449
10516
2204
25440
25321
25442
25320
25441
56438
56439
22504
49526
25334
25455
25333
25454
25336
25457
25335
25456
56440
25338
25459
27638
25337
25458
25339
56445
56446
56447
56448
25330
25451
56441
25450
56442
25332
25453
56443
22065
25331
25452
56444
1807
56449
25309
25308
25429
10050
16036
25422
25543
25421
25542
25424
25545
56450
25423
25544
56451
25426
54394
25425
25307
25428
25427
56456
56457
56458
56459
56452
56453
25420
25541
56454
25540
56455
17923
37532
39833
25319
18461
5752
25312
25433
25311
25432
56460
25314
25435
56461
25313
25434
56462
25316
25437
25315
25436
21635
21877
25318
25439
25317
25438
56467
56468
56469
56463
56464
25310
25431
56465
25430
56466
25408
25529
25407
25528
17588
25409
25400
25521
56470
25520
56471
33274
25402
25523
56472
25401
25522
56473
25404
25525
25403
25524
6052
25406
25527
25405
25526
56478
56479
56474
852
56475
56476
56477
14511
75
25419
25418
25539
17357
23918
25411
25532
56481
25410
25531
56482
25413
25534
56483
25412
25533
56484
25415
25536
25414
25535
25417
25538
25416
25537
56480
56485
56486
25530
56487
55158
5648
8376
25507
25506
19865
25509
25508
8137
21142
25501
25500
25503
25502
25505
25504
26155
32288
22908
32727
13525
19627
25518
25517
8022
25519
7059
39346
25510
23211
25512
25511
25514
25513
25516
25515
23451
4594
13185
23782
3938
2961
15246
45203
26820
29898
25612
25389
25388
25381
25380
25383
25382
25385
25384
25387
25386
6427
43130
14145
49588
25399
25392
25391
25394
25393
30058
25396
25395
25398
25397
11436
25390
24180
45898
8755
25367
25488
25366
25487
25369
25368
25489
25480
11888
25361
25482
25360
25481
25363
25484
25362
25483
25365
25486
25364
25485
18715
30720
4041
9732
25378
25499
25377
25498
25379
25370
25491
13838
25490
25372
25493
25371
25492
25374
25495
25131
25373
25494
25376
25497
25375
25496
4710
