16196
18373
75600
25345
25466
25344
25465
25347
25468
25346
25467
25349
25348
25469
54233
25460
25341
25462
25340
25461
25343
25464
25342
25463
50679
10410
24946
68883
63076
74525
19113
45983
25356
25477
25355
25476
25358
25479
25357
25478
25359
25350
25471
25470
25352
25473
25351
25472
25354
25475
25353
25474
8658
10786
25323
25444
25322
25443
25325
25446
25324
25445
25327
25448
25326
25447
25329
25328
25449
53044
2204
25440
25321
25442
25320
25441
22504
25334
25455
25333
25454
25336
25457
25335
25456
25338
25459
75870
25337
25458
25339
25330
25451
25450
25332
25453
22065
25331
25452
1807
25309
65165
25308
25429
69527
10050
25422
25543
25421
25542
25424
25545
25423
25544
25426
25425
25307
25428
25427
59847
40816
25420
25541
25540
25319
25312
25433
25311
25432
25314
25435
25313
25434
25316
25437
25315
25436
21635
21877
25318
25439
25317
25438
61803
78476
25310
25431
25430
76737
25408
25529
25407
25528
68334
17588
25409
74336
25400
25521
25520
25402
25523
25401
25522
25404
25525
25403
25524
6052
25406
25527
25405
25526
41218
60967
14511
75
25419
25418
25539
17357
23918
25411
25532
25410
25531
25413
25534
25412
25533
25415
25536
25414
25535
25417
25538
25416
25537
25530
5648
32975
8376
25507
25506
19865
25509
25508
17560
21142
63588
25501
25500
25503
25502
25505
79133
25504
22908
13525
19627
25518
25517
8022
25519
7059
25510
25512
25511
25514
25513
25516
25515
79121
4594
13185
23782
72991
3938
50970
15246
19854
68381
12072
25389
25388
25381
25380
25383
25382
25385
25384
25387
25386
6427
14145
25399
25392
25391
25394
25393
25396
25395
25398
25397
69370
11436
25390
25367
25488
25366
25487
25369
25368
25489
29843
36021
25480
25361
25482
25360
25481
25363
25484
25362
25483
25365
25486
25364
25485
58815
51506
9732
25378
25499
65118
25377
25498
25379
25370
25491
13838
25490
25372
25493
25371
25492
2775
25374
25495
25131
25373
25494
25376
25497
30396
25375
25496
13157
