25903
25902
25905
42246
25904
25907
25906
25909
43573
25908
25901
41956
25900
10412
25914
19114
25913
25916
44656
25915
25918
25917
25919
25910
25912
25911
14909
1101
1907
18704
37202
53048
53602
53603
53600
53601
53606
4988
53607
53604
53605
18126
53608
53609
19454
22067
53610
1808
53613
53614
53611
53612
53617
12822
53618
53615
53616
7363
53619
25785
25784
20539
25787
25786
25789
23369
25546
25788
23920
12917
25781
53620
25780
53621
25783
25782
45151
53622
12113
53623
25796
25795
25798
25797
21879
25799
25790
25792
25791
25794
25793
12488
6054
25884
25883
23586
25886
25885
25888
25887
25889
25880
25882
25881
14512
30569
23119
24322
25774
25895
22144
25773
25894
25776
25897
25775
25896
25778
25899
26989
25777
25898
25779
25770
25891
25890
25772
25893
25771
25892
50265
17359
5649
17911
8377
25869
18896
25862
25861
25864
25863
25866
25865
25868
25867
32720
27363
37618
13527
751
25860
19866
25873
25872
25875
25874
25877
25876
25879
25878
25871
25870
5304
25848
43399
25605
25847
17664
25849
4596
25840
25842
43717
25841
25844
25843
25846
25845
35415
3939
25859
25858
20285
25851
25850
25853
25852
25855
25854
25857
25856
29893
7749
25826
25825
25828
21223
25827
25829
45432
25820
25822
25821
53580
25824
25823
28418
53583
53584
29066
53581
35633
53582
53587
53588
53585
53586
53589
25837
25836
42036
25839
25838
25831
25830
25833
53590
25832
53591
25835
25834
11438
53594
53595
53592
53593
53598
53599
53596
53597
18629
14147
25804
25803
25806
25805
25808
25807
25809
36143
25800
25921
50091
21449
25920
25802
25923
25801
25922
51185
37910
25815
25814
25817
25816
11096
25819
25818
46731
25811
22302
25810
25813
25812
2531
13839
51877
