21545
25903
25902
25905
25904
25907
25906
25909
25908
25901
25900
56413
10412
25914
19114
25913
25916
25915
25918
25917
36473
66345
25919
29955
27412
25910
25912
25911
14909
1101
44884
3783
53724
4988
18126
22067
58061
55359
11617
1808
12822
7363
73349
73348
73347
73346
73345
25785
28019
25784
62698
20539
25787
25786
25789
23369
25546
25788
23920
25781
25780
25783
25782
46484
50358
12113
47572
73359
73358
73357
73356
25796
73355
25795
73354
25798
73353
25797
73352
21879
73351
25799
73350
25790
32631
25792
25791
25794
25793
12488
13695
44291
6054
66155
39498
25884
25883
23586
25886
25885
25888
25887
73360
25889
25880
25882
25881
14512
23119
71876
24322
25774
25895
25773
25894
25776
25897
25775
25896
25778
25899
25777
25898
25779
60987
25770
25891
25890
25772
25893
25771
25892
17359
5649
8377
25869
18896
45234
24652
25862
25861
25864
25863
73144
25866
25865
25868
25867
72172
13527
751
25860
19866
25873
25872
25875
25874
25877
25876
25879
25878
25871
25870
5304
61296
25848
25847
25849
4596
63004
25840
25842
25841
25844
25843
25846
9240
25845
61505
3939
25859
25858
20285
25851
25850
25853
25852
25855
25854
25857
25856
60785
25826
25825
25828
25827
25829
25820
25822
25821
25824
25823
25837
25836
25839
25838
25831
25830
25833
25832
25835
25834
11438
15479
18629
14147
25804
25803
25806
25805
25808
25807
25809
27544
25800
25921
25920
25802
25923
25801
25922
59581
32347
25815
25814
25817
25816
11096
25819
25818
25811
22302
25810
25813
25812
31488
2531
13839
36811
