18376
30020
10788
28397
26092
18127
1122
33746
23933
17379
21637
20304
29207
5651
21146
34220
34107
34106
34105
34104
34103
753
34102
34101
34221
6744
34109
11468
34108
5672
34217
34216
34215
34214
34213
34212
34211
34210
34219
34218
24513
34206
34205
34204
34203
34202
33113
34201
34200
6766
11442
13866
34209
34208
34207
5330
19143
17080
14935
433
11784
13842
19394
7647
32239
25924
4277
17062
22531
11763
7671
30270
26434
26555
34187
26433
26554
34186
26436
26557
34185
26435
26556
34184
26438
26559
34183
26437
26558
34182
34181
26439
34180
22070
26430
26551
26550
26432
26553
34189
26431
26552
34188
8660
26445
26566
34176
26444
26565
34175
26447
26568
34174
26446
26567
34173
26449
34172
26448
26569
34171
34170
26560
26441
26562
26440
26561
34179
26443
26564
34178
26442
26563
34177
26419
9404
26412
26533
34165
26411
26532
34164
26414
26535
34163
26413
26534
34162
26416
26537
34161
26415
26536
34160
26418
26539
26417
26538
34169
34168
26410
26531
34167
26530
34166
18915
10081
26423
26544
34154
26422
26543
34153
26425
26546
34152
26424
26545
34151
26427
26548
34150
26426
26547
26429
26428
26549
34159
26540
34158
34157
26421
26542
34156
26420
26541
34155
26519
26518
7367
14530
23122
26511
34143
26510
34142
26513
34141
26512
34140
26515
26514
26517
25548
26516
1811
34149
34148
25781
34147
34146
34145
34144
10054
15625
26409
26408
26529
26522
34132
26521
34131
24103
26524
34130
26523
26526
26525
26407
26528
26527
34139
34138
34137
34136
34135
23373
26520
34134
34133
6058
34121
34120
23589
34129
34128
1831
13549
34127
34126
34125
34124
34123
34122
77
26508
26507
26509
26500
34110
26502
26501
26504
26503
26506
26505
34118
34117
34116
34115
25770
34114
34113
34112
34111
34119
18898
22924
6081
9008
26499
26492
26491
2843
26494
26493
26496
26495
26498
26497
26490
8042
27597
3941
26478
26477
26479
9384
26470
26591
26590
26472
26593
26471
26592
26474
26595
26110
26473
26594
26476
26475
26596
16799
9038
26489
26488
26481
26480
26483
26482
26485
26484
26487
26486
3606
26456
26577
26455
26576
26458
26579
26457
26578
26459
26450
26571
26570
26452
26573
26451
26572
26454
26575
26453
26574
34190
11097
26467
26588
34198
26466
26587
34197
26469
34196
26468
26589
34195
29854
34194
34193
34192
34191
26580
26461
26582
26460
26581
26463
26584
26462
26583
26465
26586
25133
26464
26585
34199
30830
