26797
26796
26799
27764
26798
10417
26791
26790
26793
26792
26795
1452
26794
9735
24389
5391
53954
53955
53958
53959
53956
53957
12490
41134
26775
26896
26774
26895
26777
26898
26776
26897
26779
26778
26899
45738
26890
26771
26892
53961
26770
26891
53962
26773
26894
26772
26893
53960
53965
53966
53963
53964
53969
53967
2208
53968
22508
26786
26785
26788
26787
26789
12826
26780
26782
53972
26781
53973
26784
53970
26783
53971
53976
53977
53974
53975
53978
53979
37530
26874
23123
26873
26876
26875
26878
24578
26877
26759
26879
53980
26870
53983
53984
26872
53981
26871
53982
53987
53988
53985
10056
53986
12116
53989
26408
3691
26764
26885
26763
26884
21639
26766
26887
26765
26886
26768
26889
26767
26888
26769
53990
53991
26760
26881
53994
26880
53995
26762
26883
53992
23374
26761
26882
53993
53998
53996
53997
5746
26859
46225
12570
26852
26851
26854
26853
26856
26855
26858
26857
37072
14517
3336
26850
79
47665
8128
47542
26863
26862
26865
22146
26864
26867
26866
26869
26868
26861
26860
38716
26838
21148
26837
26839
9469
48864
9104
38268
1187
26830
44827
20738
26832
26831
26834
26833
26836
26835
3238
27365
22909
16478
8024
26849
26848
26841
26840
26843
26842
26845
26844
26847
26846
26284
49389
36876
5307
16801
26816
18631
26815
26818
26817
13187
26819
26810
26931
26930
26812
26933
26811
26932
26814
7063
26813
26934
2845
28554
11443
15252
26827
26826
26829
26828
50618
7752
26821
26820
26823
26822
26825
26824
4598
50505
26915
26914
26917
26916
26919
6431
26918
23641
26911
9385
26910
26913
26912
29068
434
26597
30863
26805
26926
26804
26925
26807
26928
26806
26927
26809
26808
26929
16200
26920
26801
26922
26800
26921
26803
26924
26802
26923
14148
10790
4278
50092
11527
26904
26903
26906
26905
26908
26907
26909
26900
45647
26902
26901
35280
25134
32579
