18379
14452
66216
27524
27525
19340
27522
27523
27528
27529
71481
27526
27527
56896
1455
22073
27520
27521
9738
4601
13124
24947
64168
27535
27536
27533
27534
27539
27537
27538
27531
27532
27530
12047
27508
27509
21640
12492
37674
27502
27503
2450
27500
75740
27501
27506
27507
27504
27505
26094
27519
74425
27513
27514
27511
27512
27517
27518
27515
27516
12829
27510
16744
54276
33733
2104
26078
11032
23376
7370
68213
14519
15606
60057
48517
72166
78491
6061
54867
83
21149
8930
21384
27489
3241
27483
27484
27481
27482
27487
27488
27485
55720
27486
757
78729
6747
27480
73835
57592
77183
27494
27495
27492
27493
10705
27498
27499
77621
27496
27497
13532
13775
16804
27490
27491
14151
7065
18633
27469
23784
27467
27588
27468
27589
24514
27461
27582
34569
27462
27583
27580
27460
27581
27465
27586
27466
27587
27463
27584
53442
27464
27585
11447
27478
27479
9011
27472
27473
27470
78730
27471
77641
27476
78732
27477
78731
27474
27475
77887
3943
27590
6434
27568
27569
27566
27567
27560
27561
27564
27565
27562
436
27563
13843
70248
27458
27579
27459
27456
27577
27457
27578
27571
27572
27570
27575
27576
27573
27574
16203
7649
17064
27546
27547
27544
27545
27548
27549
332
27542
3610
27543
27540
27541
11766
19374
27557
27558
27555
27556
27559
27550
27553
27554
27551
78657
27552
