22512
28055
28056
1457
28053
28054
28059
22074
28057
28058
17849
28051
4603
28052
28050
27898
18381
27899
27896
27897
28744
28066
28067
28064
28065
28068
28069
28062
28063
28060
28061
4992
27986
43319
27987
27984
28039
27985
27988
27989
26096
28033
55344
28034
28031
28032
61106
27982
28037
61105
27983
28038
61104
27980
28035
61103
27981
28036
61102
61101
61100
28030
27997
27998
27995
27996
27999
28044
27990
28045
28042
28043
27993
28048
27994
28049
27991
28046
27992
28047
28040
19217
28041
28281
18214
17363
27964
28019
27965
27962
28017
27963
28018
27968
27969
27966
27967
28011
28012
28010
27960
28015
27961
28016
28013
53189
28014
10059
36329
37085
27975
27976
22167
27973
28028
27974
28029
23379
27979
27977
27978
28022
28023
28020
28021
27971
28026
27972
28027
28024
27970
28025
18901
27948
27949
27942
27943
27940
27941
27946
27947
27944
27945
15607
15725
27959
27953
28008
27954
28009
27951
28006
27952
28007
27957
27958
27955
27956
28000
28001
28004
27950
28005
28002
28003
60064
30316
27928
27929
22912
27926
27927
42522
27920
3243
27921
27924
27925
27922
27923
50274
11906
5654
758
6748
27939
20740
27937
16481
27938
5310
27931
8380
27932
26601
27930
27935
27936
27933
27934
27011
16806
27130
54883
21151
7066
27906
27907
27904
27905
14153
27908
46541
27909
27902
27903
27900
27901
28430
56832
30880
9014
27917
27918
27915
27916
15256
27919
27910
27913
45208
8164
27914
27911
42976
27912
59315
61079
50862
61078
61077
61076
61082
42167
61081
9144
61080
13846
437
61089
61088
61087
61086
61085
61084
61083
61093
25836
61092
4383
61091
61090
7652
36154
200
61099
6437
61098
61097
61096
61095
61094
19120
28075
3611
28070
28073
10795
28074
28071
58817
28072
7791
22307
43226
25135
44437
46736
4281
38798
