9740
21428
20337
22513
28176
28177
28174
28175
25585
28178
35157
28179
28172
28173
28170
12831
28171
17850
22769
45981
45980
45983
45982
18382
9077
28187
28188
28185
487
28186
28189
28180
28183
28184
28181
28182
33647
45974
21885
45973
45976
21641
45975
45970
12495
45972
45971
2210
45978
45977
45979
28154
28155
28152
28153
28158
28159
28156
28157
6803
28150
28151
35814
45963
45962
45965
45964
45961
44079
45960
2581
45967
42337
45966
45969
45968
28165
28166
28163
28164
28169
28167
28168
33508
28161
28162
28160
45952
45951
45954
45953
45950
45959
41117
28138
28139
45956
45955
45958
45957
44747
28132
28133
28130
28131
28136
28137
28134
28135
1815
45941
45940
23814
45943
45942
45949
25553
45948
28149
25313
27616
45945
45944
45947
45946
28143
28144
28141
28142
26760
28147
28148
28145
30693
28146
18902
11159
2914
28140
45930
45932
45931
28118
45938
28119
45937
28116
28117
45939
45934
45933
45936
45935
28110
28111
28114
28115
28112
28113
18679
45921
45920
28129
45927
45926
28127
45929
28128
45928
45923
45922
45925
6062
45924
28121
28122
28120
28125
28126
45919
28123
28124
11498
14521
27929
45910
28217
45916
28218
45915
27489
28215
45918
28216
45917
45912
45911
28219
45914
45913
28210
28213
45909
28214
45908
28211
28212
11100
5655
20291
4327
36525
19633
20068
19870
28107
45905
28108
45904
28105
45907
28106
45906
45901
26602
45900
8381
28109
45903
45902
28220
28100
28221
28103
28224
26286
28104
28101
28222
28102
28223
13533
15956
13897
18428
26937
24516
7067
9015
28206
28207
28204
28205
28208
28209
28202
28203
28200
28201
3945
9388
17641
17400
28099
28097
28098
28091
28092
28090
28095
28096
28093
28094
25957
45423
24985
42949
16205
44324
45897
45896
7420
45899
25926
45898
45893
45892
45895
45894
40400
28077
28198
11767
28078
28199
28196
28076
28197
14917
28079
28190
16535
28191
45891
45890
28194
28195
28192
28193
45886
45885
45888
22308
45887
45884
19376
45889
28088
28089
28086
28087
36135
28080
28081
28084
28085
28082
28083
