9740
19460
22513
28176
28177
2304
28174
28175
28178
28179
48341
28172
28173
28170
12831
16878
28171
17850
22769
41140
18382
28187
28188
28185
28186
29710
28189
28180
44095
28183
28184
28181
28182
53957
21885
21641
12495
2210
56792
22975
28154
56797
28155
56798
28152
56799
28153
10518
28158
50330
56793
28159
56794
28156
56795
28157
56796
28150
56438
28151
27639
28165
28166
28163
28164
28169
28167
28168
28161
28162
28160
28138
28139
28132
28133
28130
28131
28136
28137
28134
28135
36444
1815
25553
28149
25313
28143
28144
28141
28142
26760
28147
28148
28145
28146
18902
28140
44170
6850
22374
28118
28119
28116
28117
28110
28111
28114
28115
28112
28113
13301
28129
28127
28128
6062
28121
33149
28122
28120
56800
28125
28126
28123
28124
56805
56806
56807
14521
56808
56801
56802
56803
56804
48865
56809
28217
28218
28215
28216
44943
28219
28210
56810
56811
28213
28214
28211
28212
11100
56816
5655
36884
56817
56818
20291
56819
56812
56813
56814
56815
43047
19633
20068
19870
28107
28108
28105
28106
26602
8381
28109
38490
28220
28100
28221
56820
56821
56822
28103
28224
26286
28104
28101
28222
28102
28223
13533
56823
15956
56824
56825
26937
24516
39573
7067
2963
9015
25616
17672
28206
28207
28204
28205
36052
28208
28209
55077
28202
28203
28200
35641
28201
3945
9388
28099
28097
28098
28894
28091
28092
28090
28095
28096
28093
37813
28094
43801
16205
13613
19714
25926
28077
28198
11767
28078
28199
28196
28076
28197
14917
28079
28190
28191
28194
28195
28192
28193
49209
22308
19376
25017
28088
28089
28086
28087
28080
28081
4712
28084
28085
28082
28083
