66338
18130
66339
28297
55685
28298
28295
28296
28299
28290
12832
28293
28294
4604
28291
28292
8662
66343
66344
17851
66341
66342
66347
24949
66348
66345
49665
66346
66349
1105
37444
10421
17975
66340
21886
66354
66355
66352
54928
66353
66358
66359
66356
66357
59020
28275
28276
31332
28273
28274
28279
28277
28278
12496
28271
66350
28272
66351
28270
66365
66366
66363
66364
66367
28286
28287
28284
28285
28288
28289
28282
66361
28283
66362
28280
28281
66360
44188
40029
28259
28253
28374
58635
28254
28375
28251
28372
28252
28373
25660
28257
28378
28258
28379
28255
28376
28256
28377
1816
26191
28370
28250
28371
12121
25314
7372
28264
28385
56588
28265
28386
28262
28383
28263
28384
28268
28389
27972
28269
28266
28387
28267
28388
59853
49861
28260
28381
28261
28382
28380
28239
28237
28358
28238
28359
28231
28352
28232
28353
28350
28230
28351
28235
28356
28236
28357
28233
28354
28234
28355
52799
54977
45370
15058
40597
49602
28248
28369
59751
28249
24327
28242
28363
28243
28364
28240
28361
28241
28362
28246
28367
28247
28368
28244
28365
28245
28366
47420
11256
28360
3244
28338
28339
28336
28337
28330
28331
28334
28335
28332
28333
5656
20292
6749
20741
16482
28228
28349
28229
28226
28347
28227
28348
20625
27131
28341
28342
28340
26287
28345
28225
28346
28343
28344
21152
49144
15957
28316
28317
28314
28315
28318
28319
11449
51263
28312
28313
28310
28311
18634
13192
9016
28327
28328
28325
28326
28329
28320
28323
52124
28324
28321
28442
28322
24612
60556
32485
52378
66092
47963
28305
20947
28306
27456
28303
28304
28309
28307
28308
28301
28302
28300
6438
25927
17066
11768
3612
28076
14918
4282
6220
22309
40878
37226
