18130
28297
28298
28295
28296
56772
28299
28290
12832
28293
28294
4604
4846
28291
28292
8662
17851
40051
24949
76130
76131
76132
1105
76133
76134
47364
52624
10421
21886
66237
28275
28276
28273
28274
28279
28277
28278
12496
28271
28272
28270
51428
49888
72485
28286
28287
28284
28285
28288
28289
28282
65150
28283
28280
28281
68796
28259
28253
28374
28254
28375
28251
28372
28252
28373
28257
28378
28258
28379
28255
28376
28256
28377
52772
1816
28370
28250
28371
44056
12121
55490
25314
59294
7372
28264
28385
28265
28386
28262
28383
28263
28384
28268
28389
28269
28266
28387
28267
28388
28260
28381
28261
28382
28380
70898
28239
28237
28358
28238
28359
28231
28352
28232
28353
28350
28230
28351
28235
28356
28236
28357
28233
28354
22010
28234
28355
28248
28369
28249
24327
28242
28363
28243
28364
28240
28361
28241
28362
28246
28367
28247
28368
28244
28365
28245
28366
55279
28360
52207
3244
28338
28339
28336
28337
67708
28330
28331
28334
28335
28332
28333
5656
20292
6749
20741
16482
28228
28349
28229
28226
28347
42639
28227
28348
49948
27131
28341
28342
55056
28340
26287
28345
28225
28346
28343
28344
21152
15957
15835
70453
66995
28316
28317
28314
28315
28318
28319
11449
28312
28313
28310
51025
28311
36621
18634
11326
13192
9016
28327
28328
28325
28326
28329
28320
28323
28324
28321
28322
34662
68151
63033
28305
20947
28306
27456
28303
28304
28309
28307
28308
28301
28302
28300
6438
51972
75926
25927
17066
71462
53360
21327
11768
3612
28076
76124
76125
76126
14918
76127
76128
76129
4282
22309
18288
29297
