2551
4606
12833
1106
10422
21642
1480
1123
4995
17365
2228
20542
19643
34341
34340
34349
34228
34348
34227
34347
34226
34346
34225
34345
34224
34344
34223
34343
34222
34342
11101
5658
11469
34229
20069
5673
34330
34338
34337
15959
34336
34335
34334
34333
34332
34331
34339
27906
34327
34326
34325
34324
34323
34322
34321
34320
34329
34328
5331
24526
34316
34315
34314
34313
34312
34311
33223
34310
11451
34319
34318
34317
24730
34305
34304
34303
13847
34302
34301
34300
34309
11785
34308
34307
34306
6440
19395
24743
17068
19123
22772
24951
452
19378
4285
7672
12504
10440
9742
28734
28735
28732
28733
28738
28739
28736
28737
28730
28731
28745
34297
28746
34296
28743
34295
28744
34294
28749
34293
34292
28747
34291
28748
34290
28741
28742
34299
22087
28740
34298
17853
28718
28839
28719
28712
28833
34286
28713
28834
34285
28710
28831
34284
28711
28832
34283
28716
28837
34282
28717
28838
34281
28714
28835
34280
28715
28836
28830
34289
34288
25562
34287
10082
28729
28723
28844
34275
28724
34274
28721
28842
34273
28722
28843
34272
28727
34271
28728
34270
28725
28726
28840
34279
28720
28841
34278
25332
34277
34276
9405
28819
28817
27729
28818
28811
34264
28812
34263
34262
23125
28810
34261
28815
34260
28816
28813
28814
34269
34268
34267
34266
34265
14531
15626
28709
28707
28828
28708
28829
10062
28701
28822
34253
28702
28823
34252
28820
34251
23136
28700
28821
34250
25316
28705
28826
28706
28827
24107
28703
28824
28704
28825
34259
34258
34257
34256
34255
34254
13212
7386
34242
34362
34241
34361
34240
34360
34249
34248
34247
34246
34245
34244
34243
28808
28809
28806
28807
28800
34352
34231
25773
28801
34351
34230
34350
28804
28805
28802
28803
34239
34359
34238
34358
34237
34357
34236
34356
33387
34235
34355
34234
34354
34233
34353
34232
88
28699
14170
10811
28693
28694
28691
28692
28697
28698
28695
28696
28690
16484
15277
26288
7069
28679
20958
28677
28798
28678
28799
28671
28792
28672
28793
28790
28670
28791
28675
28796
28676
28797
28673
28794
20949
28674
28795
2848
32824
9018
16222
29658
28688
28689
28682
28683
28680
28681
28686
28687
28684
28685
15259
9389
28778
28779
28776
28777
28770
28771
28774
28775
28772
25144
28773
28789
28787
28788
28781
28782
28780
28785
28786
28783
28784
30959
28756
28757
28754
28755
28758
28759
28752
28753
28750
28751
28767
28768
28765
25137
28766
28769
28760
2535
28763
28764
28761
28762
