44421
2793
2792
2791
2790
2789
2788
2787
2786
2785
2784
2783
32449
21437
11515
2799
2798
2797
2796
2795
7
2794
19441
42342
31692
9091
34835
22955
2470
1033
1386
3101
3100
3112
3111
3110
2140
3109
3108
3107
48190
3106
3105
3104
3103
3102
48073
49283
3123
3002
3122
3001
3121
3000
3120
3119
3118
3117
3116
3115
3114
3113
3134
3013
3133
3012
3132
3011
3131
3010
3130
3009
3129
3008
3128
3007
3127
3006
3126
3005
3125
3004
32274
3124
3003
7729
3145
3024
3144
3023
3143
3022
3142
3021
3141
3020
3140
3019
3139
3018
3138
3017
3137
3016
3136
3015
3135
3014
3156
3035
3155
3034
3154
3033
3153
3032
3152
3031
3151
3030
3150
3029
3149
3028
3148
3027
3147
3026
3146
3025
48942
4014
3167
3046
3166
3045
3165
3044
3164
3043
3163
3042
3162
3041
3161
3040
3160
3039
3159
3038
3158
3037
3157
3036
8727
3170
3057
3056
3055
3054
3053
3052
3051
3171
3050
37806
685
3049
3169
3048
3168
3047
3060
3068
3067
3066
3065
3064
50091
3063
50090
3062
50093
3061
50092
50095
50094
50097
50096
50099
50098
3059
3058
3071
3070
21210
3079
3078
3077
3076
23631
3075
25811
3074
3073
3072
3069
3082
3081
3080
3089
3088
24379
3087
3086
3085
3084
3083
3093
3092
3091
3090
3099
3098
3097
3096
3095
3094
369
47598
34392
50101
50100
50103
50102
50105
50104
50107
50106
50109
50108
2909
2900
50110
50112
50111
2908
50114
2907
50113
2906
50116
2905
50115
2904
50118
2903
50117
2902
2901
50119
2911
2910
50121
50120
50123
34255
50122
2919
50125
2918
50124
2917
50127
2916
50126
2915
50129
2914
50128
2913
2912
2801
2922
2800
2921
34128
2920
50130
50132
50131
50134
50133
2809
50136
2808
2929
46221
12210
50135
2807
2928
50138
2806
2927
50137
2805
2926
2804
2925
50139
2803
2924
2802
2923
33262
2812
2933
2811
2932
2810
2931
50141
2930
50140
50143
50142
49961
2819
2818
2939
2817
2938
36534
2816
2937
2815
2936
2814
2935
2813
2934
9460
2823
2944
2822
2943
2821
2942
2820
2941
2940
2829
2828
2949
2827
2948
1737
2826
2947
2825
2946
2824
2945
2834
2955
2833
2954
2832
2953
2831
2952
2830
2951
2950
2839
2838
2959
2837
2958
2836
2957
2835
2956
42506
2845
2966
2844
2965
2843
2964
2842
2963
2841
2962
2840
2961
2960
2849
2848
2969
2847
2968
2846
2967
49007
2980
2856
2977
2855
2976
2854
2975
2853
2974
2852
2973
2851
2972
27356
2850
2971
2970
2859
2858
2979
2857
2978
2870
2991
2990
2867
2988
2866
2987
2865
2986
2864
2985
2863
2984
2862
2983
2861
2982
2860
2981
2869
2868
2989
2881
2880
2878
2999
2877
2998
2876
2997
2875
2996
2874
2995
2873
2994
2872
2993
2871
2992
2879
2892
2891
2890
2889
2888
2887
2886
2885
2884
2883
23186
2882
2782
2781
2780
2779
2778
2899
2898
2897
2896
24163
2895
2894
2893
16548
