45633
45632
22517
45634
45631
39994
45630
4290
20336
12836
19900
14579
45622
13250
45621
45624
6121
45623
41388
18386
45620
8665
45629
20108
45626
45625
9074
45628
45627
10425
17855
45611
45610
45613
45612
44640
45619
45618
45615
45614
45617
45616
34600
23381
810
45600
45602
45601
45608
45607
45609
45604
45603
45606
45605
29497
29496
29495
29494
2212
29499
29498
29493
29492
29491
23922
44746
20778
29585
29584
29583
31555
29582
29589
29588
29587
24330
29586
29581
29580
9791
29596
29595
29594
29593
18906
29599
29598
26761
29597
10066
12125
21194
29592
29591
29590
2912
16254
29569
29568
43999
29563
36429
29562
29561
1159
29560
29567
29566
29565
29564
36304
6065
37063
37188
25775
29579
29574
29573
29572
29571
29578
29577
29576
23594
29575
11497
29570
7707
10842
15263
45599
45596
45595
6753
45598
45597
29549
29548
29547
29546
29541
29540
29545
29544
29543
29542
45592
92
45591
45594
45593
45590
20742
45589
45588
40570
21157
45585
45584
8026
45587
45586
29559
28226
29558
29557
29552
29551
29550
29556
29555
44929
29554
29553
45581
45580
45583
45582
20951
45578
45577
45579
45574
45573
45576
45575
36860
29527
29648
29526
29647
29525
29646
29524
29645
29529
29528
29649
29640
28672
8709
29523
29644
29522
29643
29521
29642
29520
29641
5313
14157
45572
38249
45571
1515
13194
29538
29537
19175
29536
29535
29539
29530
29650
29534
29533
29532
29531
17640
29505
29626
19381
29504
29625
29503
29624
31151
29502
29623
29509
29508
29629
29507
29628
29506
29627
29501
29622
29500
29621
29620
6443
29516
29637
9392
29515
29636
29514
29635
24983
29513
29634
29519
29518
29639
29517
29638
440
29512
29633
29511
29632
29510
29631
29630
13851
16207
29609
29604
29603
29602
29601
29608
29607
29606
29605
29600
16534
10798
17071
29615
29614
29613
29612
29619
29618
29617
29616
26100
29611
29610
28080
