29709
29708
29829
22518
9745
18134
29703
29824
29702
29823
29701
29822
29700
29821
29707
29828
62657
29706
29827
29705
29826
25229
29704
29825
12837
4609
29820
29719
29714
29835
41701
29713
29834
29712
29833
29711
29832
29718
29839
29717
29838
58160
29716
29837
29715
29836
10426
29710
29831
29830
29809
67565
29808
68410
29807
29802
29801
29800
29806
29805
29804
29803
11966
18004
29819
29818
64984
29813
23035
28603
29812
29811
29810
29817
29816
29815
29814
2213
69190
29130
49759
17367
17483
10612
7374
25556
10067
9568
29689
29684
2008
29683
10956
29682
29681
29688
29687
29686
29685
20071
29680
6066
19776
64423
29695
29694
29693
29692
29699
29698
53654
52202
29697
29696
29691
29690
5660
65402
15264
29669
29668
29789
29667
29788
29662
29783
29661
29782
29660
29781
29780
29666
29787
29665
29786
29664
29785
29663
29784
93
26606
19634
29679
29678
29799
9230
8384
29673
29794
29672
29793
29671
29792
762
29670
29791
47080
29677
29798
3247
29676
29797
27133
29675
29796
29674
29795
29790
9904
29769
29768
29767
29766
20952
29761
29760
29765
29764
28673
29763
29762
14158
13195
29659
29658
29779
29657
29778
29656
29777
27593
29651
29772
29771
29770
3949
29655
29776
29654
29775
29653
29774
29652
29773
11453
45311
29747
29746
29745
29744
24733
35195
29749
29748
36607
29743
29742
29741
29740
4127
29758
29757
29756
29755
9393
29759
29750
441
29754
29753
29752
29751
19126
66432
5483
72313
72314
72311
72312
29725
29724
72310
29723
29844
29722
29843
22774
29729
39094
29728
29727
24954
29726
60458
29721
29842
29720
29841
29840
3617
13028
72309
29736
17072
29735
29734
68748
29733
29739
29738
29737
2537
586
29732
29731
29730
26101
28081
46172
