29709
29708
29829
8897
22518
9745
18134
29703
29824
29702
29823
29701
29822
29700
29821
29707
29828
29706
29827
29705
29826
29704
29825
12837
4609
29820
69282
29719
29714
29835
29713
29834
29712
29833
29711
29832
29718
29839
29717
29838
29716
29837
29715
29836
10426
29710
29831
29830
30138
47911
29809
29808
29807
29802
29801
33197
41018
29800
29806
29805
29804
29803
64050
29819
29818
29813
29812
29811
68429
29810
29817
29816
29815
76393
29814
2213
51559
17367
74311
16718
33858
7374
22724
25556
7920
10067
29689
29684
29683
29682
29681
29688
29687
29686
29685
20071
29680
16143
6066
29695
29694
29693
29692
29699
29698
29697
29696
29691
29690
5660
72852
15264
29669
61961
29668
29789
29667
29788
29662
29783
29661
29782
29660
29781
29780
29666
29787
29665
29786
29664
29785
29663
29784
93
71759
26606
19634
65415
29679
29678
29799
8384
29673
29794
29672
29793
29671
29792
762
29670
29791
642
29677
29798
3247
29676
29797
27133
29675
29796
29674
29795
29790
18307
29769
29768
29767
29766
20952
29761
29760
29765
29764
28673
29763
29762
77658
77659
14158
73716
41088
13195
29659
29658
29779
66649
29657
29778
29656
29777
25736
27593
29651
29772
29771
29770
3949
29655
29776
51034
29654
29775
29653
29774
29652
29773
11453
66084
70357
29747
29746
72893
29745
29744
24733
29749
29748
68839
55760
29743
29742
29741
27442
29740
29758
29757
29756
29755
9393
29759
29750
77660
441
77661
77662
77663
29754
29753
29752
29751
19126
29725
29724
29723
29844
29722
29843
22774
29729
29728
29727
24954
29726
29721
29842
29720
29841
29840
53369
3617
10680
29736
17072
29735
29734
29733
29739
29738
29737
77560
2537
40628
29732
1685
29731
29730
26101
28081
69153
