18136
1461
22078
30260
4291
30266
30265
30267
30262
30261
30264
30263
34067
916
36353
22520
55690
30255
30254
30257
30256
30251
30250
30253
30252
4610
12840
9747
30259
51537
30258
20430
30244
30243
30246
30245
23382
30240
24110
30242
30241
53602
30248
30247
30249
27996
28847
30233
30232
30235
2215
30234
30231
30230
30237
30236
30239
30238
23924
45838
60709
33051
28931
30222
30221
30224
30223
30220
30229
21062
30226
30225
30228
30227
38296
65056
38057
7493
30211
30210
30213
30212
30219
30218
30215
30214
30217
30216
9204
30200
30202
30201
15964
30208
20073
30207
30209
30204
30203
30206
30205
20641
17594
23595
29332
60981
35442
69671
69688
21388
69689
19874
69699
69698
8385
69697
69696
8821
11590
20743
16807
764
7844
69691
69690
69695
69694
69693
69692
63120
54096
62166
13197
39202
30192
35089
30191
30194
3032
30193
30190
30199
31049
2853
30196
30195
30198
30197
11454
49236
27326
30181
30180
30183
30182
9021
24734
30189
30188
30185
30184
30187
30186
3951
7655
6444
30170
30172
30171
9396
30178
30177
30179
30174
30173
30176
30175
55532
13852
12645
16209
16097
19128
46862
69703
65586
69702
69701
69700
69706
30161
69705
30160
69704
30167
30166
30169
30168
30163
30162
30165
30164
15448
17074
30158
30157
14922
30159
28082
