18137
1462
22079
30381
30380
4292
30387
30386
30268
30389
30388
30383
30382
30385
30384
3752
30269
15427
30370
30376
30375
30378
30377
30372
30371
30374
30373
4611
54249
30379
17856
58054
56550
30365
57644
30364
30367
30366
30361
30360
30363
30362
8668
30369
30368
13347
29934
30354
30353
2216
30356
30355
30350
30352
30351
4998
30358
30357
30359
62210
64996
1261
7481
30343
2349
30342
30345
26196
30344
30341
30340
30347
58639
30346
30349
30348
67355
67356
67353
67354
67359
67357
67358
30332
1821
30331
30334
30333
30330
33045
30339
30336
67351
30335
67352
30338
12128
30337
67366
67367
67364
67365
67368
67369
61703
30321
30320
30323
30322
30329
30328
30325
67362
30324
67363
30327
67360
15965
30326
67361
67375
7830
32173
30310
30312
30311
58543
30318
30317
67370
30319
30314
67373
30313
67374
30316
67371
30315
67372
22915
10928
30301
30300
30307
30306
30309
30308
95
11104
30303
30302
30305
30304
21159
66982
8386
8029
27815
3249
6754
13536
16210
29404
25046
3014
5314
18636
14160
13198
31041
25852
29651
2854
11455
9022
24735
22315
10571
53904
6445
30291
30290
30293
56186
30292
30299
30298
30295
30294
30297
30296
13853
43235
29846
30280
30282
30281
30288
10799
30287
30289
30284
30283
30286
30285
7656
48486
52712
45093
19129
64025
30390
26103
30271
30392
30270
30391
30277
30276
30279
30157
30278
26342
30273
30394
30272
30393
30275
30396
30274
30395
902
33306
