42362
31113
31112
31115
31114
31111
31110
31117
31116
31119
31118
18389
8786
9512
27898
18140
22522
22080
31102
31101
31104
31103
59015
31100
55455
17858
31109
51655
31106
12844
31105
31108
10544
31107
10071
12131
50571
23384
37435
32306
2220
29018
63658
63659
57414
63660
63661
62572
63662
63663
63664
63665
24332
63666
63667
63668
63669
56337
13201
17369
63670
63671
63672
63673
63674
63675
63676
63677
63678
63679
48773
63680
63681
63682
63683
63684
63685
63686
31094
31093
31096
31095
31090
31092
44847
31091
31098
59984
31097
33033
31099
31083
31082
31085
31084
31081
31080
31087
31086
31089
31088
15612
14297
31072
31071
6070
31074
31073
31070
31079
31076
50033
31075
31078
31077
26609
46678
31061
31060
31063
31062
20745
31069
31068
28581
31065
31064
31067
16809
31066
39468
21390
8033
31050
31052
31051
62714
31058
31057
31059
31054
31053
31056
31055
5435
55868
5317
30886
51822
7076
14164
31041
31040
26943
2856
30992
31047
11459
30991
31046
30994
31049
30993
31048
31043
31042
30990
31045
20839
31044
30999
30996
30995
30998
50868
30997
9026
24736
31030
30981
31036
30980
31035
30983
31038
25140
30982
31037
31032
31031
32002
56178
31034
31033
30989
30988
30985
30984
31039
30987
30986
30970
31025
2998
31024
30972
31027
30971
31026
31021
31020
31023
31022
30978
30977
209
30979
30974
31029
13856
30973
31028
30976
30975
24957
30959
28514
58011
35175
31014
31013
51062
30961
31016
30960
31015
31010
55303
31012
56751
31011
30967
30966
3731
30969
10430
30968
30963
31018
30962
31017
30965
30964
31019
17075
19132
31003
31124
31002
31123
30158
31005
31004
31125
31120
31001
31122
31000
31121
30956
30955
30958
30957
31007
31006
2539
31009
12501
31008
