53261
31234
31233
30268
31236
31235
31230
31232
31231
15422
31238
31237
31239
18141
31223
31222
12845
31225
31224
31221
31220
9749
31227
31226
31229
31228
32316
10072
12132
36342
25322
55461
31212
31211
31214
31213
1112
31210
31219
31216
31215
31218
31217
66123
4085
66124
14683
66127
66128
66125
66126
2221
66129
31201
31200
31203
31202
31209
31208
31205
31204
31207
31206
66134
66135
66132
66133
66138
66139
66136
66137
66130
66131
66145
66146
66143
66144
7378
49985
20547
18909
66141
66142
66140
49738
47677
30329
21162
17596
23477
55398
26188
44030
11253
1967
15613
20297
64675
31193
31192
31195
31194
23687
6071
31191
31190
31197
31196
31199
31198
8800
15268
11106
46796
31182
31181
41788
31184
31183
20746
31180
31189
31186
31185
31188
31187
767
21391
19963
31171
31170
31173
30083
31172
31179
31178
28675
31175
31174
31177
31176
5318
7077
24520
31160
31162
31161
31168
31167
31169
31164
31163
27595
31166
31165
48028
19385
30739
9027
37013
31151
29744
31150
27328
31157
31156
25141
31159
31158
31153
31152
31155
31154
38903
31140
31261
31260
26008
31146
31267
31145
31266
31148
31147
31268
31142
31263
31141
31262
31144
31265
31143
31264
31149
41053
7661
31250
18390
31135
31256
31134
31255
31137
31258
31136
31257
31131
31252
31130
31251
31133
31254
31132
31253
5118
31139
31138
31259
2649
33437
19133
17076
2540
26105
25931
40877
31245
31244
222
31126
31247
12626
14925
31246
55792
31241
31240
31243
31242
30955
31128
31249
35849
31127
31248
31129
