73423
31234
31233
30268
31236
31235
31230
31232
31231
76028
76029
10653
31238
31237
31239
71933
65376
70601
18141
23733
31223
31222
12845
31225
31224
31221
31220
9749
31227
31226
31229
31228
69868
10072
12132
62796
25322
31212
31211
31214
31213
1112
31210
31219
31216
31215
31218
31217
2221
76030
76031
31201
76032
31200
76033
31203
76034
31202
76035
76036
76037
76038
76039
31209
31208
31205
31204
31207
31206
42201
73465
54950
45395
7378
12360
20547
53873
18909
39706
43078
66835
21162
70409
17596
18562
41448
57331
39800
15613
20297
31193
31192
31195
31194
6071
31191
31190
31197
31196
31199
31198
53427
15268
11106
31182
31181
31184
31183
20746
31180
31189
55055
31186
31185
31188
31187
767
21391
15834
47515
31171
31170
31173
31172
48728
22458
31179
31178
28675
31175
31174
31177
31176
5318
7077
67058
61191
24520
31160
31162
31161
31168
31167
31169
31164
31163
27595
31166
31165
19385
9027
31151
31150
75244
27328
31157
31156
25141
31159
31158
31153
31152
31155
31154
17769
30626
31140
31261
31260
31146
31267
55652
31145
31266
32358
31148
31147
31268
31142
31263
31141
31262
31144
31265
31143
31264
31149
7661
31250
71581
59586
18390
31135
31256
31134
31255
31137
31258
31136
31257
31131
31252
31130
31251
31133
31254
31132
31253
31139
31138
31259
38550
19133
17076
2540
26105
25931
31245
31244
31126
31247
14925
31246
31241
31240
31243
31242
30955
53930
31128
31249
31127
31248
31129
