70710
70712
70711
2671
31591
31590
31597
31596
31599
31598
31593
31592
31595
31594
70707
70706
70709
70708
70703
70702
70705
70704
9750
31580
30013
31586
22081
31585
31588
31587
1466
31582
31581
31584
31583
14347
70717
60120
70714
31589
70713
70716
70715
21644
25688
25324
31575
31574
31577
31576
31571
31570
31573
31572
12135
31579
31578
68787
28849
31564
31563
29495
31566
31565
31560
31562
31561
58742
31568
31567
31569
27722
28937
31553
31552
31555
31554
31551
31550
31557
31556
31559
31558
46477
17370
26765
20548
31542
31663
31541
31662
31544
31665
27053
31543
31664
23493
31540
31661
31660
31549
11951
31546
31545
31666
31548
31547
21164
26610
64779
7380
64659
31652
31651
31654
31653
31650
31539
31538
31659
31656
31655
31537
31658
31657
23599
25777
31641
31640
31643
31642
31649
31648
31645
15615
31644
31647
31646
6073
30662
31630
31632
31631
31638
31637
31639
31634
31633
31636
98
31635
70688
70689
31619
8389
60879
31621
31620
58202
54521
5665
21394
31627
31626
31629
31628
31623
6758
31622
31625
31624
70699
70698
5320
31609
70695
8832
31608
70694
70697
70696
70691
70690
70693
70692
20955
31610
28676
27464
31616
31615
10596
31618
31617
42184
31612
31611
31614
31613
61182
67179
44597
26027
23791
34431
25056
31605
7502
31604
31607
48033
31606
13998
31601
31600
31603
31602
49239
5472
9397
24863
28515
23863
22775
36709
26212
10432
6581
70701
52717
70700
22662
14926
3624
31126
32334
57178
29850
11777
