45511
46049
39753
41957
32203
32204
32201
32202
53389
54237
32200
54236
35950
54235
54234
32209
54239
54238
32207
32208
32205
32206
23971
54240
22524
34613
54244
54243
54242
54241
54248
54247
54246
54245
54249
50448
44094
23386
54251
54250
54255
34843
54254
54253
54252
54259
25560
54258
54257
24111
54256
10076
28393
12139
28724
54262
54261
54260
54266
29496
54265
54264
54263
54269
54268
54267
12230
24334
54273
54272
27724
54271
54270
54277
54276
54275
54274
54279
54278
37412
13205
7133
46598
17373
32195
54280
32196
32193
32194
32191
54284
32192
54283
54282
32190
54281
10504
32199
32197
32198
53999
1826
37073
32184
32185
32182
32183
32180
32181
7382
15969
29204
32188
32189
32186
32187
10154
52557
31414
17599
32173
32174
32171
32172
32170
32179
32177
29335
32178
32175
32176
6075
45354
32162
32163
32160
32161
32168
32169
32166
32167
32164
32165
11462
99
21395
32151
32152
32150
9471
32159
32157
32158
32155
32156
32153
32154
4698
19638
32140
32141
28677
44009
32148
35416
32149
32146
32147
32144
32145
32142
3256
32143
30527
15006
33914
50854
16218
18642
40315
32130
24522
26944
32137
32138
32135
32136
32133
32134
29532
32131
32132
2859
32139
32126
32127
32124
32125
32122
32123
32120
32121
32128
32129
40099
41507
13290
13859
32115
32236
32116
32237
31269
32113
32234
32114
32235
32111
32232
32112
32233
32230
32110
32231
15357
32119
32117
32238
32118
18392
28517
32104
32225
32105
32226
32102
32223
32103
32224
32100
32221
32101
32222
32220
18958
20590
6448
10433
32108
32229
32109
32106
32227
32107
32228
46732
25933
30398
32214
32215
32212
32213
25374
32210
32211
32218
32219
32216
32217
