32680
23601
32566
32567
32564
32685
32565
28851
32562
32683
32563
32684
32560
32681
32561
32682
14336
17601
32568
32569
1471
32555
32676
4618
32556
32677
32553
32674
32554
32675
32551
32672
32552
32673
32670
26684
32550
32671
30017
32559
32557
32678
32558
32679
21761
63761
23388
15082
32544
32665
32545
32666
64729
32542
32663
32543
32664
32661
1597
32662
32660
32548
32669
32549
18911
32546
32667
32547
32668
18244
32654
32655
32652
32653
54021
32650
32651
32658
32659
32656
32657
66255
23929
27725
32643
32644
32641
32642
32640
32649
32647
13207
32648
32645
32646
26524
32632
32633
32630
32631
32638
1827
32639
46472
32636
32637
32634
30337
32635
19761
64419
32621
32622
56237
32620
32629
13544
32627
32628
26290
32625
32626
53409
32623
53769
32624
28929
15970
32609
40352
24444
32610
32611
32618
32619
32616
32617
32614
32615
32612
33822
32613
6078
17202
20299
10807
56132
32600
32607
32608
32605
11464
32606
32603
32604
32601
7838
32602
69336
69339
21396
69338
69337
27137
28227
19639
5669
69347
69346
69345
69344
8037
69349
69348
8391
28678
28313
3257
69343
69342
69341
69340
26946
29655
69350
69353
69352
69351
52130
30749
24740
32591
32592
29755
32590
59571
32599
32597
32598
32595
32596
35862
446
32593
32594
12641
32913
6575
5004
7665
32580
32581
32588
10436
32589
32586
32587
32584
32585
32582
50530
32583
25935
63176
5133
19135
19250
64029
32570
26107
32577
32578
32575
32576
32573
29852
32574
32571
32572
28084
32579
