64274
68994
32680
69727
64712
23601
32566
32567
32564
32685
32565
28851
32562
32683
32563
32684
32560
32681
32561
32682
50435
17601
32568
70826
32569
1471
9990
32555
32676
4618
32556
32677
32553
32674
32554
32675
32551
32672
32552
32673
32670
32550
32671
30017
32559
32557
32678
32558
32679
23388
78580
32544
32665
32545
32666
32542
32663
32543
32664
32661
32662
32660
32548
32669
32549
18911
32546
32667
32547
32668
32654
32655
32652
32653
32650
32651
56684
32658
32659
32656
32657
23929
27725
32643
32644
32641
32642
32640
28376
32649
51688
32647
13207
32648
32645
32646
32632
32633
32630
32631
78358
77701
32638
1827
32639
32636
55818
32637
32634
32635
67487
59185
32621
32622
32620
78940
32629
13544
32627
32628
26290
32625
32626
32623
32624
64300
15970
32609
71871
76071
32610
32611
32618
78934
32619
32616
32617
32614
32615
32612
32613
78939
6078
20299
6993
10807
77074
32600
32607
32608
32605
11464
32606
32603
32604
32601
32602
37979
47766
21396
64686
23573
55292
27137
28227
19639
5669
21124
8037
8391
28678
3257
70343
5574
26946
29655
56059
77437
16435
64244
24740
32591
32592
32590
32599
32597
32598
32595
32596
446
32593
32594
78879
68281
5004
7665
32580
32581
77690
32588
10436
32589
32586
32587
32584
32585
32582
32583
69266
25935
19135
32570
26107
32577
32578
32575
32576
32573
29852
32574
32571
32572
28084
32579
48591
