4299
2546
24012
37334
36800
62781
9753
16640
18145
1473
34296
66340
68533
8674
68532
68537
68536
68535
68534
24113
68539
68538
25328
15765
54933
18912
68544
68543
68542
68541
68548
12140
68547
68546
68545
68549
32896
32897
32894
32895
32892
32893
32890
32891
68540
32898
28160
32899
46247
27727
32885
32886
13208
32883
32884
32881
32882
32880
15620
32889
68551
51206
68550
32887
32888
21512
20301
4421
17375
64884
23017
23930
32874
32875
32872
32873
32870
32871
23131
32878
32879
32876
50802
32877
17464
16492
21166
32863
32864
58414
32861
32862
32860
32869
32867
32868
32865
32866
28926
32852
32973
35328
32853
32974
32850
32971
32851
32972
32970
32858
32859
14526
32856
32977
32857
32854
32975
32855
32976
64312
32841
32962
32842
32963
52572
32960
32840
32961
32849
54516
33818
32847
32968
32848
32969
32845
32966
32846
32967
32843
32964
32844
32965
6761
21397
32829
20749
15270
32830
32951
32831
32952
32950
1983
32838
32959
11110
32839
32836
32957
32837
32958
32834
32955
68122
32835
32956
32832
32953
32833
32954
32939
43155
67721
27469
28679
8393
32940
32941
32827
32948
32828
32949
32825
32946
30528
32826
32947
32823
32944
32824
32945
32942
32822
32943
14166
32928
32929
29656
32930
32937
32938
5326
32935
32936
32933
32934
32931
32932
32919
32917
32918
66533
56850
32926
14930
32927
32924
32925
32922
32923
32920
32921
64482
32908
32909
32906
32907
61415
9031
27331
32915
32916
32913
32914
50643
32911
32912
32910
64254
18394
35975
34640
32904
32905
32902
32903
17864
32900
32901
19137
24849
28086
54466
7667
