4299
74076
2546
9753
18145
1473
75963
8674
24113
25328
18912
12140
73451
45967
32896
32897
32894
32895
32892
32893
32890
32891
39967
32898
32899
65960
27727
32885
32886
13208
32883
32884
32881
53741
78127
32882
32880
60398
78128
15620
50599
32889
32887
32888
20301
65732
17375
18585
23930
32874
32875
32872
16728
32873
32870
32871
23131
75090
32878
32879
32876
32877
14072
46105
16492
21166
67369
26734
32863
32864
32861
32862
32860
76523
32869
32867
32868
32865
32866
32852
32973
32853
32974
32850
32971
32851
32972
32970
32858
32859
14526
32856
32977
32857
32854
32975
32855
32976
73140
32841
32962
32842
32963
32960
32840
32961
32849
32847
32968
32848
32969
32845
32966
32846
32967
32843
32964
32844
32965
72625
6761
21397
32829
20749
15270
32830
32951
32831
32952
33367
32950
32838
32959
11110
32839
32836
32957
32837
32958
32834
32955
32835
32956
32832
32953
32833
32954
32939
27469
28679
8393
32940
32941
76684
32827
32948
32828
32949
32825
32946
11684
30528
32826
32947
32823
32944
32824
32945
32942
32822
32943
14166
74701
32928
32929
29656
32930
32937
32938
5326
32935
32936
32933
32934
32931
32932
32919
32917
32918
27566
74270
32926
14930
32927
32924
32925
32922
32923
32920
32921
68720
21113
32908
32909
32906
32907
9031
27331
32915
58808
52029
32916
32913
32914
32911
32912
32910
18394
32220
32904
32905
32902
32903
51622
17864
32900
32901
19137
71911
38672
71478
28646
75830
28086
31243
7667
75707
