33090
33097
33098
33095
33096
33093
33094
33091
33092
29021
33099
17603
66221
33086
79083
33087
33084
33085
33082
33083
33080
33081
12848
33088
33089
14104
8675
33075
33076
33073
33074
33071
57082
33072
74098
25329
33070
1118
32423
33079
33077
1474
33078
10077
39738
7596
12141
21892
33064
33065
33062
33063
33060
33061
60934
59956
33068
33069
33066
26420
33067
21620
33053
33054
33051
33052
33050
33059
2468
13209
33057
33058
33055
56575
33056
15621
17376
33042
33043
33040
33041
23931
32995
31662
32996
32993
33048
32994
33049
32991
33046
32992
33047
33044
32990
33045
1828
32999
32997
32998
16493
21167
37990
33031
33032
33030
34360
32984
33039
32985
32982
33037
32983
33038
32980
33035
32981
33036
33033
33034
32988
32989
13545
32986
32987
72602
47302
73378
33020
33021
73133
33028
33029
33026
33027
33024
33025
33022
33023
32979
36656
32978
33010
33017
33018
24095
33015
33016
33013
33014
33011
33012
49277
53309
33019
15271
6762
21398
72187
33006
33007
33004
33005
33002
33003
33000
33001
33008
33009
8038
8394
771
76562
33112
3258
33110
33111
30529
66197
18644
33105
33106
27470
33103
33104
33101
33102
33100
50500
33109
33107
33108
63145
62613
26594
33219
24741
9032
62748
79168
77300
448
6452
16772
49577
31936
17865
58814
19138
30829
71352
54343
100
30394
7668
