18498
2547
9755
17171
31585
34854
22083
12609
12849
48696
21400
4750
8676
32543
4620
10197
10078
36570
22628
49403
12143
48554
59276
60815
23390
29498
33295
33296
33293
33294
33291
33292
33290
33299
33297
33298
15623
20302
33284
33285
33282
33283
33280
33281
33288
61138
33289
33286
33287
7384
33273
33032
33274
33271
26611
29205
33272
33270
33279
33277
33278
33275
57565
33276
31417
48087
26292
40590
33262
33383
33263
33384
33260
33381
33261
33382
33380
33268
33269
33266
33267
33264
33385
33265
33386
14527
45910
33251
33372
33252
33373
33370
42529
10809
33250
33371
62931
62932
62933
62934
62935
33259
33257
33378
33258
33379
33255
33376
33256
33377
33253
33374
33254
33375
15273
41420
33240
33361
33241
33362
62940
62941
33360
62942
62943
62944
62945
62946
33248
33369
62936
33249
62937
62816
33246
33367
62938
33247
33368
62939
33244
33365
33245
33366
33242
33363
33243
33364
22919
33800
8039
33350
62950
33230
33351
62951
25842
62952
62953
62954
27903
62955
62956
62957
33237
33358
62947
33238
33359
62948
772
33235
33356
62949
33236
33357
28433
33233
33354
33234
33355
33231
33352
33232
33353
55867
52116
30401
33239
62960
62961
33340
33226
33347
62958
33227
33348
62959
33224
33345
33225
33346
33222
33343
33223
33344
33341
33221
33342
18645
33228
33349
33229
7081
43813
33336
33337
33334
33335
33332
33333
33330
33331
49597
14931
33338
33339
9034
19391
3726
11559
33325
33326
25031
33323
33324
33321
34411
33322
33320
449
30732
33329
56989
33327
33328
22779
33314
33315
33312
33313
33310
33311
60696
33318
33319
17866
33316
33317
23993
33303
33545
3625
33304
101
33301
33302
29853
33300
5006
33309
33307
12503
33308
33305
33306
