43338
2547
13370
9755
6246
68408
59492
22083
12849
925
21400
23704
42466
8676
64732
252
32543
4620
10078
70864
70863
70866
70865
70860
12143
70862
70861
23390
29498
70619
48431
70874
70871
70870
70873
70872
33295
33296
33293
33294
33291
33292
33290
33299
33297
33298
15623
70868
70867
70869
20302
47687
33284
33285
33282
33283
33280
33281
33288
33289
33286
33287
30217
7384
41697
33273
33274
33271
26611
29205
33272
33270
33279
33277
33278
33275
33276
31417
26292
33262
33383
33263
33384
56240
33260
33381
33261
33382
33380
33268
33269
33266
33267
33264
33385
33265
33386
14527
65089
33251
33372
33252
33373
35671
33370
10809
33250
33371
66739
33259
60635
33257
33378
33258
33379
33255
33376
33256
33377
33253
33374
33254
33375
15273
33240
33361
33241
33362
33360
66628
33248
33369
33249
33246
33367
33247
33368
33244
33365
33245
33366
33242
33363
10948
33243
33364
12321
55979
22919
38813
8039
33350
33230
33351
27903
41537
33237
33358
33238
33359
772
33235
33356
33236
33357
51141
33233
33354
33234
33355
33231
33352
33232
33353
30401
33239
65551
33340
33226
33347
33227
33348
33224
33345
33225
33346
33222
33343
33223
33344
33341
33221
33342
8834
39206
18645
33228
33349
33229
15462
57263
7081
33336
33337
33334
33335
33332
33333
33330
33331
14931
33338
33339
9034
19391
24866
33325
33326
33323
33324
33321
54204
33322
33320
449
33329
33327
33328
22779
69824
65467
61420
33314
33315
33312
33313
33310
33311
33318
33319
17866
33316
33317
8522
22664
33303
3625
33304
101
33301
33302
29853
33300
5006
33309
33307
12503
33308
33305
33306
