23604
68998
60908
34065
34866
32688
34865
34864
34863
17608
34862
34861
34860
34869
34868
34867
17731
34855
34854
34853
34852
34851
34850
34859
34858
34857
34856
20554
17381
34844
34843
34842
34841
34840
9758
34849
34848
34847
34846
60490
34845
68309
34833
34832
34831
28164
34830
23395
34839
34838
34837
34836
34835
34834
34822
11943
34821
34820
69082
69081
69080
69086
47210
34829
69085
34828
69084
34827
69083
34826
48780
34825
69089
34824
69088
34823
69087
11272
67599
27731
26768
7490
23138
32753
69093
69092
69091
69090
34819
34818
69096
34817
69095
34816
69094
34815
34814
34813
41693
19645
61384
7388
16497
64418
15280
66958
16817
27141
40351
34909
34908
34910
34918
66280
34917
13552
21172
34916
34915
34914
34913
34912
34911
14174
18772
62014
41797
29661
34907
51005
30669
34906
34905
34904
34903
34902
34901
34900
20862
22926
62939
11114
1989
66879
51268
5678
24529
5333
28448
23794
43823
7195
25051
28683
10241
62852
31272
7084
2867
3958
11789
34891
34890
24745
34899
34898
34897
34896
34895
34894
34893
54202
34892
6455
34880
9042
34888
34887
34886
34885
34884
34883
34882
34881
34889
25937
39080
34877
34876
34875
34874
30273
34873
34872
54467
34871
34870
5129
3629
10443
34879
34878
