23605
13122
35032
35031
35030
34987
34986
34985
34984
34983
29027
34982
34981
34980
30149
32689
34989
34988
35023
22089
35022
35021
35020
34976
34975
34974
35029
34973
35028
34972
35027
34971
35026
34970
35025
35024
34979
34978
34977
1484
35012
73200
35011
35010
4190
2449
34965
34964
35019
34963
35018
77013
34962
35017
18917
34961
35016
34960
35015
78346
25563
35014
35013
9759
34969
4625
34968
34967
34966
21896
10085
35001
35000
72361
34954
35009
34953
35008
34952
35007
34951
35006
1125
34950
35005
35004
35003
35002
34959
33747
34958
34957
33624
34956
34955
68436
2231
29469
70073
34943
31794
34942
34941
15628
34940
76501
34949
34948
34947
34946
34945
34944
34932
58525
34931
34930
34939
34938
1706
34937
34936
34935
34934
52548
13216
34933
73924
34919
34363
19080
43637
26294
34921
34920
77973
34929
34928
34927
34926
34925
19646
34924
34923
1834
34922
71077
76751
21173
75567
26951
34462
63346
34222
25752
24300
19879
27907
61868
4903
33114
78627
63254
28684
18648
14936
78646
26112
78648
78647
77319
78649
2868
20263
11790
22320
51170
49461
38443
31250
32104
31812
5011
22781
34990
70020
29856
34998
34997
34996
34995
103
34994
34993
34992
34991
16429
34999
