19227
35276
35275
35274
35395
35273
35394
23841
35272
35393
35271
35392
35270
35391
35390
29028
17609
35279
35278
35277
3630
51889
12280
48697
35265
35386
35264
35385
35263
35384
35262
35383
35261
35382
45747
35260
35381
35380
12966
35269
35268
35389
35267
35388
35266
35387
9761
25565
35254
35375
2330
35253
35374
35252
35373
17382
35251
35372
35250
35371
35370
35259
35258
35379
57640
35257
35378
35256
35377
35255
35376
60373
21652
45289
35364
35363
35362
35361
35360
1127
35249
35248
35369
35247
35368
34278
35246
35367
35245
35366
1485
35365
9408
17957
45161
61486
35353
35352
35351
35350
35359
30586
35358
35357
35356
35355
35354
38504
47201
27733
35342
35341
35340
31420
35349
35348
35347
35346
35345
28145
35344
35343
16603
16499
35331
35330
35339
28232
35338
30444
35337
30201
35336
32980
35335
35334
35333
53761
35332
1836
19648
63330
63331
63332
63333
63334
35320
62367
63335
63336
63337
63338
63339
21733
35328
35327
35326
35325
35324
35323
35322
35321
35329
63340
63341
63342
63343
63344
63345
63346
63347
54195
35317
35316
35315
35314
34224
35313
35312
35311
35310
61045
21260
35319
35318
35306
35305
35304
35303
35302
35301
35300
55737
15039
35309
35308
11116
30535
35307
10907
6767
13867
5334
23796
16226
8178
17082
26114
3959
28090
9158
24747
19397
27336
53471
54560
11793
30734
35290
41972
35298
35297
35296
35295
35294
22533
35293
35292
35291
22091
2640
35299
7673
5013
8401
1572
35287
22782
35286
35285
35284
35283
35282
35281
35280
35289
35288
30831
