19220
61320
12153
61321
61322
61323
61324
61325
61326
61327
61328
61329
35713
61319
35712
34622
35711
35710
35719
35718
35717
35716
35715
35714
61330
61331
61332
61333
61334
61335
61336
61337
61338
61339
57513
1222
35709
35708
35707
33889
16059
61340
61341
61342
61343
61344
61345
61346
61347
61348
21405
61349
4629
32424
49532
32546
21899
35800
1489
33749
28283
9409
41595
57304
14534
45821
24340
15632
1945
20078
27143
38608
34005
28235
52795
33389
51472
30671
14647
15978
7166
35793
24530
35792
35791
35790
26836
6194
35799
35798
35797
35796
35795
35794
11227
28906
35782
35781
35780
6084
35789
35788
35787
35786
35785
35784
32154
35783
11473
5682
48963
20395
27908
46542
20959
35771
35770
43953
35779
35778
35777
35776
35775
35774
35773
35772
9497
20163
35760
23798
35768
35767
35766
35765
35764
28687
35763
35762
35761
35769
26116
59200
11548
35757
14938
35756
35755
35754
35753
35752
35751
35750
49596
35759
35758
18982
30729
19398
35746
35745
35744
35743
35742
35741
35740
35749
35748
35747
9045
18150
29729
22534
35735
35734
30961
35733
454
33797
35732
35731
35730
58498
60331
35739
35738
35737
35736
7794
61310
58143
61311
61312
24962
61313
61314
61315
61316
41968
61317
61318
35724
35723
35722
35721
35720
12509
35729
35728
35727
30833
35726
10445
35725
