12154
35033
53261
35834
35833
35832
35831
35830
30022
15422
35839
35838
35837
35836
35835
35823
35822
35821
35820
35145
35829
35828
35827
17612
35826
35825
32316
35824
17383
36342
4630
55461
24118
35812
35811
35810
23141
35819
35818
35817
35816
35815
35814
35813
66123
4085
66124
14683
66127
66128
66125
66126
66129
1490
35801
35922
35921
35920
35809
16502
35808
35807
35806
35805
35804
35803
35802
66134
66135
66132
66133
66138
66139
66136
35909
66137
25784
35911
35910
35919
35918
35917
35916
35915
66130
35914
66131
14535
35913
35912
66145
66146
66143
66144
49985
20309
35900
35908
35907
35906
35905
35904
66141
35903
66142
35902
35901
66140
49738
47677
16818
30329
4304
19650
7390
23477
29211
30672
55398
26188
44030
11253
1967
64675
24531
31193
23687
8800
46796
41788
19963
5683
35892
35891
35890
30083
33116
35899
13868
35898
35897
35896
35895
35894
35893
6769
35881
35880
33226
35889
35888
35887
35886
35885
35884
35883
35882
7087
48028
30739
37013
19145
35870
25146
29744
21900
35878
35877
35876
35875
35874
35873
35872
35871
28091
35879
38903
19399
26008
35867
35866
35865
35864
35863
35862
35861
35860
35869
35868
41053
9046
22535
35856
35855
35854
35853
35852
30162
35851
35850
5118
12854
35859
2649
33437
35858
35857
5015
32691
40877
35845
35844
222
35843
12626
35842
55792
35841
35840
6458
35849
35848
10446
35847
35846
