10090
50429
35397
36244
36243
36242
36241
36240
36249
36248
36247
36246
50431
33650
36245
50430
30703
50433
50432
50435
12157
50434
50437
50436
50439
50438
42594
36233
36232
36231
36230
36239
36238
36237
50440
36236
36235
50442
36234
50441
29030
6493
13220
17384
36222
36221
36220
20556
44648
36229
36228
29362
36227
36226
36225
23142
36224
36223
33518
6142
21654
1130
40833
36219
36218
36217
36216
36215
148
36214
36213
36212
4631
34836
27600
26638
23800
6820
27736
28264
31421
34256
10863
15285
27144
24792
50378
50377
12213
50379
49962
50381
50380
50383
50382
50385
50384
50387
29212
50386
50389
50388
13557
14176
19185
50390
50392
50391
50394
50393
50396
50395
50398
50397
50399
37613
47404
7730
38257
34691
2282
11118
27909
33117
36291
36290
8049
21936
36296
36295
36294
36293
780
36292
38590
31840
14602
36280
36288
36287
36286
17085
36285
36284
36283
36282
36281
36289
12512
36277
36276
22321
36275
36274
36273
36272
36271
36270
28543
2873
36279
36278
50400
50402
50401
3964
50404
50403
50406
40091
50405
18399
50408
50407
50409
14233
15683
49335
36266
36265
36264
18152
36263
36262
36261
36260
22094
36269
36268
36267
50411
50410
50413
50412
50415
12855
50414
32106
50417
30964
50416
50419
13272
50418
7431
21211
5377
7677
45642
36255
36254
36253
36252
36251
36250
32694
36259
36258
36257
50420
36256
50422
108
50421
50424
50423
50426
50425
50428
50427
