49439
47931
38780
49438
49437
49436
23609
49435
49434
49433
49432
49431
49430
3635
49429
49428
49427
49426
49425
49424
49423
29032
15678
49422
17616
49421
49420
35824
49419
49418
49417
20310
49416
6135
49415
49414
49413
49412
46829
26771
49411
49410
34606
32426
49408
9411
49407
36690
39166
49406
36691
49405
36692
49404
36693
49403
8686
36694
38872
49402
11174
36695
49401
1132
25336
49409
36696
49400
36697
36698
36699
33626
11854
18923
36680
36681
36682
36683
36684
25787
3317
31675
36685
36686
36687
36688
36689
14540
36670
36671
36672
36673
27737
20788
24342
36674
36675
36676
36677
30699
36678
36679
34813
37196
19402
36660
36661
36662
30563
28115
34366
36663
36664
36665
36666
36667
36668
36669
1171
46219
49281
30674
4676
36776
36658
36659
36760
36761
49392
34227
49391
49390
49399
49398
49397
49396
49395
49394
49393
6086
36750
24788
42754
36759
49381
34694
11474
36751
49389
36752
49388
4336
36753
49387
36754
49386
36755
49385
36756
49384
36757
49383
36758
49382
24996
22578
25967
36748
31970
36749
36740
36741
36742
36743
36744
36745
36746
36747
18400
38473
36298
36737
782
36738
36739
3267
9804
36730
36731
36732
49122
36733
36734
36735
36736
18179
48940
21903
23400
8051
47859
36726
36727
12515
36728
36729
36720
5338
36721
36722
36723
36724
36725
24749
31818
49467
36715
36716
36717
36718
36719
49466
49465
49464
36710
49463
36711
49462
36712
49461
36713
49460
36714
18153
49459
49458
49457
49456
36704
36705
36706
36707
36708
36709
49455
49454
49453
49452
36700
49451
36701
49450
36702
36703
49449
49448
49447
49446
48599
49445
9050
28523
28881
24162
32571
49444
49443
49442
49441
49440
