23609
36760
36761
34227
78608
3635
56935
6086
8942
36750
67834
40730
36759
29032
52103
34694
11474
36751
17616
36752
36753
36754
36755
36756
75968
36757
36758
41372
44403
20310
72112
36748
36749
54496
26771
36740
36741
36742
36743
36744
36745
78629
36746
32426
36747
9411
18400
36690
36691
36692
36693
5971
8686
36694
36695
1132
36298
25336
36737
782
36738
36739
52360
3267
36696
78978
36697
36730
36698
36731
36699
36732
32537
33626
36733
36734
36735
18923
36736
73505
36680
64473
46524
36681
36682
36683
36684
21903
25787
22278
23400
8051
36726
36727
12515
36728
31675
36729
36685
36686
36687
36720
5338
36688
36721
78649
36689
36722
36723
37779
36724
36725
21358
24749
14540
31818
36670
46114
36671
36672
36673
75377
27737
36715
36716
36717
60689
78994
50086
36718
78993
29479
36719
78996
78995
24342
36674
36675
36676
36677
36710
36678
36711
36679
36712
34813
36713
36714
27708
40483
75429
19402
18153
36660
45012
43198
36661
36662
75027
22897
36704
36705
36706
36707
36708
34366
36709
36663
49059
36664
36665
78309
36666
36667
36700
36668
36701
36669
36702
36703
9050
28523
344
30674
76630
36658
36659
