36123
36924
36925
36926
36927
36928
36929
36920
36921
36922
3637
36923
71493
36913
36914
36915
36916
36917
36918
35146
36919
17617
36910
36911
36912
9766
73445
26896
36100
20557
35490
58174
36902
10997
36903
36904
36905
36906
36907
36908
26772
36909
36900
36901
20682
9412
24480
53614
16989
18570
21181
39959
37761
74325
31542
31423
34814
28237
32983
27146
34367
25089
13425
36890
36891
36892
36893
38838
3106
62918
36894
16821
36895
36896
36897
36898
36899
36658
18652
67145
14178
36880
36881
36882
36762
36883
36884
36885
36886
36887
36888
36889
11347
6087
36870
36871
74485
26723
36872
30537
36873
36632
36874
36875
36876
36877
36878
36879
74811
36860
77090
77091
77092
77093
77094
77095
77096
77097
77098
36869
77099
36861
36862
36863
36864
36865
36866
36867
68252
36868
4481
27910
77084
77085
20964
77086
77087
36858
77088
36859
77089
37148
36853
36854
36855
36856
36857
40546
8052
29860
36968
36960
28092
36961
36962
36963
5339
36964
36965
36966
36967
63396
61892
22325
27339
36957
36958
2876
36959
36950
36951
36952
14944
36953
36954
36955
3967
11798
36956
28634
36946
36947
36948
12857
36949
1675
22095
458
23066
24276
36940
36941
36942
36943
36944
36945
45403
21572
24963
36935
36936
36937
36938
36939
36930
36931
41282
14802
36932
36933
36934
