74999
36123
36924
36925
36926
36927
36928
36929
9978
48583
36920
36921
36922
3637
36923
36913
36914
36915
36916
36917
36918
35146
36919
58609
17617
36910
36911
36912
9766
73320
20557
35490
78462
36902
78464
36903
78463
36904
36905
36906
36907
36908
26772
36909
36900
36901
9412
61477
75768
75404
71046
56214
21181
74561
31542
31423
34814
1702
73801
28237
32983
27146
34367
56476
36890
36891
75316
36892
36893
75555
77840
36894
16821
36895
36896
36897
36898
36899
36658
18652
47654
14178
36880
36881
36882
36762
36883
77756
36884
36885
36886
36887
56933
36888
34901
36889
54759
6087
36870
36871
23338
34213
36872
30537
36873
36874
50963
36875
36876
36877
36878
36879
36860
78184
36869
653
36861
36862
36863
36864
36865
36866
36867
36868
27910
44911
20964
36858
36859
36853
36854
49000
36855
36856
36857
74038
8052
29860
36968
36960
28092
36961
36841
36962
36963
5339
36964
36965
36966
36967
72546
22325
27339
36957
36958
2876
36959
36950
36951
36952
14944
36953
36954
36955
3967
11798
36956
70019
68613
2097
28997
36946
36947
36948
12857
36949
22095
77697
458
36940
36941
36942
36943
36944
36945
64149
24963
36935
36936
36937
36938
36939
42928
36930
36931
36932
36933
36934
