51519
51518
51520
51522
51521
8404
51524
51523
51526
51525
51528
51527
51529
29033
2554
51531
51530
51533
19914
51532
51535
17618
51534
51537
51536
51539
51538
44089
40837
51540
51542
51541
51544
51543
51546
51545
51548
51547
51549
21655
43302
19694
6147
8687
9097
34951
35247
51551
51550
24121
51553
51552
51555
51554
48672
51557
46131
51556
51559
51558
13560
27603
51560
51562
51561
51564
1133
51563
46363
51566
51565
51568
51567
51569
17129
6826
31300
51571
51570
51573
51572
26641
51575
51574
51577
51576
14542
51579
51578
31424
26619
15288
33390
12219
51580
51582
34368
51581
24793
11122
48753
26983
1840
34476
506
20081
48075
18448
16231
37051
37052
37053
37050
10816
4686
14179
37040
37041
37042
6088
37043
37044
36990
37045
36991
37046
36992
37047
42755
41307
36993
37048
36994
37049
36995
36996
36997
36998
36999
37030
37031
37032
6773
37033
37034
36980
37035
36981
37036
27340
36982
37037
36983
37038
36984
37039
36985
36986
36987
36988
50736
33119
36989
37020
38593
37021
37022
37023
37024
36970
37025
36979
29531
36971
37026
36972
37027
36973
37028
13872
36974
37029
36975
36976
36977
36978
48945
5340
37010
37011
16553
37012
17088
37013
37014
26117
29502
8053
36969
37015
37016
37017
37018
37019
37000
37001
42153
37002
37003
43123
25150
37004
37005
8734
37006
37007
37008
37009
18952
20351
49336
31133
25364
30966
51508
51507
51509
14243
22541
10448
13279
51511
51510
51513
30836
51512
51515
51514
51517
51516
