3880
3760
3881
3640
3761
3638
3759
3639
3630
3751
3872
3631
3752
3873
3632
3753
3874
3633
3754
3875
3634
3755
3876
56416
3635
3756
3877
3636
3757
3878
3637
3758
3879
71930
3770
3650
3771
21792
3651
3772
3649
74083
3641
3762
9
3642
3763
3643
3764
3644
3765
3645
3766
69970
3646
3767
3647
3768
3648
3769
3780
3660
3781
3661
3782
3662
3783
30480
3652
3773
3653
3774
3654
3775
3655
3776
3656
3777
3657
3778
3658
3779
31218
3659
3790
3670
3791
3671
3792
3672
3793
3673
3794
3552
3551
3550
3549
3548
3547
3546
3545
2697
3544
3663
3784
3664
3785
3665
3786
3666
3787
3667
3788
3668
3789
3669
44984
3680
3681
3682
3683
3684
3563
3562
2472
3561
3560
3559
3558
3557
3556
3555
3554
3553
3674
3795
3675
3796
3676
3797
3677
3798
3678
3799
3679
3690
68443
3691
3692
3693
3694
3695
3574
3573
3572
3571
41346
3570
3569
3568
3567
1388
3566
3565
3564
3685
3686
3687
3688
3689
3585
3584
3583
3582
3581
3580
3579
3578
3577
1035
3576
3575
3696
3697
3698
3699
3596
3595
2142
3594
3593
3592
3591
3590
3589
3588
3587
3586
31766
48983
3599
3598
3597
51488
2035
74379
74378
74377
19040
74376
74375
74374
74373
74385
74384
74383
74382
74381
74380
33457
54319
3172
53351
687
67522
71360
28618
39508
371
45052
68099
59034
27846
74226
63336
35680
37744
1739
61854
3803
3804
3805
3806
3807
3808
3809
3800
3801
3802
3814
3815
3816
3817
3818
3819
15489
3810
3811
3812
3813
29779
3704
3825
3705
3826
3706
3827
3707
3828
3708
3829
3709
1640
3820
3700
3821
3701
3822
3702
3823
3703
3824
32932
3715
3836
3716
3837
3717
3838
3718
3839
3719
3830
3710
3831
3711
3832
3712
3833
51968
3713
3834
3714
3835
3604
3726
3847
3603
3727
3848
3602
3728
3849
3601
3729
3600
3840
3720
3841
3609
3721
3842
3608
3722
3843
3607
3723
3844
3606
3724
3845
3605
3725
3846
3860
61787
3615
3737
3858
3614
3738
3859
3613
3739
3612
3611
3610
25243
3850
3730
3851
3731
3852
3732
3853
3619
3733
3854
3618
3734
3855
3617
3735
3856
3616
3736
3857
3870
3750
3871
2779
3626
3748
3869
3625
3749
3624
3623
3622
3621
3620
3740
3861
3741
3862
3742
3863
3743
3864
3744
3865
3629
3745
3866
3628
3746
3867
3627
3747
3868
