10095
38420
38421
38422
23960
38423
38424
38425
38426
38427
38428
38429
38410
38411
29038
50200
38412
50202
38413
50201
38414
50204
38415
50203
38416
50206
19910
38417
50205
38418
50208
38419
50207
43793
20790
38400
35493
23149
45735
27626
38409
13907
38401
38402
38403
38404
38405
38406
13226
38407
38408
49649
5054
16862
41124
9092
25570
826
35803
17124
8691
1139
34027
1499
5732
23937
34374
15639
14549
19883
22134
33393
4309
34129
24790
12211
36423
11128
19407
38393
47306
38394
7398
38395
38396
38397
38398
38399
26620
38390
38391
38392
50145
50144
20085
50147
50146
50149
50148
4679
29690
1845
38382
38383
38384
38385
38386
38387
38388
38389
38380
38381
50150
50152
50151
50154
50153
50156
50155
50158
50157
50159
14184
27939
38371
38372
38373
38374
38375
38376
38377
38378
20986
38370
50161
50160
50163
50162
50165
50164
50167
50166
30538
38379
50169
50168
32714
38360
38361
44004
38362
38363
43710
48602
38364
38365
38366
38367
22333
50170
36506
50172
50171
50174
50173
50176
50175
50178
50177
38368
38006
38369
50179
38350
38351
38352
38353
38354
38355
38356
46531
21935
42854
50181
50180
50183
50182
50185
50184
50187
50186
50189
50188
38357
38358
38359
18404
13876
38344
38345
28416
29865
50190
23403
29507
50192
50191
50194
50193
50196
50195
50198
30184
50197
50199
38346
38347
38348
38349
38450
38451
38452
44331
19154
38453
38454
17650
7096
25153
31820
38440
38441
38442
38443
38444
38445
38446
38447
3974
38448
38449
13270
38430
38431
38432
38433
28525
12861
38434
21690
38435
38436
38437
38438
38439
