38382
38383
38384
71886
43698
38385
49955
10095
38386
38387
38420
69449
38388
38421
38389
38422
22751
61963
38380
38381
38423
38424
38425
38426
38427
78729
38428
49791
38429
14184
38371
38372
70566
38373
38374
67035
38375
38376
38377
38410
38378
38411
38370
29038
30538
38379
38412
38413
38414
38415
38416
38417
38418
38419
38360
38361
38362
38363
38364
38365
13460
38366
38367
38400
41931
22333
35493
23149
36506
38409
78227
60134
77931
38368
38401
38369
38402
38403
38404
38405
38406
13226
38407
38408
38350
38351
38352
38353
38354
38355
38356
18085
25570
38357
38358
46771
38359
52489
70978
18404
35803
13876
67348
47456
38344
38345
35232
65326
67988
29865
8691
23403
29507
72092
1139
1499
38346
18859
38347
38348
38349
21356
38450
38451
23937
38452
19154
38453
38454
34374
7096
15639
25153
77423
77700
14549
31820
38440
67486
38441
38442
19883
38443
38444
33393
4309
76001
40639
38445
38446
36423
38447
3974
38448
38449
11128
19407
38393
38394
69159
7398
38395
38396
38397
38430
38398
38431
38399
38432
38433
28525
26620
72560
38390
62768
38391
38392
57294
76350
78651
12861
20085
38434
78538
38435
38436
38437
38438
38439
1845
