8410
5023
16510
38540
38541
38542
38543
33094
30025
38544
77910
38545
38546
38547
38548
38549
38530
38531
30807
38532
73673
28860
38533
38534
38535
38536
38537
38538
38539
56429
38520
70730
38521
75863
63402
77493
20314
22733
15529
38522
38523
38524
38525
38526
38527
38528
38529
38510
72125
74420
38519
38511
38512
37787
38513
38514
55239
38515
38516
38517
38518
13441
67903
75520
29343
38508
78123
38509
78122
78125
78124
78126
56213
76985
4884
38500
21184
38501
38502
9417
13564
38503
38504
38505
76749
38506
38507
77021
77827
76739
31426
19884
34007
26298
51106
46340
15295
7399
29216
37180
77964
30677
27150
37054
66976
24535
34586
16238
37282
38492
38493
38494
38495
75219
38496
38497
38498
38499
10818
38490
38491
38481
6097
38482
38483
38121
38484
38485
38486
38487
75469
38488
38480
27343
38489
38470
5691
38471
38472
38473
38474
38475
38476
38477
3272
27914
35400
38478
38479
13877
38460
38461
4494
38462
38463
38464
38465
38466
41635
26119
31279
38467
38468
38469
38570
38571
38572
38573
18066
38574
38575
38455
38576
76572
38456
52821
38457
38458
38459
31942
38560
38561
38562
63287
38563
38564
38565
74051
38566
38567
38568
38569
35615
38550
38551
38552
38553
38554
40632
28645
462
38555
38556
38557
38558
38559
