36481
5026
33890
65408
24537
34589
75973
75974
6468
75975
54999
75976
75977
4844
75978
28690
75979
40452
74765
30490
75695
28341
11998
1501
32432
38654
11478
39296
39295
39298
63241
39297
62275
39299
35253
39290
39292
62316
39291
20315
39294
24756
39293
33632
14951
38768
39285
39284
37141
39287
39320
39286
14045
39289
39322
39288
39321
41003
39324
39323
57373
27479
39281
39280
19050
39283
39282
75980
23153
25574
52089
39326
18408
18925
39325
39328
39327
30236
39329
9421
39274
39273
39276
39275
39278
39311
72258
39277
39310
39313
39279
39312
72411
29867
39270
25945
39272
39271
27680
39315
39314
39317
39316
12359
39319
31677
39318
10456
13568
39263
39262
39265
39264
39267
39300
39266
62463
39269
39302
67632
39268
39301
8061
59293
39261
26120
30972
60168
39304
5347
31945
38578
39303
39306
39305
39308
39307
31547
39309
70897
19887
70377
25488
74455
67801
30167
2885
36424
56517
32987
16387
11808
18040
37509
25252
47020
