15300
7446
39511
39510
43218
25340
6469
39513
39512
33419
39515
39514
39517
39516
39519
39518
39500
2561
34734
39509
27773
12167
39502
44096
39501
39504
39503
39506
39505
3647
39508
39507
43311
26776
34040
57402
57403
57400
35255
57401
15642
23832
24129
29376
37788
1922
29900
27606
54396
24584
51697
49068
12248
39494
39493
39496
39495
39498
39497
4310
39499
49852
20759
39490
39492
39491
30680
14630
34924
39483
39482
39485
39484
39487
39486
39489
39488
26621
39481
39480
27154
50389
1849
10169
39472
39471
39474
39473
39476
37056
39475
38025
39478
39477
40103
39470
57348
57349
30542
39479
36886
39461
39460
39463
39462
39465
18660
39464
39467
39466
57350
57351
57352
57353
57358
57359
35423
57354
51375
57355
57356
57357
39469
39468
39450
24758
39452
39451
39454
39453
39456
39455
57361
57362
57363
57364
57360
57369
32146
57365
57366
57367
57368
39458
39457
39459
39441
5693
27916
39440
39443
39442
39445
39444
57372
57373
57374
57375
26825
57370
57371
57376
57377
57378
788
57379
39447
39446
18409
39449
39448
3703
39430
7400
39432
39431
39434
39433
42045
47059
57383
57384
57385
57386
57380
57381
57382
57387
53587
57388
57389
39436
39435
39438
39437
39439
21236
39540
39421
39542
39420
39541
39423
39544
39422
39543
57394
57395
57396
57397
57390
57391
17091
57392
57393
32113
57398
57399
29510
56982
39425
39546
39424
39545
39427
39548
39426
39547
31821
39429
39428
39549
25390
39531
39530
39533
39532
31010
36026
39535
39534
39416
39537
39415
39536
39418
39539
30841
39417
39538
17624
39419
20368
22789
24968
39520
42252
39522
39521
44431
32699
466
28401
39524
39523
39526
39525
39528
39527
39529
