0
10753
5608
712
6705
3568
600
11719
601
602
603
604
605
606
607
608
609
4553
610
611
612
613
614
615
616
617
618
619
620
621
500
622
501
623
502
2497
624
503
625
504
626
505
627
506
628
507
629
508
509
10372
1060
12318
12317
12438
630
12319
12439
631
510
632
511
512
633
513
634
514
635
12310
12432
515
636
12433
516
637
12312
12430
517
638
12311
12431
518
639
12314
12436
519
12313
12437
12316
12434
12315
12435
10016
12440
7610
12329
12208
12328
12207
640
12449
520
641
12209
521
642
400
522
643
401
523
644
402
524
645
403
525
646
404
12321
12443
12200
526
647
405
12320
12444
527
648
406
12323
12441
12202
528
649
407
12322
12442
12201
529
408
12325
12447
12204
409
12324
12448
12203
12327
12445
12206
12326
12446
12205
7984
12418
650
12419
530
651
12416
531
652
410
12417
532
653
411
533
654
412
534
655
413
535
656
414
2167
536
657
415
12410
537
658
416
12411
538
659
417
539
418
419
12414
12415
12412
12413
4240
660
12307
12429
540
661
12306
541
662
420
12309
12427
542
663
421
12308
12428
543
664
422
544
665
423
545
666
424
546
667
425
547
668
426
12421
548
669
427
12422
549
428
12301
429
12300
12420
12303
12425
12302
12426
12305
12423
12304
12424
670
550
671
551
672
430
552
673
431
553
674
432
554
675
433
555
676
434
556
677
435
557
678
436
558
679
437
559
438
439
8969
8620
560
561
440
12407
562
441
12408
563
442
12405
564
443
12406
565
444
566
445
567
446
12409
568
447
569
448
449
12400
12403
12404
12401
12402
570
571
450
572
451
573
452
574
453
575
454
576
455
577
456
578
457
579
458
459
3197
580
581
460
582
461
583
462
584
463
585
464
586
465
587
466
588
467
589
468
469
12391
12392
5263
12150
12271
12390
12270
12395
12152
12273
12396
12151
12272
12393
12154
12275
12394
12153
12274
590
591
470
592
471
593
472
594
473
595
474
596
475
597
476
598
477
599
478
479
12399
12156
12277
12155
12276
12397
12158
12279
12398
12157
12278
12159
12280
12161
12282
12160
12281
12163
12284
12162
12283
12165
12286
12164
12285
480
481
482
483
363
484
364
485
365
486
366
487
367
488
368
489
369
12288
12167
7326
12166
12287
12169
12289
12168
12370
12373
12130
12251
12374
6013
12250
12371
12132
12253
12372
12131
12252
490
370
491
371
492
372
493
373
494
374
495
375
496
376
497
377
498
378
499
379
12377
12134
12255
12378
12133
12254
12375
12136
12257
12376
12135
12256
12138
12259
12137
12258
12379
12139
12380
34
12381
12260
12384
12141
12262
12385
12140
12261
12382
11054
12143
12264
12383
12142
12263
380
381
382
383
384
385
386
387
388
389
12388
12145
12266
12389
12144
12265
12386
12147
12268
12387
12146
12267
12149
12148
12269
12351
12352
12110
12231
12350
12230
390
391
392
393
394
395
6392
396
397
12119
398
399
12355
12112
12233
12356
12111
12232
12353
12114
12235
12354
12113
12234
12359
12116
12237
12115
12236
12357
12118
12239
12358
12117
12238
12362
12240
12363
12360
12121
12242
12361
12120
12241
12366
12123
12244
12367
12122
12243
12364
12125
12246
12365
11398
8339
12124
12245
12127
12248
12126
12247
12368
12129
12369
12128
12249
12450
12330
12451
7025
12219
12218
12339
12333
12454
12211
12334
12455
12210
12331
12452
12213
12332
12453
12212
12337
12215
12338
2804
12214
12335
12456
12217
12336
12216
12340
12341
12220
9692
12109
12108
12229
3905
12344
12101
12222
12345
12100
12221
12342
12103
12224
12343
12102
12223
12348
12105
12226
12349
12104
12225
12346
12107
12228
12347
12106
12227
9349
12093
12092
12095
12094
12097
12096
12099
12098
12091
12090
1764
12192
12191
12073
12194
12193
12075
12196
12074
12195
12077
12198
12076
12197
12190
1413
12079
12078
12199
12082
12081
12084
12083
12086
12085
12088
12087
12080
12089
12291
12170
12290
12293
12172
12292
12171
12295
12174
12294
12173
12297
12176
12296
12175
12299
12178
12298
12177
12179
12181
12180
12183
12182
12185
12184
12187
12186
12189
12188
4955
