18410
39593
39592
39595
8892
39594
62098
39597
39630
39596
39599
39632
39598
39631
40462
75325
65529
6470
39591
39590
30543
1850
54753
116
36124
39634
39633
39636
39635
39638
39637
67261
39639
39582
18301
39581
16240
39584
39583
39586
14189
39585
39588
39621
73830
39587
39620
75215
70168
73276
39580
39623
11352
39589
39622
39625
39624
39627
39626
39629
39628
69175
24759
39571
39570
17389
39573
39572
39575
68779
39574
39577
39610
39576
26777
35494
23546
39619
35256
3498
39579
39612
39578
39611
39614
39613
39616
39615
14953
39618
39617
39560
39562
64463
61591
39561
39564
39563
39566
13230
39565
20969
3275
22104
22468
39609
39608
55598
789
6777
39568
39601
39567
39600
39603
39569
39602
39605
39604
39607
39606
9422
39551
39550
39553
39552
39555
39554
1143
27689
27440
39557
39556
39559
39558
67187
68962
37481
19315
70920
19157
31140
61655
24347
77386
77387
32114
77388
25154
58521
29511
50246
12523
22933
63284
37992
71585
73002
73640
26299
30842
34925
29040
3978
19411
24969
39640
11809
3111
45405
16828
19815
76878
