21666
24539
71889
7685
26435
28691
24130
15301
70829
71899
71897
71898
39740
71895
71896
7215
71893
71894
71891
71892
71890
32552
50046
60243
36510
8416
10820
39692
39691
39694
39693
39696
39695
39698
39731
39697
39730
29129
65307
24238
22336
39690
33633
55220
39733
39699
39732
14553
15643
39735
39734
39737
11961
39736
39739
31613
39738
39681
39680
70104
39683
39682
5694
13231
39685
39684
39687
39720
39686
3276
28600
40439
39729
23154
39689
39722
39688
39721
18926
39724
6778
39723
35805
37789
39726
39725
39728
39727
39670
47977
27607
39672
39671
39674
39673
39676
70235
39675
46926
39719
39718
33059
56454
39678
39711
15985
39677
39710
39713
39679
39712
39715
39714
39717
55926
39716
39661
39660
39663
30607
39662
39665
39664
41067
62586
41342
71691
21911
8062
45309
17092
39708
39707
35985
39709
25791
1144
39667
39700
39666
39669
39702
31947
39668
39701
45384
39704
39703
39706
31822
39705
64084
39650
39652
39651
39654
4311
39653
68578
41699
63966
2886
32341
39656
39655
39658
39415
39657
39659
56637
61261
30843
67015
39641
39643
66686
39642
27831
34590
37182
34876
53774
467
39645
39644
39647
39646
39649
12866
39648
