21666
24539
7685
72611
26435
28691
24130
56375
53940
56652
1694
15301
68366
39740
29313
32552
78159
76259
48850
36510
8416
10820
39692
9642
39691
39694
39693
39696
39695
39698
39731
39697
39730
78181
22336
39690
33633
78189
59303
39733
39699
39732
14553
15643
39735
39734
39737
39736
39739
39738
39681
72526
39680
39683
39682
5694
13231
39685
39684
39687
39720
39686
3276
63778
23556
2734
39729
23154
59952
39689
39722
61233
39688
39721
18926
39724
6778
39723
35805
37789
39726
39725
39728
39727
39670
27607
39672
65321
37373
39671
39674
69648
39673
39676
39675
41636
39719
39718
24293
78003
39678
39711
15985
39677
39710
39713
39679
39712
39715
39714
39717
39716
8585
39661
39660
66782
39663
39662
39665
78190
39664
78192
78191
78194
78193
21911
78195
8062
17092
39708
39707
39709
25791
1144
39667
39700
39666
50366
39669
39702
31947
39668
39701
39704
39703
39706
31822
39705
39650
39652
45255
39651
39654
4311
39653
65502
2886
32221
39656
76524
39655
39658
39415
39657
47033
39659
30843
66167
39641
39643
39642
67659
34590
63856
73372
37182
58389
467
39645
39644
39647
39646
39649
12866
39648
65074
