40065
40064
39991
40063
39990
40062
39993
40069
39992
40068
39995
40067
46288
7687
39994
40066
46289
32567
26795
15304
39997
46286
39996
46287
39999
46284
39998
46285
40061
46282
40060
46283
15668
46281
40054
40053
40052
40051
40058
40057
40056
40055
24148
40059
39986
39985
5029
39988
39987
40050
39989
40043
40042
40041
40040
40047
11161
40046
40045
40044
40049
490
20318
40048
5718
814
14557
9773
40032
40031
40030
40036
7113
40035
40034
40033
40039
23157
40038
40037
26308
40828
3304
27751
13233
40021
40020
40025
40024
40023
40022
40029
40028
40027
40026
27169
4643
34828
40010
9794
40014
40013
40012
40011
34011
40018
40017
40016
40015
40019
46352
46353
46350
46351
2915
46349
22934
46347
46348
45139
11481
40003
46345
40002
46346
40001
46343
40000
46344
40007
40006
40005
40004
37190
40009
40008
46341
37511
46342
46340
22943
46338
46339
46336
19413
46337
18681
46334
46335
46332
46333
28242
27155
46330
46331
46327
46328
46325
46326
46323
46324
37057
46321
46322
46329
1852
28692
46320
46316
37283
46317
44931
46314
20981
46315
46312
16003
46313
46310
46311
22122
28105
46318
46319
37609
24540
13899
46305
46306
46303
46304
46301
46302
46300
29524
46309
46307
46308
33237
22570
14956
19176
37387
3277
24761
43706
25948
28097
19159
25958
7098
17093
21913
30292
8065
24988
31141
31948
5349
35507
41857
36027
39416
16537
46299
12869
46290
30278
46297
46298
46295
46296
40072
46293
40071
46294
40070
46291
29050
46292
