4961
0
1
2
3
4
5
6
7
8
9
13811
11725
10759
5614
718
3574
3203
6711
14195
14196
14193
14194
14199
14197
14198
14191
14192
14190
4559
1066
10378
402
10022
2173
7616
7990
300
301
302
303
304
305
306
12785
307
308
309
8975
310
311
312
313
314
315
316
4246
317
318
319
320
200
321
201
322
202
323
203
324
204
325
205
326
206
327
207
328
208
329
209
330
210
331
11404
211
332
212
333
213
334
214
335
215
336
216
337
217
338
8626
218
339
219
340
220
341
100
221
342
101
222
343
102
223
344
103
224
345
104
225
346
105
226
347
106
227
348
107
228
349
108
229
109
11060
14452
14210
14331
14453
14211
14332
14450
14451
14330
350
230
351
110
231
352
111
232
353
112
233
354
113
234
355
114
235
356
115
236
357
116
237
358
117
238
359
118
239
14456
14214
14335
119
14336
14457
14215
14454
14212
14333
14455
14213
14334
14339
14218
14219
14337
14458
14216
10
14338
14459
14217
11
12
14460
13
7332
14
15
14342
14463
14221
16
14343
14464
14222
17
14340
14461
13493
18
14341
14462
14220
19
360
240
361
120
241
362
121
242
122
243
123
244
124
245
125
246
126
247
127
248
128
249
129
14346
14467
5269
14225
14347
14468
14226
14344
14465
14223
14345
14466
14224
14229
20
14348
14469
14227
21
14349
14228
22
23
24
25
26
14430
27
14431
14310
28
29
250
130
251
131
252
132
253
133
254
134
255
14319
135
256
136
257
137
258
138
259
139
14434
14313
14435
14314
14432
14311
14433
14312
14438
14317
30
14439
14318
31
14436
14315
32
14437
14316
33
34
35
36
37
14441
14320
38
14442
14200
14321
39
14440
260
140
261
141
262
142
263
143
264
144
265
145
266
14209
146
267
147
268
148
269
149
14445
14203
14324
14446
14204
14325
14443
14201
14322
14444
14202
6019
14323
40
14449
14207
14328
41
14208
14329
42
14447
14205
14326
43
14448
14206
14327
44
45
46
47
48
49
6398
270
150
271
151
272
152
273
153
274
154
275
155
276
156
277
14418
157
278
14419
158
279
159
14412
14413
14410
50
14411
51
14416
52
14417
53
14414
54
14415
55
56
57
58
59
14420
8345
280
160
281
161
282
162
283
163
284
164
285
165
286
166
287
167
288
14429
14308
168
289
14309
169
14423
14302
14424
14303
60
14421
14300
61
14422
14301
62
14427
14306
63
14428
14307
64
14425
14304
65
14426
14305
66
67
68
69
290
170
291
171
292
172
293
173
294
174
295
175
296
176
297
177
298
178
299
179
70
71
72
73
74
75
76
77
78
79
12461
9698
180
181
182
183
184
185
7031
186
187
14409
188
189
14407
2810
14408
80
14401
81
14402
82
83
14400
84
14405
85
14406
86
14403
87
14404
88
14173
14294
89
14174
14295
14171
14292
14172
14293
14177
14298
14178
14299
14175
14296
14176
14297
190
191
192
193
194
14290
195
14170
14291
196
197
198
199
90
91
92
93
14179
94
95
96
97
3911
98
99
9355
14184
14185
14182
14183
14188
14189
14186
14187
14180
14181
14393
14151
14272
14394
14152
14273
14391
14270
14392
14150
14271
14397
14155
14276
14398
14156
14277
14395
14153
14274
14396
14154
14275
14390
14159
14399
14157
14278
14158
14279
14162
14283
14163
14284
14160
14281
14161
14282
14166
14287
14167
14288
14164
14285
14165
14286
1770
14280
14168
14289
14169
14371
14250
14372
14130
14251
14370
13160
14375
14133
14254
14376
14134
14255
14373
14131
14252
14374
14132
14253
14379
14137
14258
12078
14138
14259
14377
14135
14256
14378
14136
14257
1419
14139
14382
14140
14261
14383
14141
14262
14380
14381
14260
14386
14144
14265
14387
14145
14266
14384
14142
14263
14385
14143
14264
14148
14269
14149
14388
14146
14267
14389
14147
14268
14470
14350
14471
14353
14474
14111
14232
14354
14475
14112
14233
14351
14472
14230
14352
14473
14231
14357
14115
14236
14358
14116
14237
14355
14476
14113
14234
14356
14114
14235
14119
14359
14117
14238
14118
14239
14360
14361
14240
14364
14122
14243
14365
14123
14244
14362
14120
14241
14363
14121
14242
14368
14126
14247
14369
14127
14248
14366
14124
14245
14367
14125
14246
14128
14249
14129
