41033
20575
11508
25341
19907
36125
26310
48463
48462
48461
48460
15305
21433
40294
40293
48459
48458
48457
48456
48455
42237
32433
48454
39985
48453
48452
14224
48451
40292
48450
40291
40290
18945
40285
40284
40283
48449
40282
48448
40289
48447
40288
48446
40287
48445
40286
48444
46825
11845
48443
48442
48441
48440
40281
40280
13589
14558
33515
40274
23956
40273
48439
40272
48438
40271
48437
40278
48436
20561
40277
48435
40276
48434
40275
48433
23158
40279
48432
48431
47464
6812
35928
48430
40270
40263
48429
8696
40262
48428
40261
48427
27608
40260
48426
40267
48425
40266
48424
40265
48423
9424
40264
48422
40269
40268
48421
48420
4644
16830
13569
40252
48418
40251
48417
40250
48416
48415
40256
48414
40255
48413
40254
48412
40253
48411
40259
40258
40257
39261
48419
34377
1145
34013
48410
40241
48407
40240
48406
48405
40245
40244
11483
40243
40242
40249
40248
34482
40247
40246
48409
48408
34125
2244
40230
18687
20089
40234
40233
40232
16265
40231
34110
40238
40237
40236
40235
9451
40239
34233
11136
40223
40222
7721
40221
40220
40227
40226
40225
40224
40229
40228
1853
36767
40212
40211
40210
40216
40215
40214
40213
40219
40218
40217
33122
12200
32711
40201
40205
40204
40203
40202
40209
40208
40207
40206
26135
42852
8720
21932
1885
36972
9802
13878
31966
28539
792
30989
31836
10457
7099
5350
8066
38457
42150
3980
42029
23181
30041
29041
44557
9057
37903
