3882
3993
3994
3995
3996
3997
3998
3999
42357
3890
3891
3892
3893
60801
60800
3883
3884
3885
3886
3887
3888
3889
16056
60809
60808
60807
60806
60805
60804
60803
60802
56797
60810
3894
3895
3896
3897
3898
3899
19215
3544
2473
37084
32874
1389
38280
58538
55385
1036
42772
40112
4200
4201
2143
4210
4211
4212
48620
25626
4202
4203
4204
4205
5415
4206
4207
4208
4209
4100
4101
4102
25991
4213
4214
4215
4216
4217
4110
4111
4112
4113
4103
4104
46540
4105
21480
4106
4107
4108
4109
4120
4000
4121
4001
4122
4002
4123
4003
4124
4114
21251
4115
4116
4117
4118
4119
47615
4130
4010
4131
4011
4132
4012
4133
4013
4134
44102
4014
4135
4004
4125
4005
4126
4006
4127
4007
4128
4008
4129
4009
4140
4020
4141
4021
4142
44578
4022
4143
4023
4144
4024
4145
4025
4146
3173
688
4015
4136
4016
4137
4017
4138
4018
4139
4019
37923
4150
4030
4151
4031
4152
4032
4153
4033
4154
4034
4155
4035
4156
7787
4036
4157
4026
4147
4027
4148
4028
4149
4029
4040
4161
4041
4162
42256
4042
4163
4043
4164
4044
4165
4045
4166
4046
4167
4047
4168
4160
4037
4158
4038
4159
4039
4051
4172
4052
4173
4053
4174
4054
4175
4055
4176
4056
4177
4057
4178
4058
4179
4170
4050
4171
4048
4169
4049
10
4183
4062
4184
4063
4185
4064
4186
4065
4187
4066
4188
4067
4189
4068
4069
4180
4181
4060
4182
4061
4059
4194
4073
4195
4074
4196
4075
4197
4076
4198
4077
4199
4078
4079
4190
4191
4070
372
4192
4071
4193
4072
4084
4085
4086
4087
4088
4089
4080
4081
4082
4083
52402
4095
4096
4097
4098
4099
4090
4091
4092
4093
4094
12597
10184
15724
48875
3902
3903
3904
3905
3906
52564
3907
3908
3909
3900
3901
42521
40585
3913
3914
3915
3916
3917
3918
3919
3910
3911
3912
3924
60768
3925
60767
3926
3927
3928
1740
3929
3920
3921
3922
3923
60769
3935
60779
3936
60778
3937
60777
3938
60776
3939
60775
58454
60774
60773
60772
60771
60770
47197
3930
39459
3931
3932
3933
3934
16585
3946
3947
60789
3948
60788
3949
60787
60786
60785
60784
60783
60782
60781
3940
60780
3941
3942
3943
3944
3945
9141
3957
3958
3959
60799
60798
60797
60796
60795
60794
60793
3950
60792
3951
60791
3952
60790
3953
3954
3955
3956
3970
3968
3969
3960
3961
3962
3963
3964
3965
3966
3967
3980
3981
58495
3979
3971
3972
3973
3974
3975
3976
3977
3978
3990
3991
3992
2780
60102
3982
3983
3984
3985
3986
3987
3988
3989
