40582
40581
40580
68993
40586
40585
40584
40583
40623
40589
40622
40588
40621
40587
40620
40627
40626
40625
40624
40619
78287
78683
40618
56898
40617
76026
33892
15308
70824
36768
40571
72988
40570
40575
40574
8422
40573
40572
74005
32393
40579
40612
24541
40578
40611
40577
40610
40576
40616
40615
40614
7690
40613
32830
40609
40608
10824
40607
34698
40606
35148
57630
12048
56824
22339
67442
38761
35496
40568
40601
40567
40600
78182
40605
40604
40603
40569
40602
78740
58611
33759
5957
15647
33239
40395
6781
20321
13235
44073
39724
5569
69474
71603
27448
793
10458
26079
5698
51686
5353
17097
30171
78356
34014
25793
7404
38855
33209
59738
55816
14195
62194
40641
40640
30280
40645
2891
40644
40643
40642
40646
40639
2247
34926
29042
39418
32989
78709
40593
40592
40591
40590
40597
40630
40596
40595
40594
69436
40634
63577
40633
62247
28402
40599
40632
40598
40631
40638
40637
40636
40635
40629
35600
40628
27157
76477
28244
59512
3861
11137
