40582
24934
40581
40580
40586
40585
40584
40583
40623
40589
40622
40588
40621
40587
40620
40627
40626
40625
40624
40619
40618
40617
34466
33892
4203
7958
15308
36768
40571
40570
71413
40575
40574
8422
40573
40572
40579
40612
24541
40578
40611
40577
40610
40576
40616
40615
40614
7690
40613
32830
40609
40608
10824
40607
34698
40606
35148
22339
44487
8313
35496
40568
40601
28834
40567
40600
57243
40605
40604
40603
40569
40602
79036
79035
79037
78500
61103
76446
57923
33759
15647
33239
40395
6781
20321
73457
3156
70061
58228
4917
76279
25299
13235
44076
44742
6673
9668
793
10458
5698
61242
5231
5353
17097
46115
30171
55377
34014
25793
7404
71604
14195
71349
40641
44320
40640
19085
30280
40645
2891
40644
40643
40642
40646
58813
40639
2247
68052
9318
34926
29042
39418
32989
78948
40593
40592
40195
40591
65079
40590
40597
40630
40596
40595
40594
40634
40633
28402
40599
40632
40598
40631
40638
40637
40636
40635
40629
40628
27157
34355
28244
11137
