41033
41032
41031
41030
41037
40343
41036
41035
41034
41039
41038
45917
27481
37059
51764
61287
16515
40296
3650
16244
63115
41029
41028
41027
32831
51133
28863
30890
37602
41099
41098
39331
41097
41096
4079
40567
19160
891
38805
35930
24350
35257
54410
41091
9518
41090
41095
41094
41093
52119
35538
41092
41088
65275
41087
65274
41086
65277
41085
65276
47621
65279
65278
15650
41089
44354
64508
1247
41080
31728
41084
41083
41082
41081
41077
65286
41076
65285
41075
65288
41074
65287
9426
65289
62298
41079
41078
22552
32247
31950
796
12872
16833
65280
55526
47330
41073
65282
20091
41072
65281
41071
65284
4649
41070
65283
41066
65297
41065
65296
41064
41063
13572
41103
41069
41102
41068
41101
41067
41100
21916
41107
41106
41105
26006
29513
41104
41109
41108
34415
12526
14309
34016
26122
65291
65290
41062
65293
41061
65292
41060
65295
65294
41055
41054
41053
28917
41052
41059
41058
41057
41056
30685
33398
217
11485
34928
41051
19888
41050
10556
25419
41044
41043
24607
41042
41041
46458
41048
41047
41046
41045
18160
41049
64547
36251
55395
11812
57974
59118
27158
53258
52287
2893
41040
56804
