41154
41153
41152
68872
41151
41158
6475
41157
74634
41156
41155
25345
41159
74071
15309
36127
2420
30028
41150
66690
41143
23615
41142
41141
41140
41147
41146
41145
3651
41144
41149
41148
62668
120
30493
41132
41131
41130
41136
41135
41134
75623
41133
41139
41138
41137
16978
41121
41120
41125
41124
41123
41122
41129
25575
41128
41127
73331
41126
13236
41110
11140
41114
71169
4650
41113
41112
41111
41118
75401
41117
41116
41115
41119
29221
40936
29346
40819
16834
31679
65730
14784
41213
41212
41211
41210
41217
10829
41216
41215
41214
72393
41218
61824
76400
76401
76402
76403
37995
76404
37754
76405
76406
19889
20763
41202
41201
41200
41206
41205
41204
41203
41209
41208
41207
30791
13880
15145
58437
30410
33242
68484
4472
19161
74013
47518
3813
54539
22109
13077
40793
72762
67736
30630
22340
41198
41197
41196
41195
41199
24973
3281
32248
22791
41190
69240
12873
41194
41193
41192
41191
41187
41186
41185
41184
41189
41188
63159
29514
26123
70916
41183
41182
32117
41181
41180
41176
41175
41174
41173
12173
41179
41178
41177
55543
5357
41172
41171
41170
41165
9059
41164
41163
41162
41169
20242
41168
41167
41166
47828
63607
29298
2894
41161
41160
