41312
13881
41311
41310
41316
24135
41315
41314
41313
65526
41319
41318
26439
41317
4849
10656
28694
74909
41382
8424
41301
41300
72589
40297
64565
41305
26961
41304
24544
41303
71130
41302
41309
41308
7691
41307
41306
38657
29790
41381
41380
32832
1504
41374
41373
41372
68773
41371
41378
7102
41377
73688
41376
41375
19162
35891
41379
76200
76201
76202
76203
2563
76204
3652
76205
76206
41370
41363
27918
41362
69115
20322
41361
41360
6784
41367
41366
41365
41364
41369
41368
31286
41352
41351
7244
41350
41356
48304
41355
11142
41354
37894
41353
41359
41358
41357
22554
3282
34700
60316
31951
57544
14779
71959
51726
40373
41341
41340
41345
7894
41344
41343
41342
41349
70240
41348
41347
26886
41346
62505
34017
1148
9428
30975
17101
41297
41330
41296
41295
7540
41294
41334
41333
41299
41332
14198
41298
41331
41338
41337
41336
41335
41339
60725
36825
28471
34929
64092
11486
30847
59629
35617
20764
72205
40073
41323
41322
41321
41320
41327
41326
71595
41325
41324
41329
41328
25491
76199
11813
29974
34113
60466
49443
11651
4316
50426
