41312
13881
41311
41310
41316
24135
41315
65249
41314
78282
41313
41319
41318
26439
41317
28694
14857
16758
41382
8424
41301
41300
15551
40297
41305
26961
41304
24544
41303
41302
41309
41308
7691
41307
41306
58041
78310
79008
41381
41380
32832
1504
41374
41373
41372
41371
41378
7102
41377
41376
41375
19162
41379
73682
56435
2563
54652
3652
41370
73839
64173
41363
27918
41362
20322
41361
41360
6784
41367
41366
41365
66400
41364
1372
3154
41369
41368
31286
39327
41352
41351
41350
75407
41356
41355
11142
41354
37894
41353
41359
41358
41357
22554
3282
34700
31951
33212
41341
41340
18863
41345
41344
41343
41342
41349
41348
41347
41346
34017
1148
9428
76615
51578
30975
17101
41297
41330
41296
41295
41294
41334
41333
38685
41299
41332
14198
41298
41331
41338
19084
41337
41336
41335
20514
41339
77298
77177
78545
34929
11486
30847
68331
35617
20764
49329
40073
41323
41322
41321
41320
41327
41326
41325
41324
42656
41329
41328
11813
77443
76354
61039
34113
347
51634
77726
4316
60183
35605
