41396
41395
41394
41393
50827
41433
41399
41432
39115
41398
41431
41397
41430
41437
41436
66858
41435
41434
21669
41439
41438
32204
36129
27482
13882
41392
1858
41391
41390
41385
7692
41384
43686
18665
41383
15311
41389
41422
16245
41388
41421
75734
41387
41420
69459
41386
28624
41426
41425
41424
41423
41429
41428
41427
56302
122
32553
39743
5700
68483
41411
72632
41410
27744
41415
41414
41413
40202
41412
41419
41418
58171
41417
41416
70292
41409
35258
2564
41483
41482
69114
41481
41400
9778
41404
41403
41402
24763
41401
46939
28969
41408
41407
41406
41405
26781
14962
41480
74937
41473
41472
41471
39550
41470
41477
41476
41475
17881
19662
41474
22792
41479
41478
3283
24051
60952
11143
13720
20092
31952
16835
41462
41461
41460
6286
41466
73237
41465
45782
41464
41463
41469
41468
56461
41467
36030
41626
60724
9429
32516
69892
68560
41451
75949
41450
41455
74613
41454
41453
3981
41452
41459
41458
41457
8070
41456
58250
31499
75950
60850
75951
7536
17627
11487
11645
70408
41440
40074
41444
41443
72204
6104
41442
41441
41448
41447
27159
41446
41445
41449
29296
2895
60464
75943
75944
75945
75946
75947
75948
