41792
20972
41791
74913
41790
41796
41795
41794
6477
41793
36002
41833
41799
41832
24136
41798
41831
25500
41797
41830
41837
41836
45119
41835
41834
41829
41828
41827
57585
23163
16517
63061
5030
41781
41780
69852
23617
41785
70167
41784
41783
41782
43442
41789
41822
41788
41821
71133
41787
41820
41786
41826
41825
41824
41823
41819
41818
41817
124
41816
31507
41770
41774
41773
41772
7104
41771
62432
41778
41811
27745
41777
41810
40203
41776
41775
41815
58293
41814
41813
77130
41779
41812
77131
41808
77132
41807
77133
41806
77134
41805
41809
13741
3655
32702
19059
15652
41763
41762
72248
41761
41760
41767
41800
41766
23311
24764
41765
74783
41764
41804
41803
41769
41802
57491
41768
41801
36218
301
35005
31287
37389
77129
14963
14565
19665
17883
8699
41752
41751
41750
41756
41755
41754
41753
3284
41759
41758
41757
9779
20094
7253
41745
25157
41744
36031
41749
41748
41747
41746
31146
58920
57437
34819
10102
58803
41850
47831
12176
37871
58253
30281
2250
39818
1677
15849
30686
35216
41849
34485
76008
17629
39419
20246
75939
21334
4164
41840
73015
41844
41843
41842
41841
41848
41847
41846
41845
40905
41839
41838
19416
50427
