9067
39991
6110
13242
23169
474
40739
32441
479
15664
20102
5034
44099
28866
33763
44090
33762
26443
129
44096
801
44095
44098
16522
44097
5702
16529
44092
44091
44094
44093
44089
44088
24355
44085
44084
33639
44087
37799
44086
44081
44080
44083
44082
44078
44079
26304
31681
31432
11824
19669
27611
32993
34379
18670
34241
42667
10837
34486
36302
37513
36770
4321
34237
2256
44151
44150
7702
44148
44147
43852
44149
44144
44143
44146
44145
27920
20978
22115
44140
44142
44141
42992
43289
44137
42993
44136
42994
44139
18424
42995
44138
44133
44132
42990
44135
13890
18420
42991
44134
42996
42997
42998
42999
33127
1862
28101
44131
44130
42981
44126
42982
44125
42983
44128
42984
44127
44122
44121
44124
42980
44123
42989
42985
42986
44129
31290
42987
40569
42988
25161
25166
44120
38129
43025
42970
44115
43026
42971
44114
43027
42972
44117
42973
44116
43021
44111
43022
44110
43023
44113
43024
44112
42978
42979
42974
44119
42975
44118
42976
42977
43020
43014
44104
43015
42960
44103
43016
42961
44106
43017
42962
44105
6795
43010
44100
43011
43012
44102
43013
44101
42967
42847
42968
42969
43018
42963
44108
43019
42964
44107
42965
42966
44109
30981
43003
43004
42950
43005
42951
43006
7410
43000
43001
43002
42956
42957
26128
36033
42958
42959
42952
43007
43008
42953
23414
43009
42954
42955
42949
29874
30978
10467
15322
42945
42946
42947
41852
42948
42944
29044
30284
35619
12183
39643
35041
43108
