63580
6110
66298
13242
66732
27920
22115
58394
474
40739
7954
59809
42992
42993
42994
42995
5034
19597
42990
18420
42991
28866
42996
78152
42997
42998
42999
33127
1862
28500
33762
26443
28101
801
16522
5702
42981
42982
42983
42984
72751
42980
24355
42989
75343
42985
42986
42987
42988
25161
59308
53686
33639
42970
43025
42971
43026
42972
43027
42973
43021
43022
43023
43024
63015
42978
42979
42974
42975
42976
42977
78730
59557
54549
43020
43014
42960
43015
42961
43016
42962
43017
43010
43011
43012
43013
73620
42967
42968
42969
14092
42963
43018
42964
43019
42965
42966
76503
19669
43003
43004
42950
43005
42951
43006
7410
43000
43001
43002
42956
42957
36033
42958
27611
42959
42952
43007
42953
43008
56060
24504
42954
43009
42955
34379
42949
58003
30978
10467
18670
38684
73249
41211
42945
42946
42947
41852
42948
42667
42944
29044
30284
34486
76525
1718
12058
35619
37513
78949
78948
50779
42130
36770
37980
4321
39643
68904
40479
59475
341
26582
34237
55436
2256
48592
