43212
43213
43214
21421
43215
42240
41036
43210
49798
43211
49797
43216
43217
43218
43219
475
49796
49795
49794
49793
49792
49791
49790
49789
49788
49787
49786
43209
35264
41942
43206
43207
43208
49785
16524
49784
49783
49782
49781
49780
35946
49779
49778
49777
49776
49775
23820
13906
49774
49773
49772
34607
49771
49770
20566
5053
49769
49768
49767
49766
49765
49764
25578
36219
31562
49763
6138
49762
49761
49760
48670
14569
7120
49759
49758
49757
49756
49755
19421
49754
49753
26637
31552
27163
49752
49751
49750
34706
11149
49749
49748
49747
49746
15993
16840
49745
49744
49743
49742
28702
25797
31429
49741
49740
36435
19439
49738
49737
49736
49735
49734
49733
49732
49731
22810
49739
10832
49730
14995
49727
44159
49726
49725
49724
49723
11491
49722
49721
49720
33261
49729
49728
48072
49716
49715
49714
49713
49712
49711
49710
49719
22116
49718
49717
12554
30424
49705
24549
43285
43286
43287
49709
49708
49707
49706
33246
29675
43281
43282
1509
43283
43284
7727
33129
43280
43278
43279
43274
43275
38245
43276
43277
31971
8703
43270
43271
43272
43273
43267
24769
43268
43269
43263
43264
43265
43266
21933
46659
31289
14969
32253
43260
43261
43262
35409
9805
43256
43257
43258
43259
43252
43253
43254
43255
22797
31155
43250
8724
43251
43245
43246
43247
43248
43241
30849
43121
43242
43243
43244
43249
18180
26803
10469
43240
8079
21688
41297
43234
43235
43236
43237
43230
43231
43232
43233
43238
26459
35051
43239
23185
13268
43223
43224
43225
43226
18165
43220
43221
43222
43227
43228
43229
28882
30033
7428
