44665
21424
44664
44667
44666
44661
44660
44663
3882
44662
44669
44668
33898
44654
44653
44411
44656
21675
44655
44650
44652
44651
9070
44658
44657
44659
44643
42586
44642
44645
44644
44641
44640
44647
44646
44649
44648
4507
4508
4509
4500
4501
4502
4503
4504
35936
4505
4506
4520
44639
4518
4519
3545
4510
4511
4512
4513
4514
4515
4516
4517
44742
44741
20773
44744
44743
4530
44740
4410
4531
2474
4408
4529
4409
4400
4521
4401
4522
4402
4523
4403
4524
4404
4525
4405
4526
4406
4527
4407
4528
41220
44731
44730
44733
44732
4420
4300
4421
44739
44738
44735
44734
1390
44737
44736
4419
4411
4412
4413
4414
4415
4416
4417
34934
4418
44720
18675
44722
44721
4430
4310
4431
4311
4432
44728
44727
44729
44724
44723
44726
44725
4309
1037
4301
4422
4302
4423
4303
4424
4304
4425
4305
4426
29680
4306
4427
4307
4428
4308
4429
44711
44710
4440
4320
4441
4321
4442
4322
4443
2144
44717
2264
44716
44719
44718
44713
44712
44715
44714
30552
44709
4312
4433
4313
4434
4314
4435
4315
4436
4316
4437
4317
4438
4318
4439
4319
4450
4330
4451
4331
4452
4332
4453
4333
4454
4323
4444
4324
4445
4325
4446
36522
4326
4447
4327
4448
4328
4449
4329
4460
4340
4461
4220
4341
4462
4221
4342
4463
4222
4343
4464
4223
4344
4465
4334
4455
4335
4456
4336
4457
4337
4458
4338
4459
4218
4339
4219
4470
4350
4471
4230
4351
4472
4231
4352
4473
4232
4353
4474
4233
4354
4475
4234
4355
4476
4224
4345
4466
4225
4346
4467
4226
4347
4468
4227
4348
4469
4228
4349
4229
4480
4360
4481
4240
4361
4482
4241
4362
4483
4242
4363
4484
4243
4364
4485
4244
4365
4486
4245
4366
4487
4235
4356
4477
4236
4357
4478
4237
4358
4479
4238
4359
4239
4370
4491
4250
4371
4492
4251
4372
4493
4252
4373
4494
4253
4374
4495
4254
4375
4496
4255
4376
4497
4256
4377
4498
4490
4246
4367
4488
4247
4368
4489
4248
4369
4249
4260
4381
44698
4261
4382
44697
4262
4383
4263
4384
44699
4264
4385
44694
4265
4386
44693
4266
4387
44696
4267
4388
44695
3296
3174
4380
689
4257
4378
4499
44690
4258
4379
4259
44692
44691
4271
4392
42024
44687
4272
4393
44686
4273
4394
44689
4274
4395
44688
4275
4396
44683
4276
4397
43110
44682
4277
4398
44685
4278
4399
44684
4390
4270
4391
30289
4268
4389
4269
44681
44680
4282
44676
4283
44675
4284
44678
4285
44677
4286
44672
4287
44671
4288
44674
4289
44673
44679
4280
4281
30036
4279
44670
4293
4294
4295
4296
4297
4298
4299
4290
4291
4292
26790
18935
11
6116
373
5040
38866
27612
15997
21192
24553
37517
44700
44706
44705
44708
44707
44702
44701
44704
44703
1741
18425
21922
42746
1871
41646
27351
38462
39556
16531
2781
