43212
43213
43214
21421
43215
43210
72333
43211
73420
43216
43217
22116
43218
43219
475
68232
2703
51922
24549
75859
75858
75857
43285
75856
43286
75855
43287
75854
75853
43209
35264
41942
43206
43207
43208
33246
29675
43281
16524
43282
1509
43283
43284
53832
33129
43280
43278
43279
66993
66352
43274
43275
38245
43276
43277
34441
8703
43270
43271
43272
43273
20566
43267
71833
24769
43268
26708
43269
43263
43264
43265
14044
43266
70581
25578
31289
36219
14969
56960
32253
43260
15137
43261
43262
67572
14569
43256
43257
72659
23528
43258
43259
43252
43253
19421
43254
43255
22797
43537
31552
64905
27163
30625
43250
34706
43251
11149
43245
43246
43247
43248
7532
15993
16840
43241
30849
43242
71698
71973
43243
63157
43244
67875
28702
57792
25797
43249
10469
54049
31429
7889
43240
50766
8079
41297
43234
64890
43235
43236
43237
43230
43231
43232
71189
43233
43238
43239
10832
17506
43223
43224
43225
43226
75834
11491
18165
43220
43221
43222
66566
63059
43227
43228
43229
13718
30033
45481
49682
