43454
43455
6111
17323
43456
43457
40740
43450
43451
72457
43452
43453
24138
43458
79010
43459
69163
30548
49275
77915
30822
43443
18422
43444
43445
43446
43440
43441
43442
40732
26964
43447
43448
43449
61735
73393
36119
1864
33247
29676
70713
5704
15317
43399
43432
43433
43434
42500
43435
43395
67326
43396
43397
43430
43398
43431
74896
24357
43436
43437
37390
43438
23943
43439
1510
10110
43391
43392
43393
43394
35813
43390
43388
43421
43389
43422
55909
43423
43424
43384
17032
43385
72402
43386
43387
43420
43429
43425
43426
43427
43428
59715
43381
43382
43383
15659
14205
67690
43410
67861
24978
43411
43412
6792
43413
49119
14098
39555
42846
43418
43419
74156
43414
43415
43416
74790
43417
46528
78761
4926
54279
34707
43400
43401
43402
11150
22561
26126
43407
43408
43409
43403
43404
43405
3292
29517
43406
26084
35621
77026
4656
31826
42021
41298
46586
23621
42669
31530
79117
79116
49574
72308
40196
43461
44552
27712
36131
65999
43107
76479
43460
3987
