36082
43971
43972
43973
43974
6114
43970
43979
24774
43975
9066
24139
43976
43977
27923
43978
25580
60078
52854
13244
18933
63183
43960
43961
43962
68124
20101
43963
18263
41268
68889
41943
43968
43969
29678
43964
43965
43966
43967
59536
63906
22120
29278
43950
23946
43951
43952
43957
43958
43959
24359
43953
43954
43955
43956
55221
69063
38128
54899
10111
42333
43940
43941
20441
41488
47501
21770
66884
43946
29416
43947
43948
26303
43949
43942
26789
43943
43944
20567
43945
32256
55474
43939
57264
40824
59966
50231
28533
28013
4125
31956
54799
32768
71976
71977
71974
47568
71975
71972
71973
3057
22563
28704
31148
16843
12881
4659
21190
9564
43993
71987
43994
71988
43995
71985
44601
43996
71986
71983
43990
71984
22938
42143
43991
71981
18794
43992
64257
71982
71980
20878
25800
43997
10835
34488
71978
71979
43982
43983
43984
43985
19773
43980
70389
43981
34990
31481
43986
35040
43987
26627
43988
43989
34117
53018
71989
