17200
44027
44026
69049
44029
69048
20332
44028
69047
39597
44023
44022
44025
64555
44024
27924
25581
33896
2665
27485
3993
47133
69042
69041
44021
69040
13245
44020
47495
51402
69046
69045
58319
34868
69044
69043
44016
44015
44018
69059
44017
69058
44012
44011
44014
44013
29679
41028
44019
28868
5708
26682
69053
16249
30416
69052
44010
69051
69050
804
69057
69056
69055
69054
44005
44004
44007
44006
44001
44000
44363
44003
44002
44009
59382
44008
21920
35933
32025
69060
5038
10472
5832
14714
12533
65141
17398
67177
44077
41489
20568
14209
2576
44074
43381
44073
44076
44075
44070
44072
44071
68020
44067
44066
44069
44068
24851
60309
11823
31431
44063
44062
44065
44064
17888
44061
44060
44059
4660
44056
44055
44058
9435
44057
68600
24223
25674
22202
21515
61811
35502
44052
44051
13574
44054
12882
37645
44053
44050
22415
44049
50529
44048
44045
15321
44044
44047
22939
44046
29569
34240
53480
43998
43999
61539
10836
44041
44040
44043
44042
19009
19896
41165
44038
69039
44037
69038
69037
44039
44034
44033
44036
44035
36132
49607
27396
36259
7701
44030
5128
44032
44031
32613
