45239
73547
52729
14573
49679
41712
20979
35153
61719
25582
15665
20103
22801
13891
73314
74881
480
43207
33248
5709
24140
48299
6479
52349
805
1869
61584
70179
130
28797
10473
35934
38350
44235
67057
44199
44232
44198
44231
3793
44234
44233
40159
74386
30232
24360
44195
44194
43382
44197
44230
44196
44191
44190
44193
44192
9784
42200
44225
47218
44224
7882
44227
44226
44188
44221
44187
44220
44223
44189
44222
65841
42848
46807
66416
44229
44228
23524
11825
31957
44184
44183
44186
44185
44180
44182
44181
44214
74969
44213
74968
4141
44216
74967
44215
74966
44177
44210
74965
4661
44176
74964
42671
44179
44212
44178
44211
64367
28705
44218
44217
3293
23811
44219
35503
54045
35623
52140
26881
28027
30690
50002
44173
44172
39306
44175
44174
44171
44170
44203
44169
44202
74979
44205
71105
74978
44204
74977
44166
74976
44165
74975
44168
44201
74974
42144
44167
44200
74973
42945
74972
74971
74970
44207
44206
44209
44208
30288
44162
44161
44164
44163
44160
69781
44159
26628
44158
67651
44155
74349
44154
44157
66565
18167
44156
74981
74980
22940
3466
44153
44152
