52609
20334
21422
52607
52608
35154
11188
52612
52613
52610
52611
52616
52617
52614
18934
52615
20104
52618
52619
26445
23171
33640
52620
24385
52623
52624
52621
52622
52627
52628
52625
52626
44401
44400
44403
52629
23947
44402
44409
44408
44405
44404
44407
44406
40839
29242
52630
52631
52634
52635
52632
52633
52638
35935
52636
52637
42335
26305
33505
9785
20771
12909
40825
5061
11826
2905
23812
9436
4662
36673
3331
43645
34136
30692
16844
7128
11154
22814
44166
40005
42425
44397
44396
44399
44398
2261
30551
29696
44393
44392
44395
44152
44394
44391
44390
44389
38265
44386
44385
38146
44388
44387
44382
44381
44384
44383
44380
44379
44378
44375
36990
41300
44374
38014
44377
44376
19193
37606
30417
44371
44370
44373
10144
44372
44368
44367
44369
44364
39332
44363
44366
44365
41657
44360
43030
44362
52599
44361
4349
31975
23438
44357
44356
44359
44358
44353
44352
44355
44354
38478
44351
44350
30997
47183
44346
44345
44348
44347
40300
44342
44341
44344
6796
44343
44349
24170
52495
30862
44340
16555
17889
44335
44334
44337
44336
44331
44330
44333
44332
44339
44338
12883
17657
44324
44323
44326
44325
48009
44328
44327
44329
15323
23638
40078
49203
25370
28885
23197
52601
52602
52600
30710
52605
52606
52603
52604
