44423
21423
44422
44425
9068
44424
7446
44421
44420
44427
44426
43218
44429
44428
32562
33419
44412
44411
44414
44413
44410
44419
44416
44415
44418
20105
44417
34734
24141
27773
33641
35266
44096
806
43311
36221
34040
57402
57403
57400
57401
5039
23832
29376
24361
3664
1922
39033
29900
54396
2906
24584
51697
49068
13575
12248
34933
49852
10838
14630
2262
34118
50389
7703
10169
38025
24775
40103
57348
57349
36886
14975
43290
37286
57350
57351
57352
57353
57358
33249
57359
35423
57354
51375
57355
57356
57357
44492
44491
44493
44490
39450
44489
44488
44485
44484
44487
44486
57361
57362
57363
57364
21921
57360
57369
32146
57365
57366
25167
57367
57368
44481
44480
44483
44482
12534
44478
44477
44479
44474
44473
44476
44475
57372
57373
57374
57375
26825
57370
57371
57376
57377
57378
57379
44470
44472
44471
3703
44467
44466
44469
44468
44463
44462
44465
42045
44464
47059
57383
57384
57385
57386
57380
57381
57382
57387
53587
57388
57389
44461
44460
23416
44456
21236
44455
44458
44457
44452
44451
44454
39422
44453
57394
57395
57396
57397
3295
57390
44459
57391
57392
57393
35504
35624
29875
57398
57399
56982
12884
44450
25390
44445
44444
44447
44446
44441
44440
16530
44443
44442
44449
44448
31010
15324
18168
20368
44434
44433
44436
44435
44430
42252
44432
44431
8083
35043
44438
44437
44439
