45237
61280
45236
45239
27927
45238
43054
45233
45199
45232
37695
45235
21021
45234
22991
16590
42524
50794
45196
14578
18936
45195
45198
45231
49398
45197
45230
35958
45194
11226
45193
61281
45226
21676
45225
38131
45228
45227
40333
41301
45222
45221
44256
45224
45223
28745
41947
45229
33645
45220
45215
45214
37394
45217
5044
8430
45216
45211
45210
45213
20394
21483
45212
42747
23665
45219
45218
534
29521
50338
45204
14284
45203
43940
45206
45205
45200
42693
45202
42056
45201
19173
45208
45207
45209
57773
60300
3666
59717
19219
43412
31829
9789
41116
31150
56171
20776
31434
61249
61248
32123
61247
61246
61245
45820
27613
48818
29352
61259
61258
61257
61256
10187
45262
61255
45261
61254
45264
61253
21193
45263
61252
11830
61251
16847
61250
52705
15999
45260
37924
25804
45259
45258
45255
45254
45257
45256
41578
23623
54292
55386
1158
35730
61269
28871
61268
29047
61267
45251
61266
45250
61265
16897
45253
61264
45252
61263
61262
61261
61260
45248
44554
45247
45249
45244
45243
45246
45245
40507
52840
61279
61278
17637
45240
61277
12188
61276
45242
61275
45241
53810
61274
61273
7704
61272
61271
37627
61270
