45237
45236
45239
27927
45238
45233
45199
45232
37695
45235
45234
31511
45196
14578
18936
45195
45198
45231
13762
45197
45230
54117
45194
45193
4183
25518
45226
21676
43840
45225
38131
45228
45227
65133
41301
45222
64201
73832
45221
71137
45224
45223
23333
41947
45229
33645
45220
45215
45214
37394
45217
5044
8430
45216
45211
45210
9643
45213
45212
46267
42747
77092
45219
45218
76441
29521
45204
45203
64581
43940
45206
45205
45200
45202
45201
19173
78291
72881
78293
78292
45208
45207
45209
3666
74956
31829
9789
61400
41116
31150
20776
67509
23082
31434
32123
32805
10692
46514
18588
62101
37487
27613
29352
45262
45261
45264
21193
45263
11830
16847
71849
15999
45260
25804
45259
45258
45255
45254
71621
45257
45256
41578
23623
54178
1158
77851
28871
29047
45251
7931
45250
45253
45252
51624
70925
45248
44554
45247
45249
45244
45243
45246
45245
75798
69959
23754
76595
17637
45240
61035
12188
45242
45241
7704
