27928
41030
33250
2266
16000
45346
74803
44414
38132
45343
45342
45345
43563
45344
35141
73396
79120
78671
33402
23174
6119
45341
45340
45336
45335
45338
45337
45299
45332
45298
45331
45334
45333
27748
45339
12538
57244
45295
45294
10475
45297
45330
45296
51303
5713
45291
45290
45293
10115
45292
44236
45325
42850
45324
45327
7595
45326
22903
45288
45321
18880
45287
45320
68701
45323
43783
45289
45322
45329
45328
70062
2577
45284
45283
78977
33507
45286
45285
45280
45282
45281
45314
45313
18610
45316
45315
45277
45310
38464
45276
45279
45312
45278
45311
34021
63788
70077
45318
45317
21865
45319
27165
25541
45273
45272
45275
45274
74708
45271
65163
33218
45270
18102
43641
45303
23813
45269
45302
45305
39264
45304
45266
45265
45268
45301
45267
45300
57672
45307
22566
45306
27614
45309
79166
9790
45308
29353
30177
79167
58400
24980
38698
4931
34937
69133
11831
16252
47714
16532
14472
37518
79115
78820
28872
14875
36666
15569
18169
72329
75033
77163
28407
78419
