46048
46049
46046
46047
25586
59481
59480
59482
55447
1211
26794
46044
46045
46042
46043
34506
33764
488
5046
22618
44641
34043
811
46143
5716
31685
12944
3303
3669
41118
46121
46122
46120
31315
42673
45028
46118
46119
9793
46116
23815
46117
46114
46115
46112
46113
21196
39821
46110
46111
8475
46107
46108
46105
46106
46103
46104
48765
46101
46102
34121
1160
46109
46100
32868
17113
59195
7709
189
53535
17681
43854
40228
51248
20980
40211
18429
8156
37395
8711
12891
21243
41410
25169
1876
55864
29080
20607
59432
59431
29539
46091
59438
27352
46092
59437
46090
59439
59434
59433
59436
59435
46099
46097
46098
46095
46096
46093
50626
46094
41871
59441
18172
59440
59443
59442
46080
59449
46081
59448
32125
59445
59444
59447
59446
46088
46089
46086
46087
46084
11543
19943
46085
46082
46083
9832
20384
46079
30291
59452
29878
59451
59454
59453
59450
35625
46070
59459
59456
36038
59455
59458
20817
59457
21471
46077
46078
48135
46075
46076
46073
37801
46074
46071
46072
46068
46069
59463
59462
59465
59464
57045
59461
23624
59460
59467
29720
59466
59469
59468
7778
46066
46067
46064
46065
46062
46063
46060
46061
46059
38795
46057
46058
59474
59473
59476
59475
59470
59472
59471
30037
59478
59477
59479
46055
46056
46053
46054
46296
46051
46052
46050
