46602
46603
46600
46601
43453
26796
46608
41951
46609
46606
78042
46607
46604
46605
43294
39638
15669
38946
38250
76929
14583
44416
61734
60765
15556
14982
16005
14865
41495
74936
57081
13581
18871
39334
23421
31293
28838
58615
33511
36863
78905
70328
10116
44237
46653
46654
46651
46652
2584
39160
3306
76794
46650
46646
46647
46644
17643
46645
5980
46642
46643
46640
46641
18173
46648
46649
78241
10733
31830
78921
51448
46635
24989
46636
42950
46633
46634
46598
46631
46599
46632
20780
46354
46596
46597
46630
41104
46639
46637
46638
30851
30179
29357
76972
46594
58929
46595
2917
46592
46593
52787
46590
46591
46624
46625
46622
20112
44325
46623
46620
46621
46628
55021
24314
46629
46626
46627
62517
24151
28874
76923
46613
46614
46611
72601
22946
46612
44155
70024
46610
74224
26587
46619
46617
46618
46615
46616
74063
59513
35046
18605
78938
11499
13798
