45875
45635
75208
20573
8093
22353
58395
35712
75970
76422
53305
48066
70306
11502
42750
49702
47247
47248
47245
37289
38136
47246
27890
47243
14985
47244
47241
54767
47242
54128
39901
47240
47238
47239
47236
30519
47237
47234
47235
29527
9081
19680
20711
63408
47191
77770
47192
77530
47190
12894
47199
47232
47233
10354
11047
47197
47230
47198
47231
47195
47196
47193
47194
47229
47227
47228
49647
47225
47226
47223
19178
47224
3310
17030
47180
47181
47188
47221
5721
47189
47222
47186
47187
47220
47184
47185
34714
47182
47183
47218
47219
47216
47217
47214
71444
47215
47179
47212
11383
47213
26632
41756
34384
40305
3157
38467
47177
47210
47178
47211
17404
19429
31559
47207
47208
47205
47206
69652
45266
47203
48931
47204
9797
47201
36431
47202
47209
56104
30295
37522
47200
32997
62073
20113
9447
45133
41214
44327
78780
2921
29682
15204
53529
39813
3871
21612
78653
35047
17116
69794
74618
