71007
47379
72853
47377
47378
37290
35159
47375
47376
47373
7713
47374
47371
47372
47370
42233
68368
50838
47368
47369
45862
47366
14220
22807
47367
73553
17293
40213
37969
38137
47364
47365
47362
14587
47363
67390
47360
47361
33404
47359
47357
47358
74018
75503
47355
47356
19681
73042
29528
76442
138
47353
6127
35819
47354
47351
47352
44081
11840
47350
43388
64582
39163
47348
47349
38353
47346
47347
19179
47344
47345
61598
66924
24368
27753
56681
77481
33864
78299
25171
47342
47343
47340
47341
72915
12545
47339
47337
47338
47335
47336
47333
47334
40946
36040
34941
77156
3674
47331
47332
318
47330
17644
17008
73739
28709
47328
47329
67510
47326
25959
47327
8589
47324
47325
47322
19431
47323
72264
42677
78075
49183
55013
25277
47320
47321
30852
72935
72815
47317
47318
47315
47316
68178
47313
25807
47314
63288
71742
47311
47312
47319
47390
78300
47397
47310
47395
4667
47396
36667
47393
47394
12731
47391
47392
47306
47307
47304
47305
15333
47303
47388
47389
47308
22029
47309
47386
5369
47387
47384
61275
47385
47382
47383
47380
47381
