47658
47659
47656
47657
17680
47654
4331
39354
47655
47652
47653
25622
35270
4727
11504
24370
51881
55204
47650
47651
43295
10895
47647
47648
43566
47249
47645
7452
47646
20342
47643
47644
47641
47642
21717
28109
39580
43724
44418
47649
55299
47640
50688
33769
47636
20158
47637
47634
47635
39179
47599
47632
47633
47630
47598
47631
27621
59300
56275
47638
47639
59306
29881
59305
6809
59308
59307
59302
59301
59304
32264
59303
49136
11165
39336
59309
47625
47626
47623
47624
47621
38354
47622
47620
59276
59275
59278
59311
59277
59310
47629
59272
59271
23953
44759
47627
59274
47628
59273
42609
59279
59312
5724
12941
47614
12590
47615
47612
59281
48548
47613
59280
47610
47611
43651
59287
59286
59289
26633
27204
28898
59288
47618
59283
47619
59282
47616
59285
47617
59284
3312
34145
34386
4004
47178
38469
38867
47603
59290
47604
47601
59292
42951
47602
59291
9799
47600
59298
59297
47609
59299
40418
47607
59294
36151
47608
59293
47605
59296
47606
59295
27173
56227
22161
26485
29358
17936
16049
30854
14590
21683
40760
7423
24154
7777
38722
4669
46217
7157
38794
36772
22384
51995
