47812
47813
47810
47811
16871
25589
47818
47819
47816
47817
29705
47814
26318
47815
11505
33770
33658
47801
47802
5396
47800
15673
11196
47809
47807
47808
47805
47806
47803
47804
50682
25354
18942
11876
27622
1911
26309
140
39280
34036
821
54703
54702
54701
54700
27193
34716
54707
54706
29370
54705
54704
54709
54708
29229
34262
54710
28258
53625
54712
54711
10852
23818
46355
27175
10507
34499
841
47799
4670
47797
47798
47795
47796
1165
26974
29684
34248
22370
47793
47794
47791
47792
47790
38153
47788
47789
47786
47666
47787
47784
47785
33146
47782
47783
47780
16027
47781
47779
47777
47778
47775
47776
4332
47773
47774
19182
32286
47771
47772
47770
7718
40571
38372
31980
14988
27491
44001
29882
33916
54659
54658
52599
15008
38470
46655
43941
31168
54662
2613
54661
54660
54666
54665
54664
54663
54669
54668
54667
12546
47854
47855
47852
47853
47850
47851
23643
54673
54672
54671
54670
54677
54676
54675
54674
4006
54679
54678
47845
47846
47843
47844
47841
47842
47840
47849
54680
47847
47848
54684
54683
54682
54681
54688
54687
1541
54686
54685
54689
47834
47835
39650
43115
47832
4032
42148
47833
47830
47831
47838
54691
47839
54690
47836
47837
54695
54694
54693
54692
54699
54698
52279
54697
54696
19926
5371
47823
18961
47824
47821
21454
47822
47940
47820
47829
47827
47828
47825
47826
15334
