47898
47899
47896
43297
47897
47894
47895
8097
22356
78047
78201
57860
54597
47892
47893
47890
47891
47889
47922
47923
47887
47920
47888
47921
47247
47885
44495
47886
47883
47884
47928
47929
47926
360
47927
22127
47924
24943
47925
35942
78711
13257
47881
47882
60484
42591
47880
47878
47911
47879
47912
68378
51939
47876
47877
47910
47874
9800
41498
47875
47872
73048
32819
47873
24993
47919
61740
47917
47918
47915
55340
47916
57083
47913
47914
13587
47870
47871
16852
12777
11843
33514
44083
12897
47867
47900
43785
47868
47901
47865
47866
47863
47864
38355
47861
62684
47862
49522
47908
47909
73332
47906
47907
47904
47905
141
47869
47902
47903
79149
1882
47101
47860
10486
8716
47856
47857
37891
12195
23364
30180
28413
78086
77150
47858
47859
78245
3313
66091
77958
77837
20782
46356
26929
42678
29230
61134
36433
9684
43116
28111
18437
2924
44555
18686
67375
69399
16540
23113
75034
36418
54188
1166
