37293
38140
48228
48229
48226
46962
48227
48224
48225
45915
63622
27802
61206
52058
11507
31592
33256
48189
48222
65080
45195
48223
48187
48220
65082
48188
48221
65081
48219
42235
48217
47800
48218
48215
48216
48213
48214
63753
35822
4334
48211
48212
37326
48210
55459
18943
48208
48968
48209
43038
48206
48207
48204
5442
48205
48202
48203
24995
64856
29529
64618
10916
48200
48201
16611
1519
11167
12899
21930
23955
42457
27515
57415
25173
40947
1246
50463
10121
33905
9801
31964
5725
38587
44585
65049
23003
30182
23247
34025
32888
34944
45666
65055
65054
65057
65056
5111
65059
65058
48257
48258
60601
48255
48256
48253
48254
48251
65051
30698
46591
48252
65050
65053
48250
65052
65066
65065
21202
65068
65067
48248
48249
65069
14990
48246
48247
8191
43878
28112
29686
30561
48244
48245
21040
48242
65060
48243
48240
65062
48241
65061
7817
65064
65063
65077
16263
43466
65076
48239
65079
65078
48237
18440
46456
48238
48235
48236
64546
55791
35966
48192
48193
1963
48190
48191
1168
3740
48233
48234
48198
48231
65071
48199
48232
65070
48196
65073
48197
48230
65072
12621
48194
65075
48195
65074
