46964
35276
19908
24373
35943
11518
14226
33649
28712
6490
36229
16855
11168
34604
39043
41121
44751
46132
16865
5726
22957
48668
48667
48666
3683
48665
16276
48664
22951
26635
155
48663
46364
48662
48661
48660
45270
48659
48658
19435
48657
48656
46357
48655
48654
39268
48653
42679
10866
29233
51453
48652
48651
48650
8112
48649
48648
48647
48646
48645
14991
44165
48644
48643
38960
48642
26975
36309
51584
51583
51586
51585
48641
51588
48640
51587
17903
51589
48638
48637
48636
48635
48634
48633
12220
48632
48631
48639
29695
51591
51590
51593
12901
51592
1169
51595
51594
51597
51596
47661
48630
51599
51598
38714
17118
18449
48627
37294
48626
48625
37296
48624
48623
12550
48622
48621
48620
48629
48628
48861
48616
48615
48614
48613
48612
48611
48610
2286
48619
49708
48618
48617
33007
36872
7722
32712
48605
48604
48603
48602
48601
48600
25600
48609
23424
48608
48607
48606
50852
49920
47182
28414
15347
39438
51601
51600
51603
51602
51605
51604
51607
51606
51609
51608
42031
18188
51610
51612
51611
51614
51613
35627
51616
51615
51618
21203
51617
51619
39652
48125
51621
51620
51623
51622
51625
51624
51627
51626
51629
51628
14244
48599
48598
25813
21216
40749
51630
51632
51631
51634
16544
51633
51636
51635
51638
51637
