65484
39471
65483
65486
41393
65485
20177
65487
43299
2275
31190
59406
33135
59524
12552
65480
65482
35714
65481
21434
48857
48856
38253
45986
48855
48854
48853
48852
48851
25357
42239
25592
3007
48850
4335
12204
46151
51657
48847
48846
18995
48845
48844
48843
6893
48842
33907
48841
48840
25965
22577
48849
48848
32267
894
11848
53965
14311
37831
9519
16615
51825
48836
48835
21499
48834
49406
48833
8721
48832
48831
48830
4762
48839
48838
27516
48837
5728
48825
48824
48823
48822
64110
48821
48820
64995
48829
48828
47858
48827
48826
29101
35513
10856
7117
17646
50637
64590
20786
48814
48813
65298
29359
48819
48818
42953
48817
56181
48816
48815
30738
42151
65462
65464
65463
65466
65465
38961
65468
65467
26455
28878
65469
20119
56071
7819
27025
22131
59985
55307
14597
32746
11248
38727
65473
5372
45368
65472
65475
18688
65474
65477
16267
65476
65479
65478
36252
29052
65471
65470
