46965
48869
48902
48868
48901
48867
48900
64672
48866
48865
48864
48863
48862
19184
43859
48909
64798
48908
48907
48906
48905
47539
48904
62813
48903
56534
51362
48861
48860
45192
77916
48858
42753
17330
47246
24785
76095
48859
28222
7966
14227
6133
43039
43792
73841
44002
79154
29485
43709
58575
78865
77018
44086
17820
77937
16857
8321
44752
47465
43942
1888
5729
35921
78851
27355
38116
76715
6813
31688
46127
37890
67464
17120
26636
22952
36208
10857
56979
48935
48934
48933
48899
48932
48898
48931
38695
48897
48930
48896
48895
48936
73192
78598
48531
48894
39028
48893
48892
48891
48890
29195
68440
21204
48924
37195
48923
21686
48889
48922
48888
48921
48887
48920
48886
48885
69305
16012
48884
2131
48929
48928
47718
48927
48926
26977
48925
30042
48883
48882
48881
48880
48913
9455
48879
48912
48878
48911
48877
48910
48876
48875
48874
48873
48919
74189
48918
48917
48916
35160
48915
48914
54186
79105
48751
48872
48871
16545
48870
18689
