38141
41795
62375
49039
49038
64954
35272
63988
22358
40746
27527
68909
24375
12553
49037
49036
912
14333
49035
49034
49033
11587
49032
49031
45072
49030
20346
68885
68884
45987
68889
49029
68888
46431
49028
68887
49027
68886
66505
41303
27935
50042
49026
49025
49024
49023
49022
49021
49020
68896
68895
9881
68894
68893
49019
49018
68899
49017
68898
49016
68897
26136
40603
25966
496
32024
31297
54894
49015
49014
49013
49012
49011
68892
49010
50579
68891
68890
25859
49009
49008
38871
49007
46530
49006
64862
28447
1521
3026
65394
1889
64077
17121
18177
39270
40307
35514
30460
23484
7118
38626
50876
31437
67598
44453
22200
26523
34492
49061
49060
54201
48894
28260
48405
42269
13264
15441
24158
26457
64417
21206
49051
49050
28114
49059
38962
49058
49057
14993
49056
36700
49055
49054
49053
49052
68860
45640
68900
48598
49049
68904
68903
68902
68901
68908
44558
68907
61317
68906
68905
49040
55831
58545
49048
49047
49046
49045
49044
49043
49042
49041
