10491
20210
67547
48465
52579
5153
27937
45349
63633
20347
2277
58324
13378
15798
7725
18948
4337
1625
38360
67564
25968
19688
41652
63003
28713
61501
27625
67607
49491
49490
499
49499
49498
49497
49496
49495
49494
49493
68890
49492
30908
11175
49489
49522
44879
49480
51271
24240
49488
49521
49487
49520
49486
49485
7507
49484
68265
35408
49483
6816
49482
49481
49518
49517
49516
72139
49515
49514
72137
49513
72138
49479
49512
72135
49478
49511
72136
10609
67108
57265
20656
49519
52136
56455
17648
49477
49510
49476
51840
49475
49474
46480
49473
49472
49471
49470
49507
49506
49505
46359
49504
49503
72148
45144
49469
49502
72149
49468
49501
72146
49500
72147
41228
72144
72145
72142
72143
72140
72141
49509
49508
36716
29236
27177
34254
51211
30857
48099
19438
37404
26458
72153
70132
21209
72151
72152
43119
40404
72150
2007
26692
59623
14994
45890
5374
16268
20121
18442
67017
22667
16547
68462
68065
