12670
42241
65127
50031
50030
50033
50032
50035
50034
50037
50036
50039
50038
30426
72900
70203
72901
46434
66986
44376
22001
32273
20349
70161
49381
50040
11514
50042
12209
50041
59417
42905
50044
50043
50046
50045
50048
50047
1629
50049
33406
61294
35825
47636
68412
40443
19440
39697
57483
6492
23821
50051
50050
50053
50052
50055
50054
50057
50056
50059
50058
3775
72902
72889
8443
72887
72888
41763
67975
72885
31839
72886
66887
49523
71672
21934
33181
50060
50181
30992
50062
10128
50061
50064
146
11857
50063
38919
50066
50065
50068
50067
50069
34834
72898
72899
72896
72897
72894
72895
72892
72893
72890
72891
50071
50070
50073
50072
50075
55122
36608
50074
50077
50076
1893
50079
50078
39436
8844
13690
42432
70403
63671
36670
47720
50080
50082
50081
50084
50083
26362
50086
50085
29237
50088
50087
30297
50089
40090
10861
15681
17225
14232
40363
72391
21689
50015
13269
50014
50017
50016
50019
50018
18445
7430
71357
8247
56242
25810
50020
50022
50021
501
27672
50024
50023
50026
14369
50025
16666
50028
50027
50029
