4970
4971
33890
4969
2783
4961
4962
4963
4964
4965
4966
4967
4968
4980
4981
4982
32432
4972
3884
4973
4974
4975
4976
4977
4978
4979
39296
39295
39298
39297
4990
4991
39299
4992
4993
39290
39292
39291
20315
39294
39293
33632
4983
4984
4985
4986
4987
4988
4989
39285
39284
39287
39286
39289
39288
39281
39280
39283
39282
3547
4994
4995
4996
4997
4998
4999
39274
39273
39276
39275
39278
39277
39279
39270
39272
39271
31677
39263
39262
39265
39264
39267
39266
39269
39268
1392
39261
2476
4532
31547
19887
1039
32987
11808
24537
34589
2146
11478
4219
5200
5201
5202
24756
14951
5210
5211
5212
5213
5203
5204
5205
5206
5207
5208
5209
5220
5221
5100
5222
5101
5223
5102
5224
5103
25945
5214
5215
5216
5217
5218
5219
10456
5230
5231
5110
5232
5111
5233
5112
5234
5113
5235
5114
3176
5225
5104
5226
5105
5347
5227
5106
5228
5107
5229
5108
5109
5240
5120
5241
5000
5121
5242
5001
5122
5243
5002
5123
5003
5124
5004
5125
691
30167
5236
5115
5237
5116
5238
5117
5239
5118
5119
5130
5010
5131
5011
5132
5012
5133
5013
5134
5014
5135
5015
5136
5005
5126
5006
5127
5007
5128
5008
5129
5009
5140
5020
5141
5021
5142
5022
5143
5023
5144
5024
5145
5025
5146
5147
5026
5016
5137
5017
5138
6468
5018
5139
5019
5151
5030
5152
5031
13
5153
5032
5154
5033
5155
5034
5156
5035
5157
5036
5158
5037
5150
5148
5027
5149
5028
5029
5162
5041
5163
5042
5164
5043
5165
5044
5166
5045
5167
5046
5168
5047
5169
5048
35253
5160
5161
5040
375
5159
5038
5039
38768
5173
5052
5174
5053
5175
5054
5176
5055
5177
5056
5178
5057
5179
5058
5059
5170
5171
5050
5172
5051
23153
25574
5049
18925
5184
5063
9421
5185
5064
5186
5065
5187
5066
5188
5067
5189
5068
5069
5180
5181
5060
5182
5061
5183
5062
13568
5195
5074
5196
5075
5197
5076
5198
5077
5199
5078
5079
5190
5191
5070
5192
5071
5193
5072
5194
5073
5085
5086
5087
5088
5089
5080
5081
5082
5083
5084
36424
5096
5097
5098
5099
5090
5091
5092
5093
5094
5095
37509
28690
1501
1743
39320
39322
39321
39324
39323
27479
39326
39325
18408
39328
39327
39329
39311
39310
39313
39312
29867
39315
39314
39317
39316
39319
39318
39300
39302
39301
8061
4936
4937
4938
26120
30972
4939
39304
39303
38578
31945
39306
39305
39308
39307
4935
39309
4947
4948
4949
2885
4940
4941
4942
4943
4944
4945
4946
4960
4958
4959
4950
4951
4952
4953
4954
4955
4956
4957
