73548
48986
74116
42243
71362
40748
11987
10132
11861
30704
21556
7731
45508
2284
45989
33005
25077
58289
4456
48573
72739
6495
37032
75109
75108
44088
75107
14032
75106
75105
75104
75103
75102
61622
75101
75100
28959
31972
50853
44240
50852
50855
50854
50857
50856
50859
50858
9254
15492
8446
9810
49008
7234
75116
75115
75114
41765
75113
75112
23434
75111
75110
26704
13912
32134
50860
49125
50862
50861
16864
50864
47220
50863
50866
50865
50868
50901
50867
50900
50903
50869
50902
50905
72535
50904
50907
50906
50909
14770
50908
36044
831
50871
50870
61124
50873
50872
50875
50874
50877
50910
50876
50879
50912
35516
50878
50911
50914
26804
42553
50913
49623
74964
34132
45428
75099
75098
75097
34257
50880
50882
50881
50884
50883
50886
50885
4019
50888
50887
32513
50889
70657
21321
66437
27941
22137
50891
50890
50893
50892
50895
50894
50897
14235
50379
50896
50899
50898
1317
17900
47821
4682
7432
71594
72287
64424
56921
50420
24166
45240
36378
2936
