43572
53381
53382
53380
53385
53386
53383
53384
53387
0
27189
13918
18452
12915
3690
22961
600
601
602
603
604
605
606
607
608
609
610
611
612
613
614
615
616
617
618
619
620
500
621
501
622
502
623
503
624
504
625
505
626
506
627
507
628
508
629
509
45353
52450
630
631
510
632
511
512
633
32285
513
634
514
635
515
636
516
637
517
638
518
639
519
640
520
641
400
521
642
53312
401
522
643
53313
402
523
644
53310
403
524
645
53311
404
525
646
53316
405
526
647
53317
406
527
648
53314
407
528
649
53315
408
529
409
53318
53319
44007
18190
650
53320
530
651
410
531
652
411
532
653
53323
412
533
654
53324
413
534
655
53321
414
535
656
53322
415
536
657
53327
416
537
658
53328
417
538
659
53325
418
539
53326
419
53329
25973
660
53330
540
661
53331
420
541
662
421
542
663
422
543
664
53334
423
544
665
53335
424
545
666
53332
425
546
667
53333
426
547
668
53338
427
548
669
53339
428
549
53336
429
53337
21221
670
550
671
53341
430
551
672
53342
431
552
673
432
553
674
53340
433
554
675
53345
434
555
676
53346
435
556
677
53343
436
557
678
53344
437
558
679
53349
438
559
439
53347
53348
40097
560
440
561
53352
441
562
53353
442
563
53350
443
564
53351
444
565
53356
445
566
53357
446
567
53354
447
568
53355
448
569
449
53358
53359
20357
53360
570
450
571
451
572
53363
452
573
53364
453
574
53361
454
575
53362
455
576
53367
456
577
53368
457
578
53365
458
579
52277
53366
459
53369
53370
580
53371
460
581
461
582
462
583
53374
463
584
53375
464
585
53372
465
586
53373
466
587
53378
467
588
53379
468
589
53376
469
53377
5388
29702
590
470
591
471
592
472
593
473
594
474
595
475
596
476
597
477
598
478
599
479
480
481
482
483
363
484
364
485
365
486
366
487
367
488
368
489
369
50446
18702
490
370
491
371
492
372
493
373
494
374
495
375
496
376
497
377
498
378
499
379
47112
49652
48679
380
381
382
383
384
385
386
387
388
389
390
391
392
393
394
395
396
397
398
399
36675
48409
38149
44933
17663
39442
25179
30999
47184
42962
24172
16557
15694
26468
30714
