41395
21026
37295
48623
7168
19187
12274
61967
60235
51124
876
51123
51126
51125
51128
51127
12557
37614
51129
33933
60192
43322
39064
15396
61970
61971
61972
25996
61973
61974
61975
61976
61977
61978
61968
61969
51131
24381
34610
51130
35302
51133
51132
27012
27496
51135
51134
51137
51136
51139
51138
58727
49383
42345
38364
61980
61981
61982
61983
61984
61985
61986
61987
61988
61989
36869
51140
61979
31695
32303
51142
51141
51144
51143
51146
35530
51145
7734
51148
51147
51149
58979
34967
9499
18489
46895
8447
61990
5058
61991
61992
61993
61994
61995
61996
40836
61997
61998
61999
51151
31563
51150
51153
40309
51152
51155
51154
60301
31441
51157
51156
51159
47068
51158
34837
30995
41598
36046
43810
51160
51162
51161
51164
55089
51163
51166
51165
51168
51167
51169
6823
18216
54838
42433
45822
48536
18184
29238
51171
51170
51173
51172
51175
51174
51177
51176
51179
51178
38611
30858
40093
56626
37630
48005
23188
35172
13947
25361
12217
5097
21214
62000
62001
62002
62003
62004
41969
50380
34512
58267
50783
12905
505
33429
