38261
43213
26315
42765
23964
43219
2306
33530
35277
10495
45351
42598
42518
40855
27498
27774
7447
36996
57637
57638
57639
39053
48604
28718
41130
22979
6498
38365
41655
40967
57644
54772
57645
29363
57646
57647
57640
57641
57642
57643
49134
51700
49650
51702
57648
51701
57649
34725
51704
12930
51703
47108
51706
24802
51705
51708
17676
26828
51707
9811
51709
5059
42858
57650
41406
57655
53055
57656
32135
57657
57658
57651
57652
57653
57654
51711
51710
51713
57659
31842
51712
51715
51714
51717
51716
13280
51719
51718
16554
57660
57661
26998
57666
57667
156
57668
57669
57662
57663
57664
57665
51720
20370
51722
51721
51724
51723
51726
51725
20148
51728
51727
17411
51729
8468
17130
38972
26642
57670
57671
57672
47607
25391
51692
51694
57673
51693
51696
34133
51695
51731
51698
51697
51730
51733
19718
31309
51732
51699
51735
51734
37527
49581
51737
51736
51739
51738
48129
8114
51740
56113
51741
49211
15686
38602
51589
45644
21217
4716
35724
2939
11893
12585
48199
5406
36537
