46843
11184
15387
38145
47776
3364
40506
60629
32280
52172
52051
60628
196
60627
56491
60626
60636
10139
28573
60635
60634
60633
51364
60632
60631
57862
60630
51886
12558
33778
42356
40331
40578
28743
19190
23457
60639
60638
60637
60647
60646
60645
60644
60643
60642
60641
60640
39749
56395
41775
25602
60649
41416
60648
50691
60654
60653
60652
2288
60651
50972
60650
39339
19729
43394
57409
48676
16584
40957
8162
23437
52000
52003
10528
52004
31320
52001
52002
52007
52008
52005
52006
37701
52009
18212
58192
58230
5060
52010
52011
3717
52014
56331
52015
2982
52012
52013
52018
52019
835
52016
52017
39439
26807
47721
41505
29913
52021
52022
52020
52025
52026
51454
52023
52024
52029
8737
47321
30859
52027
52028
36315
49582
20992
57160
52032
52033
52030
52031
17905
52036
52037
52034
52035
52038
52039
51989
14998
51988
42255
6500
37069
60619
8482
52040
60625
60624
52041
60623
60622
51992
60621
26462
51993
60620
37909
51990
33265
51991
51996
18727
51997
51994
12223
51995
55679
47262
51998
51999
