65365
11184
38145
47776
66337
58397
32280
49959
10139
51364
12558
49274
33778
68350
43201
46953
40578
19190
28220
77860
54769
16766
14866
15558
39749
25602
75060
2288
50972
39339
43394
11048
46776
69878
48676
40957
23437
52000
32411
52003
52004
52001
52002
52007
52008
52005
52006
37701
52009
75006
71287
5060
20932
75240
52010
52011
52014
52015
52012
52013
52018
52019
835
52016
52017
39439
16164
74209
26807
73756
47721
72941
65577
78592
41505
52021
52022
52020
77388
52025
52026
51454
52023
52024
45262
52029
52788
8737
30859
52027
52028
36315
18349
49582
20992
75780
52032
52033
52030
79115
52031
17905
52036
52037
52034
52035
52038
52039
77616
51989
14998
51988
6500
62365
37069
26589
75277
52040
52041
51992
59874
26462
51993
37909
51990
33265
51991
51996
51997
51994
12223
51995
51998
51999
