5382
68873
38263
73668
48862
52050
52051
40625
52054
52055
30301
52052
52053
52058
52059
76301
52056
1331
52057
6501
66570
37615
42599
38012
75613
52061
76490
52062
76491
76492
52060
76493
52065
76494
52066
76495
52063
76496
52064
76497
52069
52102
52103
52067
52100
30494
52068
52101
4852
52104
49386
52105
45056
35770
52072
52073
52070
52071
29365
52076
52077
52074
35413
40958
52075
52078
52079
76325
47110
67059
46897
46533
47861
67737
52080
58065
31161
41005
52083
52084
52081
60539
52082
13914
52087
52088
52085
52086
75981
52089
46133
64197
66891
70514
65842
7126
66137
52090
52091
52094
52095
52092
6150
52093
30860
52098
52099
52096
1533
52097
24573
27684
29061
47601
17654
43363
4025
10867
34134
36278
46594
6959
21444
22012
6293
52670
30047
56877
53362
24672
25365
31375
5912
23636
44799
40751
24168
58661
20128
52043
23192
52044
50262
52042
52047
52048
52045
52046
52049
38834
37868
