42245
5384
63225
52692
52690
52691
27762
31230
35830
5535
52215
35716
73712
63475
22363
28349
42759
3491
10305
76892
76893
53670
76894
76895
76896
76775
52106
1904
20795
15003
66238
74653
40840
75101
10872
52639
2605
75914
63372
73178
70184
19450
34394
52641
52642
51553
52640
37147
52645
52646
52643
52644
52649
41083
52647
52648
13283
39275
65287
41631
5741
18050
66778
8450
25261
27685
52652
32365
52653
52650
52651
52656
52657
52654
52655
11664
12910
45150
52658
52659
42035
15350
48538
50915
18189
48653
34494
60319
55135
52660
52663
52664
52661
52662
3685
52667
52668
52665
52666
36436
48010
52669
1669
36541
65625
75023
52670
52671
52674
52675
23065
25002
52672
52673
52678
52679
52676
52677
11521
45401
15690
8122
25816
28886
52681
52682
61826
52680
52685
52686
33143
52683
52684
52689
4159
52687
51875
52688
