68632
69963
4691
5385
13363
69967
49711
69966
37299
69965
69964
69969
69968
59123
21944
44426
31473
32847
44654
69974
69973
69972
69971
69978
69977
69976
11592
69975
26686
69979
6918
12564
51897
18700
69970
69982
43397
48566
10591
66913
27501
42348
50290
3417
58697
8824
54934
44241
49651
69981
69980
37021
66127
64863
34395
52800
16346
52803
52804
14722
52801
37704
52802
52807
52808
52805
52806
52809
67104
13285
46366
33053
5062
50470
52810
52811
29064
52814
52815
49471
52812
52813
52818
52819
52816
52817
8741
22960
28549
39829
40409
33445
54681
5742
17659
52821
52822
6833
52820
17413
52825
52826
48492
52823
52824
45534
52829
20356
52827
4791
52828
22815
49612
20196
36142
62118
52792
52795
1278
52796
52793
52794
52799
52797
52798
16934
21698
45646
26467
33780
25371
32332
60982
6579
52448
9207
32617
