42486
43572
45353
5388
21827
29702
23324
53381
53382
53380
52450
53385
53386
53383
53384
510
77236
32285
53387
38149
31914
69613
44933
55333
53312
44808
53313
77500
53310
53311
77623
53316
53317
50446
53314
53315
18702
53318
53319
17663
44007
18190
53320
58216
75183
53323
77774
53324
77775
53321
77776
27189
53322
77777
60255
53327
77778
47112
49652
53328
77779
53325
53326
53329
15525
48316
48679
70227
39442
45961
25179
25973
26261
53330
36738
53331
13918
53334
53335
53332
53333
51159
53338
30999
53339
53336
53337
47184
67587
74715
42962
21221
18452
44904
41634
8290
53341
53342
24172
53340
53345
53346
12915
53343
53344
53349
16557
53347
53348
40097
43367
3690
42313
22961
77780
53352
77781
53353
53350
53351
53356
53357
53354
53355
77547
36675
53358
53359
20357
65980
53360
54173
48409
36946
53363
53364
53361
53362
53367
53368
53365
52277
53366
37873
53369
68586
48996
15694
67936
26468
53370
62767
53371
63979
53374
53375
53372
23073
53373
53378
53379
53376
53377
30714
10683
