48747
79091
29703
23200
63229
78440
53389
53422
53423
53420
53388
53421
53426
53427
3874
53424
53425
2948
53428
53429
7298
51809
25919
53392
53393
53390
53391
53396
53397
53430
53394
53395
53433
53434
53398
53431
53399
53432
38016
53437
53438
16765
53435
53436
11874
53439
12446
18703
40960
27502
26811
77098
53440
53441
29369
34840
53444
53445
53442
29641
53443
53448
51942
53449
53446
53447
10875
19604
28270
33878
50737
39047
46651
19453
40312
53176
53451
58349
53452
53450
78699
53453
78614
7748
65270
21222
46367
24577
70230
48948
78880
1536
54550
12916
13288
4922
13601
47723
57154
74683
162
41506
28663
47046
46351
18867
27948
48522
45894
40645
51184
53400
53401
53404
78945
78703
53405
53402
53403
53408
31930
53409
53406
53407
43864
46213
22143
75430
26988
78134
32576
53411
78930
53412
77445
59873
53410
53415
53416
53413
13795
53414
53419
53417
12227
53418
