29703
23200
78284
75681
79011
79099
53389
53422
53423
53420
53388
53421
53426
53427
53424
53425
2948
53428
53429
51805
51809
75732
22760
53392
53393
53390
74361
58042
53391
53396
53397
53430
53394
53395
53433
53434
53398
53431
53399
53432
38016
53437
53438
53435
53436
78957
11874
69210
78838
53439
18703
62150
40960
65026
27502
66757
26811
53440
22290
53441
29369
34840
53444
53445
53442
53443
53448
51942
53449
53446
42580
53447
10875
28270
50737
8320
39047
19453
65799
40312
42739
7592
53176
53451
79146
53452
79148
53450
79147
78973
53453
55510
38115
7748
21222
46367
73743
24577
43937
48948
1536
12916
27321
13288
78808
13601
47723
162
41506
73591
66819
76696
77544
27948
45894
62993
51184
2129
53400
53401
76005
53404
53405
53402
53403
53408
53409
53406
53407
25539
43864
74346
22143
42418
26988
32576
53411
53412
53410
53415
53416
53413
53414
37503
53419
53417
12227
53418
