9103
62010
62011
16597
62012
62013
5389
62014
62015
33010
62016
40500
62017
62018
62019
55680
52175
53660
53661
53664
50153
53665
60598
27364
51641
53662
53663
53668
7799
53669
53666
53667
14613
25638
43323
62020
62021
62022
62023
28909
62024
62025
62026
62027
62028
62029
44935
53671
53672
53670
53675
53676
53673
27013
53674
53679
53677
53678
44092
62030
20399
62031
46667
62032
62033
62034
4354
62035
62036
62037
43954
7460
53682
53683
53680
29087
30883
53681
34048
53686
53687
53684
35651
53685
53688
53689
49011
34726
50218
20165
36332
53690
53691
53692
31847
37301
52886
47185
35070
5065
21224
25820
44509
43811
29067
24174
26990
53624
53625
53628
53629
53626
53627
7132
37088
15353
37003
39664
41584
30051
34137
60446
53631
53632
53630
53635
53636
53633
53634
11555
53639
30731
53637
53638
49978
27949
44842
39654
33031
40007
11525
13948
15729
52792
56118
53642
51583
53643
53640
3333
53641
53646
53647
36544
53644
51743
53645
53648
53649
5098
8126
62005
62006
62007
62008
55032
62009
12229
53650
50383
53653
53895
53654
53651
53652
53657
53811
53658
53655
53656
53659
