53819
49714
53817
53818
46048
44781
38267
23441
44427
26150
53822
42083
53823
53820
53821
53826
53827
53824
53825
17213
53828
53829
24388
36079
53830
53833
18705
53834
53831
53799
53832
53837
12569
31347
53838
53835
53836
71305
71306
39694
42862
53839
71303
71304
65144
71301
71302
71300
24871
40842
70176
67729
53840
53841
53844
53845
15005
53842
53843
53848
53849
53846
61183
53847
20203
50617
19455
67697
4121
43305
36171
38194
53050
52762
55117
53850
52887
71307
71308
69230
8453
70995
66011
19023
47973
5068
34304
33698
30220
37411
45274
32922
839
43125
15355
40410
67997
71299
34770
71297
71298
71295
71296
71293
26646
71294
71291
66827
71292
10503
71290
51053
17418
36676
68972
43474
10151
27666
67926
34646
51186
60457
3334
53800
16656
50652
53801
19922
53804
53805
53802
53803
53808
53809
53806
53807
16023
22145
56241
32578
30432
50147
53811
53812
53810
53815
46690
53816
53813
53814
