15142
49715
9106
64398
68756
67027
54071
72451
8130
54350
44428
4848
54354
54353
54352
54351
54358
54357
54356
54355
54359
72607
14615
25181
39342
36991
19195
3098
54361
54360
54365
54364
54363
54362
54369
50681
54368
54367
54366
4699
60087
37205
38019
43797
72997
41135
46940
40843
40962
74530
54372
54371
54370
34844
54376
54375
54374
54373
54379
54378
54377
49013
34728
28271
30127
42296
45322
35000
54383
54382
54381
74141
54380
54387
54386
54385
54384
54389
29894
54388
21094
41353
54390
75246
76180
76181
75761
76182
76183
54392
76184
54391
76185
26470
76186
76187
76188
76189
53624
15501
13603
32645
17772
17257
19557
71699
49104
64766
27855
5070
41867
34497
55653
12001
49585
42393
6836
5521
35573
75265
25086
35057
38151
22705
49205
74864
28888
76190
32851
52042
54347
54346
54345
25375
54344
54349
15697
54348
32459
