49715
9106
54071
74751
8130
54350
43976
44428
15829
54354
54353
32201
54352
54351
54358
54357
54356
54355
4842
54359
14615
50711
25181
39342
36991
19195
54361
62426
54360
54365
54364
54363
75050
54362
54369
50681
54368
54367
54366
4699
47087
37205
38019
70317
43797
21089
41135
19047
40843
40962
54372
54371
54370
34327
34844
54376
54375
54374
54373
54379
54378
54377
49013
34728
28271
72889
38076
26544
54383
54382
54381
54380
54387
54386
35887
54385
54384
54389
29894
54388
42294
47580
54390
35110
54392
54391
26470
53624
57949
13603
75659
75658
75657
75656
5070
36273
75495
43009
41867
34497
49585
10980
6836
39309
45778
72555
25887
75660
64934
43906
35057
617
19800
68297
17504
38151
49205
75435
28888
32851
52042
54347
58026
54346
54345
25375
54344
50424
54349
15697
54348
32459
35208
