45750
39070
16072
2784
3885
64178
1239
60819
57776
3548
2335
4756
40025
5510
1393
5508
5509
2477
5500
4533
5501
5502
5503
5504
5505
5506
5507
5520
15045
5400
5521
1040
5519
5511
5512
5513
5514
7812
5515
5516
5517
5518
5530
5410
5531
5411
5532
55392
5409
5401
5522
5402
5523
5403
5524
5404
5525
5405
5526
5406
5527
5407
5528
5408
5529
5540
64311
5420
5541
64310
5300
5421
5542
64313
5301
5422
5543
64312
64315
64314
64317
64316
64319
64318
2147
5412
5533
16910
5413
5534
5414
5535
5415
5536
5416
5537
5417
5538
5418
5539
5419
64320
5550
4220
5430
5551
21035
64322
5310
5431
5552
64321
5311
5432
5553
64324
5312
5433
5554
64323
64326
64325
64328
64327
64329
54885
5302
5423
5544
5303
5424
5545
5304
5425
5546
5305
5426
5547
51259
5306
5427
5548
56944
5307
5428
5549
5308
5429
5309
45215
5560
64331
5440
5561
64330
5320
5441
5562
64333
5321
5442
5563
64332
5322
5443
5564
64335
5323
5444
5565
64334
64337
64336
64339
64338
5313
5434
5555
5314
5435
5556
5315
5436
5557
5316
5437
5558
5317
5438
5559
5318
5439
5319
64340
5570
5450
5571
64342
5330
5451
5572
64341
5331
5452
5573
64344
5332
5453
5574
64343
21496
5333
5454
5575
64346
5334
5455
5576
64345
64348
64347
64349
23679
5324
5445
5566
5325
5446
5567
5326
5447
5568
5327
5448
5569
5328
5449
5329
5580
5460
5581
64350
5340
5461
5582
5341
5462
5583
5342
5463
5584
5343
5464
5585
5344
5465
5586
5345
5466
5587
5335
5456
5577
5336
5457
5578
5337
5458
5579
5338
5459
5339
5470
5350
5471
5351
5472
5352
5473
5353
5474
5354
5475
5355
5476
5356
5477
3177
5346
5467
5588
5347
5468
5589
5348
5469
5349
5360
5481
5361
5482
5362
5483
5363
5484
5364
5485
5244
5365
5486
5245
5366
5487
5246
5367
5488
64017
692
5480
51063
33553
5357
5478
5358
5479
5359
5250
5371
5492
5251
5372
5493
5252
5373
5494
5253
5374
5495
5254
5375
5496
5255
5376
5497
5256
5377
5498
5257
5378
5499
5490
5370
5491
23998
52285
53256
5247
5368
5489
5248
5369
5249
5261
5382
5262
5383
5263
5384
5264
5385
5265
5386
5266
5387
5267
5388
5268
5389
5380
5260
5381
26672
5258
5379
5259
5272
5393
5273
5394
5274
5395
14
5275
5396
5276
5397
5277
5398
5278
5399
5279
40979
5390
5270
5391
5271
5392
27653
5269
5283
5284
5285
5286
5287
5288
5289
29923
5280
5281
5282
376
5294
5295
5296
5297
5298
5299
62685
5290
5291
5292
5293
58080
13333
1957
64306
64308
64307
64309
1744
51955
49347
39669
4935
9161
