64032
41039
61324
20217
47938
67948
55321
57746
54512
54511
54510
54516
54515
54514
49551
54513
54519
54518
54517
43720
58285
47409
68809
22369
33522
38819
54523
54522
54521
54520
55697
54527
54526
9108
54525
54524
50326
54529
38419
54528
72878
72879
72876
72877
39212
67205
72874
72875
72872
72873
72870
27503
72871
61504
54530
54534
54533
54532
54531
54538
51543
54537
54536
54535
47470
50855
72869
54539
19456
72883
72884
30192
72881
72882
72880
28725
54541
60669
11613
31167
54540
54545
54544
54543
29135
54542
54549
54548
54547
54546
44501
19782
71841
8455
46929
72255
41236
54551
54550
26870
60037
14016
16952
45275
9818
52935
22966
13292
43127
19033
37122
71695
40656
5071
30053
17138
6838
20995
42383
69309
44603
63725
3339
11528
32187
8746
9573
8246
37740
20800
45768
32852
25376
37620
54505
54504
50787
54509
54508
46291
54507
46050
54506
