39598
27766
24017
42248
23206
55040
25183
49391
52694
38269
47496
51368
13005
39756
46164
32723
19510
67276
48337
33918
68886
26205
23974
11878
52066
40606
53552
3763
36598
45578
17141
23828
41137
49818
55102
55101
55100
55106
55105
55104
55103
55109
8822
55108
55107
65396
39203
43308
9890
55076
28728
55075
55113
55079
55112
55078
55111
55077
55110
55117
55116
55115
55114
52888
4358
55119
15774
37304
55118
51712
9546
47212
55083
64755
55082
55081
55080
55087
55120
55086
55085
55084
38629
55124
55123
55089
55122
55088
55121
55128
55127
57421
55126
55125
14258
38985
53108
55129
19702
44699
55090
69779
38058
69778
48411
69777
55094
55093
55092
55091
55098
55131
55097
55130
40658
55096
55095
55135
30573
55134
51054
55133
55099
55132
55139
55138
55137
51695
55136
31703
32916
46745
69787
69786
69785
69784
9205
65587
69789
69788
36145
40249
64658
55142
55141
55140
571
55146
55145
55144
55143
55149
1277
55148
55147
49850
69783
69782
69781
10159
69780
47667
69796
69795
38155
55153
55152
55151
55150
33785
55155
55154
17917
69790
6578
69794
31006
69793
69792
69791
