27766
42248
75043
23206
25183
49391
34344
56893
52694
58710
38269
51368
39756
32723
72504
48337
33918
78150
19075
23974
11878
32955
45060
45578
17141
23828
41137
75189
65707
55102
55101
55100
55106
55105
55104
55103
37159
55109
55108
55107
49368
43308
55076
28728
55075
24921
55113
55079
55112
55078
55111
55077
55110
55117
55116
55115
57499
55114
52888
4358
55119
37304
55118
70479
4893
55083
55082
55081
55080
55087
55120
78361
55086
78360
55085
55084
78362
55124
55123
55089
55122
55088
55121
77157
55128
55127
55126
35596
55125
14258
53108
55129
19702
46515
55090
66545
48411
25279
55094
55093
74685
55092
55091
55098
55131
55097
55130
40658
42316
55096
55095
55135
30573
55134
51054
55133
55099
55132
55139
35224
55138
55137
51695
55136
31703
60682
15878
75425
36145
74334
65504
55142
55141
55140
55146
55145
55144
55143
60731
55149
78269
55148
55147
49850
60054
11367
10159
47667
38155
9973
68347
55153
55152
55151
55150
33785
55155
55154
78135
28367
17917
39402
31006
