40221
22595
23445
75320
78044
53384
32724
21950
69058
47245
79120
76132
53311
67270
11198
2956
26280
67446
22970
55344
55343
55342
78862
55341
35137
55348
61105
55347
77654
55346
55345
55349
37782
4520
35481
55351
55350
55355
55354
55353
55352
55359
55358
55357
55356
46372
4359
10881
20137
5582
8457
7003
55362
55361
55360
55366
55365
76341
55364
33214
55363
55369
55368
55367
12235
19703
16561
42156
6680
9673
34809
55373
43129
55372
55371
55370
55377
55376
60965
55375
168
55374
55379
53234
55378
845
16447
37076
4035
64016
33272
20998
55667
2124
79119
53800
36785
6844
15209
49330
51869
38968
51747
44830
46975
27953
67812
56484
75431
23359
55157
53892
77683
35721
54501
17919
54344
59875
37622
48195
