16872
28613
2395
22596
21702
55443
55442
13923
55441
40617
24251
55447
55446
55445
55444
514
55449
30308
51369
55448
64390
8540
53829
42351
5399
62544
55450
23976
55454
58327
58206
55453
55452
55451
55458
55457
35421
55456
54003
55455
55459
65094
68416
55461
55460
55465
55464
55463
55462
55469
55502
55468
55501
55467
55500
54135
55466
55506
55505
55504
1915
55503
38922
48680
55509
55508
55507
19457
55472
55471
55470
55476
52363
55475
55474
55473
55479
55512
55478
55511
53454
55477
55510
3784
37305
53978
22679
68313
22439
18457
69405
44981
73345
55483
64759
55482
55481
20138
55480
55487
55486
55485
33577
55484
52498
22151
36048
55489
34265
55488
46088
14259
12236
73517
73516
73515
67112
73514
73513
73512
73511
73510
55490
40534
55494
55493
55492
6161
26648
55491
55498
10623
53111
55497
4817
55496
55495
56866
169
55499
846
8459
36677
73509
73528
73527
73526
73525
73524
66315
73523
8752
73522
73521
73520
3341
25007
56353
5875
12332
52831
73519
73518
19533
43345
70940
50816
47941
62762
45649
54582
