23208
25905
49953
41315
22597
25108
30146
33417
32725
9113
68400
43044
6513
55616
55615
55614
55619
55618
55617
71944
46268
15882
21001
22739
40964
77374
55623
55622
52111
55621
55620
55627
12411
55626
55625
55624
49132
55629
51307
55628
66244
47865
73057
26389
44757
53051
40318
78294
27637
36050
55630
31169
55634
55633
55632
55631
55638
51037
55637
31849
55636
55635
29372
19338
60260
55639
41470
40660
27569
22035
55641
55640
55645
2741
55644
55643
55642
54714
55649
19705
55648
55647
77714
55646
53627
65452
7138
45025
59055
50080
26649
78473
5073
55652
78475
55651
78474
55650
78476
60325
55656
55655
55654
55653
31704
55659
55658
847
55657
69497
49340
70518
46228
68179
25009
55663
55662
50251
55661
55660
55667
55666
76246
55665
55664
55668
7937
51749
10161
75713
65755
28127
41204
66729
52280
58668
52165
55554
