23208
41315
22597
75320
78044
53384
33417
32725
9113
69058
43044
47245
79120
76132
6513
55616
67270
55615
55614
55619
55618
26280
55617
21001
67446
40964
78862
35137
55623
61105
55622
77654
52111
55621
55620
55627
55626
55625
55624
49132
55629
51307
55628
47865
37782
4520
35481
44757
53051
40318
27637
36050
55630
31169
55634
55633
55632
55631
55638
55637
31849
55636
55635
29372
55639
5582
7003
40660
55641
55640
76341
33214
55645
55644
55643
55642
54714
55649
19705
55648
55647
55646
53627
6680
9673
7138
34809
45025
26649
5073
55652
55651
60965
55650
55656
55655
55654
53234
55378
55653
31704
16447
55659
55658
847
55657
49340
46228
64016
25009
55663
55662
55661
55660
55667
55666
2124
55665
79119
55664
55668
15209
49330
51869
51749
10161
28127
67812
56484
75431
23359
52280
52165
77683
54501
59875
