8135
17686
46842
22599
40504
59922
59921
59924
11901
59923
54875
59920
52695
11221
59929
38029
59926
59925
59928
59927
7454
43045
41661
59652
55294
51371
59933
27374
59932
59935
59934
2313
59931
59930
59937
59936
59939
59938
39571
21247
26817
6532
44761
59944
59943
59946
59945
59940
59942
34045
57247
59941
57927
1916
38888
54777
59948
11202
59947
17427
59949
21017
41242
19211
40671
59432
41401
49807
59955
59954
59957
59956
59951
59950
59953
59952
55913
55912
42051
55911
55917
55916
55915
55914
7761
55919
55918
40663
45155
55920
36443
55924
30867
31714
55923
19708
55922
1937
55921
18458
37811
55928
55927
55926
55925
14261
10180
55929
13296
20141
56582
58889
55931
55930
51057
55935
55934
54602
55933
55932
55939
36679
55938
55937
55936
16891
21720
171
29722
35294
59063
7140
4706
55942
55941
55940
22373
39656
55946
55945
55944
55943
6847
12577
55947
22822
51509
59197
59911
51593
59913
59912
33660
52166
50023
59919
4038
59918
59915
11532
59914
59917
59916
