19742
21267
43215
41155
56010
56011
21703
39071
55960
13926
55441
32166
55964
35433
55963
55962
55961
55968
55967
60110
55966
55965
39913
55969
57472
1194
55971
55970
40849
55975
32310
55974
3004
29554
55973
55972
55979
55978
55977
55976
29394
26818
5441
21002
42064
4078
15364
65028
17144
65027
65029
55982
55981
55980
53323
55986
54137
55985
55984
57125
55983
17428
46782
55989
55988
6888
55987
10512
52515
65033
65032
65035
65034
65037
65036
48951
65039
41881
65038
28561
55993
55992
13637
55991
27196
55990
55997
1245
55996
55995
55994
48278
55999
55998
51317
58627
4758
65031
65030
65044
65043
37097
65046
65045
65048
65047
42965
15741
37415
65040
17920
65042
65041
6165
5750
56180
22600
48815
30576
35742
61807
18747
44169
41976
55380
24799
17180
2646
3739
60972
32462
11884
55949
30448
55948
12578
47943
49207
20363
28129
56000
56005
38718
56006
56007
1962
56008
55953
56001
55952
56002
55951
56003
25012
50386
55950
56004
55957
55956
55955
55954
11533
56009
55959
55958
