36882
56250
68519
56251
68518
58153
21705
56252
68517
27369
34063
56253
68516
40988
56258
56259
59888
60238
2303
28730
56254
56255
13927
56256
55565
56257
35837
68522
68521
68520
40850
68526
4100
68525
41662
68524
68523
56261
56262
68529
56263
68528
56264
68527
30090
56260
56265
56266
56267
56268
2959
19756
3407
68531
68530
43672
52191
32022
54932
9879
15367
37836
42178
13352
48953
51709
40430
58463
7193
53052
53694
49082
34038
55513
47341
16033
45277
64118
53584
28775
58357
17921
19711
20143
32909
4420
15077
21759
30057
56225
56226
33048
56227
56228
56222
56223
56224
36799
56229
13611
31306
29072
20595
33273
56230
56231
173
20635
56236
56237
56238
56239
29567
56111
56232
56233
56234
56235
3697
53645
12579
56999
11886
41041
20805
25014
45926
56240
56241
56242
56247
55794
56248
56249
56243
56244
56245
3344
56246
53534
51878
34758
