44940
6594
71244
26038
32041
56371
21706
56372
56373
56374
56370
56379
15706
25066
56375
26154
56376
29422
36809
53420
56377
56378
56411
35838
65890
49549
70961
70202
56382
1197
56383
56384
56385
56380
21953
25878
56381
53274
56386
56387
56388
56389
50049
72757
72758
19201
56390
56391
9482
28950
31570
26651
9911
48683
68892
72768
72769
72648
72766
48954
72767
72764
38991
72765
72762
72763
72760
72761
56164
24801
56324
56325
56326
56327
56322
56323
2619
11970
34959
39448
56328
56329
72759
11611
17487
9820
16034
26996
72771
34140
56330
72770
20657
56335
56336
10615
56337
56338
56331
56332
56333
56334
15104
56339
37416
41071
62171
22604
44336
6167
13298
66942
5751
14263
56340
56341
35062
56346
56347
1545
56348
56349
56342
56343
56344
56345
12243
48372
8754
44287
56350
56351
56352
44602
56357
56358
56359
56353
19929
56354
24397
56355
56356
37239
70528
47546
4442
26225
35166
56360
56361
56362
66602
56363
56368
56369
33662
56364
56365
50266
56366
56367
18968
33704
