70798
38024
45994
26710
41713
51923
59092
40453
74766
39224
76090
61334
76091
76092
76093
76094
76095
42515
56700
14628
56701
521
56706
56707
56708
56709
48450
56702
56703
56704
13931
56705
21005
17148
63368
2054
48609
47517
56710
56711
56712
56717
56718
56719
56713
56714
56715
56716
4363
41402
40319
36051
56720
1920
54661
56688
56721
56689
56722
59836
56723
53456
51157
21807
56728
15017
56729
3700
56724
56725
10886
56605
56726
56727
45953
31707
56690
56691
56692
56693
16390
51280
56698
56731
56699
56732
56733
56734
56694
56695
53585
56696
56697
56730
36322
56739
56735
56736
56737
56738
5076
16565
21233
12000
18463
36552
23650
23531
47726
73195
56742
56743
56740
50243
56741
42392
55778
4150
7144
46981
66836
76080
76081
63843
71461
76082
76083
76084
29606
76085
76086
76087
54694
76088
76089
54450
27267
5754
6849
49969
61392
4042
38551
28804
25490
622
34079
52045
55159
56246
8758
