67425
74239
38024
74238
45994
74237
73269
74236
74235
74234
74233
68637
74232
74231
74230
74190
38823
74249
74248
74247
74246
74245
74244
69859
74243
74242
74241
74240
42515
23291
56700
14628
56701
521
56706
56707
44890
56708
51017
56709
56702
38538
56703
56704
13931
56705
21005
8550
17148
19282
48609
44527
74250
56710
56711
53560
56712
39612
56717
56718
56719
56713
56714
56715
56716
67284
65261
4363
41402
40319
36051
65839
56720
1920
54661
56688
56721
56689
56722
60788
56723
57537
53456
33066
56728
15017
56729
3700
56724
56725
10886
56726
56727
67342
46400
31707
16673
7522
72136
56690
56691
58472
56692
56693
46805
56698
56731
56699
56732
56733
56734
60039
56694
56695
53585
56696
56697
56730
36322
56739
13049
30229
16958
56735
10971
56736
56737
56738
5076
16565
21233
18463
36552
23650
59971
66943
47726
56742
56743
56740
56741
55778
60163
7144
46981
58656
54450
68294
5754
6849
49969
4042
74229
74228
74227
74226
52045
55159
8758
31765
