5816
5937
34624
5817
5938
34623
5818
5939
34622
5819
34621
34620
2785
5930
5810
5931
5811
5932
34629
5812
5933
34628
5813
5934
34627
5814
5935
34626
5815
5936
34625
18148
5950
5706
5827
5948
34613
5707
5828
5949
34612
5708
5829
34611
5709
34610
2552
5940
5820
5941
5700
5821
5942
34619
3886
5701
5822
5943
34618
5702
5823
5944
34617
5703
5824
5945
34616
5704
5825
5946
34615
5705
5826
5947
34614
5960
5840
5961
1482
5717
5838
5959
34602
5718
5839
34601
5719
34600
5830
5951
5710
5831
5952
34609
5711
5832
5953
34608
5712
5833
5954
34607
5713
5834
5955
34606
5714
5835
5956
34605
5715
5836
5957
34604
5716
5837
5958
34603
21895
5970
5850
5971
5730
5851
5972
3549
5607
5728
5849
5608
5729
5609
1124
5720
5841
5962
5600
5721
5842
5963
5601
5722
5843
5964
5602
5723
5844
5965
5603
5724
5845
5966
5604
5725
5846
5967
5605
5726
5847
5968
5606
5727
5848
5969
5980
5860
5981
5740
5861
5982
5620
5741
5862
5983
5618
5739
5619
5610
5731
5852
5973
5611
5732
5853
5974
5612
5733
5854
5975
5613
5734
5855
5976
5614
5735
5856
5977
5615
5736
5857
5978
5616
5737
5858
5979
5617
5738
5859
23935
5990
5870
5991
5750
5871
5992
5630
5751
5872
5993
5631
5752
5873
5994
1394
5629
2478
5621
5742
5863
5984
5622
5743
5864
5985
4534
5623
5744
5865
5986
5624
5745
5866
5987
5625
5746
5867
5988
5626
5747
5868
5989
5627
5748
5869
5628
5749
5880
19644
5760
5881
5640
5761
5882
5641
5762
5883
5642
5763
5884
1041
5632
5753
5874
5995
5633
5754
5875
5634
5755
5876
5635
5756
5877
5636
5757
5878
5637
5758
5879
5638
5759
5639
5890
5770
5891
5650
5771
5892
5651
5772
5893
5652
5773
5894
5653
5774
5895
5643
5764
5885
5644
5765
5886
5645
5766
5887
5646
5767
5888
5647
5768
5889
5648
5769
5649
5780
5660
5781
5661
5782
5662
5783
5663
5784
5664
5785
34583
34589
34588
2148
34587
34586
34585
34101
34584
5654
5775
5896
5655
5776
5897
5656
5777
5898
5657
5778
5899
5658
5779
5659
5790
5670
5791
5671
5792
5672
5793
4221
5673
5794
5674
5795
5675
5796
5665
5786
5666
5787
5667
5788
5668
5789
5669
5680
5681
5682
5683
5684
5685
5686
34682
34681
34680
34688
34687
34686
34685
776
34684
34683
5676
5797
5677
5798
5678
5799
5679
5690
24528
5691
5692
5693
26949
5694
5695
5696
5697
34671
34670
34679
34678
34677
34676
34675
34674
34673
34672
5687
5688
5689
34660
31271
34668
34667
34666
34665
34664
34663
34662
34661
5698
5699
11787
34669
5591
5592
5593
5594
5595
5596
5597
5598
3178
5590
34657
34656
34655
34654
34653
34652
34651
34650
34659
34658
6454
18395
5244
693
34646
34645
34644
34643
32103
34642
34641
34640
5599
34649
34648
34647
34635
34634
34633
34632
34631
34630
10442
34639
34638
34637
34636
17606
15
377
26424
12147
15627
26615
1833
34003
16815
34594
34593
34592
34591
34590
34599
34598
34597
34596
34595
21171
14172
29660
1745
30532
19878
8398
30402
8045
27598
18647
2866
27335
4936
5904
5905
5906
5907
5908
5909
5900
5901
5902
5903
9040
5915
5916
5917
5918
5919
5910
5911
5912
5913
5914
5805
5926
5806
5927
5807
5928
5808
5929
5809
5920
5800
5921
5801
5922
5802
5923
3628
5803
5924
5804
5925
