40582
7444
48225
62539
15708
56930
36926
56931
56932
54993
55726
31755
56933
56934
56935
56936
5156
55295
10265
6517
13932
33527
72911
72912
72910
47751
23709
31171
64699
69507
56792
52072
61618
27064
72908
15369
72909
67282
36467
72906
72907
17149
72904
72905
45172
72903
72922
72923
46930
72920
72921
39282
32774
30196
50583
35642
72919
72917
72918
72915
72916
72913
72914
31709
63029
10617
26476
37533
17925
46482
60670
72926
72927
72924
37418
72925
8463
15476
50918
13691
18464
47605
64925
1546
26363
48374
49066
71504
63560
56909
49619
49292
56910
32464
33275
854
51588
56915
69141
13302
56916
54855
56917
56918
56911
56912
53802
56913
56914
17751
64782
56919
41960
70265
12581
47785
66603
56083
56920
56921
56926
5402
56927
56928
10166
56929
48472
56922
19932
56923
56924
56925
