43698
71886
49955
40102
69449
22751
61963
49719
38788
78729
49791
16880
70566
67035
523
27772
19203
22977
13460
41931
57248
57249
31450
57246
50331
57247
78227
60134
77931
52238
34846
57251
57252
18085
24401
57253
57254
57250
57259
30870
57255
53698
57256
57257
57258
46771
52489
70978
10520
47456
67348
42044
25389
35232
57262
57263
65326
30062
57264
67988
57265
57260
57261
72092
57266
57267
57268
53586
57269
18859
37535
45153
18466
21356
16287
57273
57274
57275
57276
57270
57271
47606
57272
13616
53114
57277
57278
77423
57279
28421
77700
67486
57284
57285
57286
57287
57280
57281
57282
57283
34402
76001
40639
52399
57288
57289
38445
69159
57290
42251
57295
57296
57297
72560
57298
57291
57292
62768
40757
57293
57294
76350
78651
11536
33788
1200
11892
78538
19933
46293
46052
31008
