67782
7446
38025
67665
40103
43218
77196
351
18093
57348
57349
33419
36886
74644
57350
57351
57352
56264
57353
34734
57358
57359
27773
35423
51375
57354
57355
57356
57357
44096
78439
6998
37271
39450
43311
39731
41375
57361
57362
29008
57363
57364
34040
53041
57360
57369
57402
57403
32146
57365
57366
57367
57400
57368
57401
19603
57372
57373
57374
57375
23832
26825
57370
57371
29376
76793
4918
57376
57377
57378
57379
76677
1922
3703
68141
6675
42045
47059
57383
29900
57384
57385
32084
57386
57380
57381
57382
54396
56976
42839
53587
57387
56574
57388
57389
21236
57394
57395
57396
23774
57397
57390
57391
57392
57393
51690
57398
57399
24584
56982
51697
49068
12248
28381
25390
68855
49852
67886
20516
22491
31010
52037
14630
15203
20368
42252
44431
66449
21857
75275
42658
50389
10169
35607
34911
