44664
19463
37210
57581
57582
57583
57584
28737
57580
57589
55442
57585
33531
57586
25981
51245
57587
57588
43050
54878
51645
36887
16882
38378
57592
57593
57594
57595
57590
57591
57596
57597
7448
15711
39348
50686
53959
33922
51815
9485
22978
40322
12250
57800
57768
57801
50332
57806
57807
57808
57809
12931
57769
57802
57803
50857
57804
57805
17432
29536
57770
57771
30871
57776
47060
57777
57810
57778
57811
10889
57779
57812
57772
57773
57774
57775
57817
57818
50985
57819
50984
57813
57814
57815
57816
43132
29901
57780
34141
57781
57782
57787
57820
57788
57821
57789
57822
57823
57783
57784
17929
57785
57786
50510
54718
57824
16289
8467
57790
57791
23652
57792
40015
57793
35063
37081
20149
57798
57799
57794
57795
57796
57797
7766
16568
36554
48132
18469
1548
7149
45653
7148
5080
6171
34404
57567
57568
57569
57564
57565
57566
14632
856
49971
13305
8762
38790
39760
22827
42253
43221
57570
57571
57572
57573
57578
4717
57579
55672
1203
52047
57574
1201
57575
57576
57577
11894
46053
5404
37624
