38382
15022
58154
59001
58153
59000
58156
59003
58155
59002
58150
55162
58152
58151
59009
59008
58158
59005
58157
59004
59007
58159
59006
4725
36889
48614
8149
41144
27777
58165
58164
58167
58166
58161
58160
58163
59010
29715
38491
58162
13936
56661
58169
58168
31989
16572
20157
58170
39453
41771
58176
58175
58178
58177
58172
58171
22611
58174
58173
58976
31574
58975
58978
58977
58179
58974
58973
13621
50454
58979
17156
47867
58181
58180
58187
58186
58189
58981
20604
58188
58980
58183
54140
58182
48959
58185
58184
11218
58987
58986
3706
30873
58989
56327
58988
58983
58982
58985
58984
50742
50623
21466
20374
58990
22155
58992
55080
58991
53184
25823
2625
58998
58997
1930
31312
58999
58994
58993
58996
58995
7773
24189
56580
41589
23655
25394
26483
56624
25398
57675
38974
48134
52700
6177
38161
32863
58139
13307
55821
58138
30725
38721
30723
49294
53808
18721
4047
43222
58143
58142
6180
58145
58144
3350
58141
186
58140
33666
33422
22381
58147
55952
58146
864
58149
58148
13313
46054
6859
