64032
64031
8495
64034
64033
64036
14299
64035
64038
64037
64039
61204
51646
64030
64043
64042
64045
64044
12284
64047
45584
64046
17176
64049
64048
27371
10548
11916
52501
64041
64040
19720
22613
64054
42982
64053
48966
64056
64055
20155
64058
64057
16574
18991
64059
58451
58450
58453
58452
42865
16291
30080
31575
58459
28276
58458
1236
58455
58454
12937
58457
58456
13620
64050
64052
64051
41880
49529
64065
64064
64066
16069
24806
21495
46377
27513
58462
36056
58461
58464
58463
23677
58460
24404
58469
63926
3708
58466
58465
58468
58467
1926
15378
64061
31721
64060
51954
64063
64062
50869
58473
58472
58475
58474
58471
58470
58477
58476
54554
58479
58478
48024
50994
36324
50512
48017
43407
58484
58483
58486
58485
44339
58480
8183
37082
58482
58481
58488
58487
58489
14666
30735
25649
21961
4397
6178
64018
44848
64017
57165
28755
64019
58490
5083
46902
27780
2643
60333
39658
14636
32865
33679
44434
64021
64020
44678
47788
64023
64022
64025
41047
64024
64027
64026
64029
64028
40874
38038
13310
19938
