74359
33378
31111
51646
74923
45584
27371
53790
58846
76771
53950
52501
19720
22613
70610
18599
20155
16574
58451
58450
58453
58452
42865
16291
31575
58459
28276
58458
53444
58455
77257
58454
12937
58457
58456
13620
69184
56317
49529
5572
24806
58462
36056
58461
58464
64746
58463
58460
24404
58469
3708
58466
76432
58465
58468
78613
58467
1926
15378
39728
43377
41474
58473
58472
58475
58474
58471
58470
35910
58477
43929
58476
54554
58479
58478
36324
50512
48017
68724
67239
43407
58484
44738
58483
58486
58485
44339
58480
37082
58482
58481
10349
78871
78873
78872
58488
78875
58487
60686
78874
58489
11035
69094
55817
21961
6178
41734
58490
5083
46902
27780
76487
77216
39658
14636
32865
42013
44434
47788
76908
71078
27313
76351
13310
19938
