5782
17166
50154
56015
33934
31996
23453
29717
58680
12605
35303
3369
31869
16886
46147
62038
62039
16292
35652
26497
12257
6525
16577
50335
37712
56834
57406
62040
24406
42058
62041
8165
42972
62042
62043
21255
62044
62045
62046
62047
62048
34153
62049
22982
41408
20602
58901
58900
51311
29256
58907
58906
55515
58909
58908
58903
58902
58905
50625
58904
19940
62051
62052
62053
62054
62055
62056
62057
62058
2991
62059
45439
58910
49071
58912
57306
58911
59689
45031
58918
48267
58917
58919
58914
53629
58913
14656
58916
58915
62050
62062
62063
62064
62065
62066
46236
62067
62068
4388
62069
29079
58888
58921
58920
58923
26482
58889
58922
27212
203
32475
58929
43480
58928
18986
50921
58925
58924
54969
58927
62060
58926
62061
62073
62074
62075
62076
49854
58891
57681
58890
58893
58892
21967
25406
58536
58899
58898
58931
1554
58895
58894
58897
58930
58896
56119
39659
62070
62071
62072
38035
46610
40510
51591
1566
863
52169
53893
13312
39920
51752
5768
