17442
19225
46447
62770
27644
28739
24416
27003
29388
52178
23219
53708
37322
59012
59011
59014
62820
59013
62821
62822
62823
62824
62825
59019
62816
62817
62818
59016
62819
59015
2311
31584
59018
59017
21031
35308
52504
46543
47874
41772
59023
40325
59022
62830
59025
62831
59024
62832
27506
40968
43315
62833
62834
42866
59021
62835
41779
59020
62836
62826
58458
62827
62828
37719
62829
35533
59027
59026
59029
58973
59028
48960
15402
4748
34275
59034
62840
30070
59033
62841
59036
62842
59035
62843
59030
62844
62845
59032
62846
59031
62847
62837
35646
62838
62839
59038
59037
59039
60024
50866
56328
12940
17954
45279
59045
59044
55081
59047
59046
59041
56170
59040
59043
40668
59042
59049
59048
59202
10176
53469
57826
2626
59050
7774
14660
59056
59055
35065
59058
59057
59052
59051
40416
59054
59053
26484
59059
2993
54840
20381
59061
47954
59060
21729
23465
59062
48082
55781
54456
58818
43592
47790
49724
38276
25411
23992
40236
22388
44439
5409
52560
22382
5769
