19469
42368
14694
59364
59363
27005
59366
59365
65768
59360
62778
59362
59361
54358
59368
59367
59369
38027
4049
15028
66173
67278
39581
67279
67276
67277
44014
59371
59370
59372
35545
67274
50689
67275
67273
14272
67289
67287
67288
49017
64213
29403
31453
55104
55620
50455
67281
13346
67282
67280
67285
67286
37835
67283
47194
67284
35081
30072
55350
61879
59317
59316
59319
59318
30592
59313
57895
59315
50100
58621
59314
67292
67293
12301
45440
67290
50467
67291
12942
16628
50987
67296
38516
65391
67294
53858
67295
27205
28899
59320
24212
29108
59322
59321
41517
38182
59328
59327
59329
59324
59323
59326
59325
8207
42162
3711
50514
63794
20383
37641
59331
32471
59330
59333
59332
58888
59339
58403
59338
59335
59334
59337
26486
54289
59336
4414
17937
10225
44687
44963
47555
19002
64653
23221
59342
59341
59344
59343
59340
59349
59346
59345
59348
59347
45372
53405
49725
5771
59353
59352
59355
59354
44836
59351
39480
59350
59357
59356
59359
59358
900
54508
11259
