19469
22638
59364
65921
59363
65920
27005
59366
65923
23686
59365
65922
63349
59360
65925
65924
59362
65927
59361
65926
65918
65917
35435
65919
59368
59367
31595
59369
38027
4049
15028
52338
13641
39581
44014
65930
65931
59371
59370
59372
31465
65929
65928
50689
14272
49017
7183
31453
38806
55620
50455
14679
47194
44114
65430
64621
1252
30072
51391
4083
10921
59317
59316
60822
59319
59318
59313
32010
50464
57895
59315
50100
58621
59314
45440
12942
50987
53858
27205
28899
59320
59322
22399
59321
41517
59328
10216
59327
59329
59324
59323
59444
59326
59325
57828
42162
3711
50514
50639
20383
59331
32471
59330
59333
59332
65739
58888
59339
58403
59338
59335
59334
59337
26486
54289
59336
6557
13972
17937
34416
9169
38045
23221
24432
59342
59341
59344
59343
59340
59349
40519
56755
59346
59345
59348
59347
8504
57606
49725
5771
59353
65910
59352
59355
65912
59354
65911
65914
65913
44836
59351
65916
59350
65915
220
59357
59356
59359
59358
12982
54508
