45996
69444
37211
6631
59520
27006
46606
24811
59526
1337
58678
59525
59528
59527
59522
59521
59524
51882
59523
59529
47645
68526
41146
75699
19470
57196
59531
59530
73670
45902
59537
59536
59899
59539
59538
59533
2312
56541
59532
59535
59534
54920
72912
39056
41411
66116
69624
49137
59540
24478
59542
59541
59548
59547
59549
59544
59543
59546
59545
70208
63097
68025
19058
59551
22463
59550
59553
59552
9131
40714
46539
2976
48270
59558
59555
59554
59557
30197
59556
53459
67586
18973
19304
65843
44506
27686
34663
76984
76985
76986
46881
76987
76988
7911
76989
36326
50515
44573
35460
46639
76450
33720
8476
70256
1556
33279
29164
975
32869
15846
38606
49726
43622
8766
74623
5410
38278
59515
76990
59517
60469
76991
59516
76475
76992
27278
76993
76994
76995
866
46056
59519
35727
59518
18207
