66455
27645
52050
52171
54079
17729
1212
7833
11220
47886
23455
26325
6911
15439
8815
36911
52988
67722
65303
49412
56393
42988
10239
56830
59702
59701
60778
59704
59703
59700
16338
59709
51700
59706
59705
59708
6529
31338
59707
40670
39680
9133
21015
64861
68701
68700
59559
59713
25050
59712
28163
59715
59714
59313
59711
59710
59716
18768
36561
36682
7489
60829
43139
42689
52252
59689
59688
30900
18975
1934
67994
11270
20420
9833
68689
4784
68688
59694
63830
59693
59696
59695
59690
59692
59691
59698
59697
20818
59699
68698
42784
68697
68696
38165
68695
5089
40761
8477
41332
68699
46903
35293
55261
22414
42702
56115
34641
33792
68690
38723
47792
17985
68694
68693
68692
68691
52838
6184
867
5127
44273
58308
