44544
17687
66215
39235
191
3362
33093
41318
29541
33930
991
1215
11902
52971
51884
71658
40971
41667
48619
59373
54882
2315
28742
49782
2439
64055
14277
35012
60928
24071
32386
53960
9639
38889
47195
14439
70606
68027
9492
22986
60029
60028
60027
59433
60026
60025
60024
60023
60022
43140
60021
48272
54704
72934
72897
36683
8292
78121
72490
78120
3716
60039
60038
60037
60036
60035
60034
60033
60032
60031
60030
70747
20027
20385
59179
33283
60049
32871
60048
60047
77787
78118
60046
78117
60045
60044
78119
60043
60042
60041
60040
70517
74616
9287
16892
59102
57441
23226
21964
58932
55783
59506
60059
60058
60057
60056
60055
60054
9835
60053
49055
60052
62190
60051
60050
43224
18841
32293
73371
52561
39526
61032
60062
60061
13315
60060
