17687
191
56097
3362
58034
41318
29541
33930
1215
11902
31510
30140
51884
40173
40971
41667
74002
48619
59373
54882
2315
76012
28742
5545
50721
5200
14277
65702
36105
33198
52354
53960
38889
47195
65380
72007
70341
9492
22986
60029
60028
60027
59433
60026
60025
60024
60023
77800
60022
76437
77801
43140
60021
71706
48272
74955
36683
65606
73183
3716
60039
60038
29621
59048
60037
58479
60036
77798
27288
60035
77799
60034
60033
60032
60031
60030
3834
54957
20385
35221
33283
27693
60049
32871
60048
60047
60046
60045
60044
60043
55899
60042
57956
60041
60040
16892
23226
21964
58932
55783
60059
60058
60057
60056
60055
60054
9835
60053
11005
48240
60052
60051
8903
60050
36491
43224
32293
52561
987
70817
76119
60062
60061
13315
60060
