15384
20610
60191
60190
62890
62891
62892
62893
62894
62895
62896
62897
44949
57463
62898
25989
25625
40866
10538
28571
34740
58313
5775
51522
60199
60232
5413
60198
60231
60197
60230
60196
60195
60194
60193
61282
51648
60192
19479
19474
44253
38894
17170
31180
15719
2316
52749
35429
53318
7464
48962
26657
20832
51382
54010
14279
17941
13622
24409
45287
18480
30073
21018
53059
52244
45160
41592
56174
56330
8172
32881
28137
52895
50750
11546
10181
25830
57677
58404
60207
11558
60206
60205
2633
25030
56228
60204
60203
60202
61137
60201
10904
60200
49220
56748
47796
62872
62873
62874
62875
23466
62876
62877
62878
46989
60209
62879
60208
60218
60217
60216
1951
60215
54457
58774
60214
60213
60212
60211
58819
60210
55789
48086
62880
62881
62882
62883
62884
62885
62886
62887
62888
62889
8480
60219
1569
60229
60228
60227
60226
60225
53896
60224
60223
60189
60222
15733
60221
60220
54509
