8498
16076
44026
46449
52608
4057
37212
41679
17160
50151
60479
60478
60477
60476
60475
60474
5776
60473
60472
32606
60471
60470
34748
49395
53706
47126
63232
39585
15033
24425
39184
50160
29553
60484
60483
60482
60481
52507
60480
14673
36066
26658
31454
35658
16610
34848
45293
29083
40672
9138
64589
64900
49808
12947
31726
49484
55518
50629
25027
36160
55084
27960
34147
31317
39837
44576
64881
5110
64880
10183
64883
64882
64885
64884
64887
64886
64889
64888
55098
28428
60449
60448
60447
60446
60445
60444
37921
64890
64892
64891
64894
64893
64896
64895
64898
64897
64899
23985
28915
54453
59746
60459
33037
60458
51064
60457
27388
53400
60456
60455
26179
58897
60454
60453
60452
15721
47673
60451
60450
61141
10553
55826
15051
37221
20406
5092
40515
41966
62519
60469
33027
60468
60467
60466
60465
23473
60464
60463
60462
60461
60460
