71767
46449
4057
37212
17160
50151
60479
60478
60477
60476
60475
60474
76788
5776
60473
60472
60471
60470
49395
53706
39585
15033
35386
29834
73791
39184
78432
36116
76894
60484
9988
60483
60482
78715
60481
52507
60480
68241
21122
72110
26658
31454
8308
34848
29083
36290
40672
9138
69876
61633
49808
12947
5965
55518
37493
50629
26918
66656
25027
14090
55084
76340
27960
34147
78525
31317
39837
78909
44576
78908
10183
65212
63952
28428
51173
60449
60448
78111
60447
60446
60445
52785
60444
37921
66399
40640
23985
54453
59746
60459
60458
60457
60456
60455
60454
60453
77975
60452
15721
47673
60451
60450
1714
66846
74465
5092
33380
41966
78771
60469
33027
60468
60467
60466
52441
60465
60464
60463
60462
60461
60460
11378
