8772
67023
24818
38387
65003
68914
72053
11980
51885
11223
35957
63473
39587
66107
17690
60519
60518
60517
60516
60526
60525
60524
60523
60522
60521
60520
39869
71528
74419
74418
74417
71545
43952
74416
74415
74414
74413
60529
60528
60527
60537
60536
60535
60534
60533
533
32783
60532
60531
31176
60530
49531
57928
31859
37316
19213
74429
74428
74427
45442
74426
49766
74425
74424
12263
46256
47983
74423
74422
74421
74420
15490
22620
60539
60538
60548
60547
60546
60545
60544
60543
12948
60542
60541
60540
32933
41594
73747
67502
62176
65600
18211
49357
74433
74432
74431
74430
63428
9140
59164
60549
11308
53464
60551
31318
60550
65283
59291
46753
29911
60717
25832
33963
34656
57678
60444
37128
9840
18276
40763
23227
49170
33671
13701
69022
52839
42098
56085
59199
34076
58142
3075
13318
34510
46450
60063
