4850
73784
71363
74233
76260
76261
20611
26714
76262
76263
873
11904
3478
28574
51127
5779
29382
39185
45905
59374
72222
40973
58046
26164
76255
76256
76257
76258
76259
54008
16297
68774
58452
74130
26492
37958
55343
61229
58336
54779
66642
69239
75355
72088
60702
60701
54143
60700
54263
10529
36059
59314
21250
44471
74558
65445
18292
60709
60708
60707
60706
60705
60704
60703
60713
60712
60711
60710
27683
18979
12596
17773
20389
7895
12363
26887
60719
60718
60717
60716
29914
60715
25834
60714
60724
60723
60722
60721
60720
53118
966
54722
72539
70534
4153
9842
73763
60729
60728
294
60727
29727
57161
60726
60725
60735
60734
60733
53087
60699
60732
60698
60731
60697
60730
60696
60695
60694
60693
51469
13944
15723
64370
18041
60739
60738
60737
60736
25890
1562
60101
5522
9605
54746
51517
