41671
63184
25627
63185
63186
63187
63188
63189
20616
54350
40867
60869
60868
54353
59404
52053
60599
11905
31990
60870
12279
63180
63181
63182
63183
63195
8784
63196
6881
63197
24826
63198
63199
40974
34052
57353
11239
32157
59814
9506
63190
63191
63192
63193
12963
63194
21488
47117
46544
47872
20835
23664
60812
60811
22175
10198
21481
56835
2329
14281
23839
60819
60818
41247
60817
60816
60815
60814
60813
60823
60822
60821
60820
53057
59436
30879
60265
29092
52643
48276
16902
43411
42166
60829
60828
60827
60826
35072
60825
60824
60834
60833
34149
60832
60831
60830
2983
49598
50633
52896
54557
39663
10185
45663
36153
60839
60838
60837
60836
60835
60845
60844
60843
61805
60842
60841
60840
32472
33286
55258
52944
48769
49857
63200
63201
63202
63203
59066
63204
63205
63206
60849
63207
29728
60848
63208
60847
63209
60846
60856
60855
56117
60854
60853
26331
60852
60851
60850
53249
47548
63173
48879
63174
40591
43588
63175
38033
63176
41323
63177
63210
63178
63211
63179
23994
60859
60858
60857
34514
60867
60866
60865
60864
60863
60862
60861
60860
7788
63172
