43696
43697
43698
43699
43692
43693
43694
43695
9064
2786
43690
43691
43685
43686
43687
43688
43681
43682
43683
43684
43689
43206
5706
43680
3887
32438
43674
23945
43675
43676
43677
43670
43671
43672
43673
43678
43679
43663
43664
43665
43666
43660
43661
40397
43662
3550
20329
43667
43668
43669
3663
33504
43652
19423
43653
43654
43655
41114
43650
43651
43656
43657
43658
43659
29225
42670
43649
1395
43645
43646
43647
43648
2479
4535
1042
1155
5996
5997
5998
5999
24772
2149
4222
6300
6302
6301
6311
6310
6794
6313
6312
6304
6303
6306
6305
6308
6307
6309
6320
6201
6322
6200
6321
12880
6203
6324
7413
6202
6323
22562
5590
6315
6314
6317
6316
6319
6318
6210
6331
6330
6212
6333
6211
6332
5245
6214
6335
6213
6334
694
30286
3179
6205
6326
6204
6325
6207
6328
6206
6327
6209
6208
6329
6340
6100
6221
6342
6220
6341
6102
6223
6344
6101
6222
6343
6104
6225
6346
6103
6224
6345
6216
6337
6215
6336
6218
6339
6217
6338
6219
6230
6351
6350
6111
6232
6353
6110
6231
6352
6234
6355
6113
6233
6354
6112
6236
6357
6115
15661
14571
6235
6356
6114
23168
477
6106
6227
6348
6105
6226
6347
6108
6229
6107
6228
6349
6109
6241
6362
6120
6240
6361
6001
6243
6364
6122
6000
6242
6363
6121
6003
6245
6366
6124
16
6002
6244
6365
6123
6005
6247
6368
6126
6004
6246
6367
6125
6360
6238
6359
6117
6237
6358
6116
6119
6239
6118
15318
6010
6252
6373
6131
6251
6372
6130
6012
6254
6375
6133
6011
6253
6374
6132
6014
6256
6135
6013
6255
6134
6016
6258
6137
6015
6257
6136
6250
6371
6370
378
6007
6249
6128
6006
6248
6369
6127
6009
6008
6129
6021
6263
6142
6020
6262
6141
6023
6144
6265
6022
6264
6143
6025
6146
6267
6024
6145
6266
6027
6148
6269
6026
6147
6268
6261
6140
6260
6018
6139
6017
6259
6138
7109
6019
6032
6153
6274
6031
6152
6273
6034
6155
6276
6033
6154
6275
6036
6157
6278
6035
6156
6277
6038
6159
6037
6158
6279
6270
6030
6151
6272
6150
6271
6029
6028
6149
6043
6164
6285
6042
6163
6284
6045
6166
6287
6044
6165
6286
6047
6168
6289
11151
6046
6167
6288
6049
6048
6169
6160
6281
6280
6041
6162
6283
6040
6161
6282
6039
6054
6175
6296
6053
6174
6295
6056
6177
6298
6055
6176
6297
6058
6179
6057
6178
6299
6059
6290
6050
6171
6292
6170
6291
6052
6173
6294
6051
6172
6293
37515
6065
6186
6064
6185
6067
6188
6066
6187
6069
6068
6189
6180
6061
6182
6060
6181
6063
6184
6062
6183
6076
6197
6075
6196
6078
6199
6077
6198
6079
6070
6191
6190
6072
6193
20977
6071
6192
6074
6195
6073
6194
6087
6086
6089
18423
6088
6081
6080
6083
6082
6085
6084
1866
1746
30414
6098
6097
6099
38000
6090
6092
6091
6094
6093
6096
6095
25163
32706
43704
43700
43701
43702
43703
39420
29518
4937
3990
8081
