7164
73549
73548
73547
17163
73546
73545
67701
47894
73544
38389
73543
27646
69848
61326
21547
46846
36928
2026
61169
53421
55048
61168
61167
37852
61166
61165
61164
61163
61162
61161
61160
61170
73559
73558
73557
73556
16365
73555
44255
73554
73553
72188
73552
73551
73550
58161
51252
59935
30770
57599
51015
61175
61174
61173
61172
60082
61171
52509
16057
59541
73561
73560
55622
51146
60530
17945
51544
61222
50457
58859
21081
37317
9496
66485
42692
18482
59437
61507
48157
60022
16588
48274
53979
13043
56690
30583
29586
59848
12599
44579
30728
44179
43002
53190
1943
61139
61138
61137
61136
53759
23989
23869
69421
54291
59582
59625
61149
61148
61147
61146
61145
61144
61143
61142
61263
61141
58539
61140
41440
70267
32731
33029
59517
32299
56640
61159
54103
61158
61157
61156
30317
61155
61154
61153
61152
61151
61150
