20572
2786
44415
45506
3887
813
3670
2583
3550
45727
34709
19426
19676
42674
23816
1395
30694
2479
4535
42428
1042
5996
5997
5998
16258
5999
37189
2149
43293
7711
4222
39900
43035
6300
6302
6301
12541
6311
6310
6313
6312
32126
6304
6303
6306
6305
6308
6307
6309
22569
6320
6201
6322
6200
6321
6203
6324
6202
6323
5590
24987
6315
6314
6317
6316
6319
6318
6210
6331
6330
6212
6333
6211
6332
5245
6214
6335
6213
6334
694
29049
3179
6205
6326
6204
6325
6207
6328
6206
6327
6209
6208
6329
6340
6100
6221
6342
6220
6341
6102
6223
6344
6101
6222
6343
6104
6225
6346
6103
6224
6345
6216
6337
6215
6336
6218
6339
6217
6338
6219
6230
6351
6350
6111
6232
6353
6110
6231
6352
6113
6234
6355
6112
6233
6354
6115
6236
6357
6114
6235
6356
6106
6227
6348
6105
6226
6347
6108
6229
6107
6228
6349
6109
46280
14217
6120
6241
6362
6240
6361
6001
6122
6243
6364
6000
6121
6242
6363
6003
6245
6366
6124
46279
16
6002
6244
6365
6123
6005
6247
6368
6126
46277
6004
6246
6367
6125
46278
26448
6360
23175
6117
6238
6359
38775
46275
6116
6237
6358
46276
6119
46273
6118
6239
46274
46271
46272
46270
6010
6252
6373
6131
6251
6372
6130
6012
6254
6375
6133
6011
6253
6374
6132
6014
6256
6135
46268
6013
6255
6134
46269
6016
6258
6137
46266
6015
6257
6136
46267
6250
6371
6370
378
6007
6249
6128
46264
6006
6248
6369
6127
46265
6009
46262
6008
6129
46263
46260
46261
6021
6263
6142
6020
6262
6141
6023
6144
6265
46259
6022
6264
6143
6025
6146
6267
46257
6024
6145
6266
46258
6027
6148
6269
46255
6026
6147
6268
46256
6261
6140
6260
6018
6139
46253
6017
6259
6138
46254
46251
6019
46252
46250
6032
6153
6274
6031
6152
6273
6034
6155
6276
46248
6033
6154
6275
46249
6036
6157
6278
46246
6035
6156
6277
46247
6038
6159
46244
6037
6158
6279
46245
26631
6270
6030
6151
6272
6150
6271
6029
46242
6028
6149
46243
46240
46241
6043
6164
6285
46239
6042
6163
6284
6045
6166
6287
46237
6044
6165
6286
46238
6047
6168
6289
46235
6046
6167
6288
46236
6049
46233
6048
6169
46234
6160
6281
6280
6041
6162
6283
6040
6161
6282
46231
6039
46232
46230
6054
6175
6296
46228
6053
6174
6295
46229
6056
6177
6298
46226
9441
6055
6176
6297
46227
6058
6179
46224
6057
6178
6299
46225
46222
6059
46223
6290
6050
6171
6292
6170
6291
6052
6173
6294
6051
6172
6293
46220
46221
6065
6186
46217
6064
6185
46218
6067
6188
6066
6187
6069
6068
6189
6180
6061
6182
6060
6181
6063
6184
46219
6062
6183
44153
6076
6197
6075
6196
6078
6199
6077
6198
6079
6070
6191
6190
6072
6193
6071
6192
6074
6195
6073
6194
6087
6086
6089
6088
6081
6080
6083
6082
6085
6084
1746
6098
6097
6099
37397
6090
6092
6091
6094
6093
6096
6095
1516
25170
33900
17642
4937
39426
28873
