20851
12270
19743
21022
39356
48345
40345
48628
50393
54351
52339
19236
42872
43726
25633
15391
20624
29396
1587
46154
54922
45220
15037
12601
20397
37550
59784
61500
54090
61501
61502
61503
61504
61505
53962
535
66003
44513
65431
66006
43660
66007
66004
14682
42694
66005
61510
61511
66008
61512
66009
43667
61513
62448
61514
61515
61516
61506
61507
54781
61508
10922
61509
56443
5447
17716
47066
35649
21501
66013
66014
66011
43413
66012
66017
66018
66015
61486
66016
26511
61487
61520
61488
61521
61489
61522
66019
25423
61523
65966
61524
61525
61526
61527
61517
61518
61519
10218
56334
13323
36568
66010
61490
66024
18983
61491
66025
61492
63791
66022
25838
61493
66023
61494
66028
61495
66029
61496
66026
61497
61530
66027
61498
61531
61499
43806
59692
37925
61528
61529
32474
11550
48772
66020
66021
42780
48884
10558
43591
53403
53766
66031
64250
66030
41681
48876
55397
28763
57970
60103
53894
30318
3743
52847
