72735
63067
8775
45516
75285
1697
28577
29544
60234
55569
10531
52219
73952
61610
17294
61611
61612
61613
39063
61614
61615
12603
61607
61608
58048
61609
70732
46787
9645
24918
64612
61620
61621
73165
61622
61623
61624
59263
61625
61626
78340
61616
61617
61618
61619
69181
2323
7458
18485
36453
61630
61631
73695
61632
78172
61633
61634
61635
61627
61628
73292
61629
78336
78338
78337
78339
45285
37427
40020
70874
69367
73987
11020
57661
43807
51166
53467
55368
54558
37086
28822
58761
20700
38172
321
61136
11551
77823
45660
1946
56747
33602
39131
46107
71466
21725
25403
35732
54058
52316
60693
7933
71238
64147
29733
14080
46737
35842
56800
57213
16304
59518
33427
