46569
73946
73945
62130
73944
62131
73943
7169
62132
62133
62134
19222
62135
42527
62136
62137
44708
62138
62139
64833
44260
49311
56817
43174
54238
20225
73957
62140
73956
39188
62141
73955
62142
73954
62143
73953
62144
73952
62145
73951
62146
73950
55050
62147
62148
62149
63637
42910
24822
25196
6876
49661
54403
71408
57638
59936
73949
73948
47084
73947
62150
62151
62152
62153
62154
62155
67847
73564
61741
60407
24195
4742
55626
56718
34968
69583
40153
72406
69357
21256
39840
49764
6261
59274
39608
51150
58907
7869
44104
22836
44344
45032
13325
39665
61377
62107
62108
62109
9152
5501
18987
43872
69147
16371
49217
62110
62111
62112
62113
59584
62114
24036
62115
62116
62117
69946
62118
62119
55388
53760
56199
4389
14757
62120
62121
48479
62122
62123
13395
62124
63730
62125
73255
62126
62127
62128
62129
51198
36894
37466
47263
30319
17237
