71767
18532
36081
71768
71765
71766
71763
71764
48346
71761
62256
71762
69601
62257
40589
62258
71760
62259
22995
60911
61043
71758
31998
71759
62260
49825
62261
17697
62262
62263
62264
71774
7212
62265
15397
62266
71772
62267
66742
71773
40975
62268
71770
62269
71375
71771
43728
61577
53396
61848
27014
11232
54923
14743
6877
31348
51416
52748
71769
62271
62272
62273
62274
62275
63122
62276
62277
62278
62279
22216
60527
28432
6249
4743
62270
62282
62283
17950
21257
62284
44875
62285
6542
20166
62286
62287
62288
62289
40677
20206
43428
54783
30471
29257
59959
62280
62281
62293
62294
51719
47215
56691
25028
61921
61406
30584
60712
50991
60552
31717
48023
62290
62291
62292
70007
37089
41986
23499
9153
53192
35867
28786
39787
7801
25408
19521
65468
23463
43513
33674
50653
71756
69038
71757
71754
71755
71752
14002
71753
71750
71751
71630
10606
71749
71748
