68356
71523
71521
71522
18530
61321
71520
22997
31872
56496
35673
45231
47890
8526
52616
71518
71519
1615
29260
71516
71517
39465
27536
59014
60518
43604
59931
60123
11237
21487
63000
63001
63002
37431
63003
71387
63004
63005
63006
63007
63008
63009
51383
52750
47353
53207
38528
45600
47746
63010
63011
63012
22629
31718
48831
63013
63014
63015
62202
63016
63017
63018
31324
54784
52646
50105
19026
49756
40022
49478
44107
8173
59284
52135
54311
15468
6548
66130
44456
66661
6201
52660
32476
23495
60563
53634
64082
7806
36714
52945
71503
71504
71501
71502
39377
62995
28754
62479
62996
62997
62998
62999
44846
33678
27383
30443
26330
12610
43069
71514
21731
71515
71512
17478
71513
71510
71511
66961
28008
46738
71509
71507
71508
71505
15734
71506
