63063
64670
63064
63065
64672
14293
19226
63066
64671
63067
64674
63068
64673
63069
5785
31591
45914
51526
29261
63060
63061
34746
63062
39065
63074
24824
63075
63076
38895
1231
27654
24422
54085
28583
11913
34973
31185
56025
51255
53399
59017
33807
9505
17699
57516
63070
63071
63072
63073
47876
45452
47477
34283
36065
8790
20834
44769
15409
22173
58731
11564
15404
31719
34155
34276
52002
29091
31325
31724
50867
15740
62573
8174
43415
47619
13961
16313
49349
14662
6202
64649
53470
64648
2994
54841
64650
6212
64652
64651
64654
63048
64653
63049
64656
64655
64658
64657
64659
28758
28912
33435
2645
213
54974
54458
59070
63052
63053
63054
64661
63055
64660
63056
64663
63057
64662
63058
64665
46850
63059
64664
64667
64666
64669
64668
60105
35962
34630
45085
45088
15736
16308
32736
63050
63051
