63184
63185
63186
63187
63188
63189
70675
31072
20616
56770
54353
59404
60599
52730
29784
12279
38546
63180
63181
63182
18813
63183
63195
8784
63196
6881
63197
24826
63198
63199
75339
75338
75337
75336
75335
24662
75334
34052
57353
11239
32157
9506
63190
4459
63191
63192
63193
12963
63194
14393
21488
37033
14035
46544
64453
66514
20835
68813
75343
75342
75341
75340
22175
10198
56835
61063
2329
69512
73979
23839
59674
41247
56044
60817
49884
60265
29092
48276
16902
6274
17764
70470
35072
75241
49598
50633
46755
44212
45663
70085
57276
62502
71450
61805
55930
54048
55258
63200
63201
72553
37355
63202
63203
63204
63205
63206
63207
63208
63209
26331
63173
48879
63174
40591
63175
63176
41323
63177
63210
63178
63211
63179
71991
23994
34193
34514
37749
10285
63172
