18499
66336
62771
7962
45912
30262
50557
41780
46038
4068
39467
54240
67718
32158
60367
53794
15557
44491
12965
65250
70216
49811
75745
67325
25201
20836
66756
28434
17700
42979
64503
40679
57250
78296
540
61905
29094
63261
44345
63262
63263
71446
7001
8177
63264
63265
63266
63267
63300
63268
63301
63269
67747
78242
1376
53860
38503
70748
63272
63273
63274
63275
63276
63277
61771
63278
63279
27215
15916
78994
32477
34412
78597
28664
53635
37006
54447
68286
63270
63271
63283
63284
63285
63286
38287
63287
19088
63288
63289
11240
61943
52797
46062
63280
63281
63282
21732
63294
63295
21972
63296
63297
45365
63298
63299
68349
33384
62401
74344
64303
75397
26503
55033
59919
77968
63290
63291
34912
63292
63293
