43058
44022
29549
35430
60754
60990
19229
43685
75618
59091
75617
75616
75615
75614
75613
9511
75612
5433
75611
50280
63518
60642
47123
38898
33803
69694
31625
47480
14397
63520
66114
7467
63521
63522
75621
63523
75620
63524
58210
63525
72352
63526
63527
63528
63529
56676
63519
52477
51024
17703
37433
42060
75619
14040
63530
47223
63531
63532
63533
41524
62962
63534
23674
63535
63536
63537
63538
63539
30233
10645
54666
59038
19738
39844
37095
70599
37252
48789
63540
63541
5102
63542
48422
63543
63544
63545
63546
63547
44108
63548
14777
59170
68604
7808
39949
53595
32596
36795
53636
66021
70638
9600
60209
31773
54692
67083
11640
57329
36822
46063
16383
9853
29736
23996
21734
23238
33546
1324
62917
53815
34515
