41153
8534
8493
59084
20216
63869
72050
59763
52298
31876
34627
72867
72868
72865
72866
63870
72863
6882
8788
21034
63871
72864
47124
62662
63872
72861
63873
72862
63874
63875
72860
63876
63877
63878
63879
47082
55457
54801
59819
69293
33805
71407
63880
63881
45694
63882
63883
63884
63885
63886
63887
63888
63889
35534
51385
9913
52513
69581
51702
15802
20840
63890
63891
63892
16068
66768
23676
63658
33180
56447
57932
545
13631
54667
48153
71569
69404
60949
62849
35872
42281
51964
53348
57309
71972
46751
25036
2999
61408
60842
26001
58368
49982
53638
65690
71103
11241
47553
65469
58012
43877
17750
13033
46696
62005
44956
58789
27671
53255
70939
33549
55838
