8496
4850
62257
73784
71363
59520
74233
32161
76260
76261
26714
76262
76263
50396
3478
26673
20171
16911
32602
61450
12285
34055
72222
76255
55458
76256
76257
76258
76259
54408
68774
49812
1240
74130
37958
61229
15408
58336
45451
42063
66642
69239
41248
75355
72088
54263
48277
44471
31722
29096
64351
64353
64352
64355
74558
64354
64357
64356
65445
18292
64359
64358
32885
27683
64362
17773
64361
47205
64364
64363
7895
64366
12363
64365
64368
64367
64369
26887
8185
56586
26002
966
14301
64360
72539
64373
70534
64372
64375
4153
64374
64377
64376
64379
64378
73763
294
60726
30202
33434
53087
60699
57684
26176
60971
7813
64371
64370
64383
18041
57732
62518
55035
54462
25890
5522
9605
54746
64380
64382
64381
