69567
69566
69565
69564
20175
69569
69568
27803
60903
62933
52613
46163
53820
69563
59529
69562
69561
35318
69560
9199
47888
66100
69575
30093
62303
57355
69570
56548
69574
69573
69572
69571
6892
65301
65300
65303
65302
65305
65304
65307
65306
65309
65308
57129
29120
14676
45296
65310
61351
65312
4760
65311
65314
65313
66126
64623
65316
65315
65318
65317
65319
62718
22184
36575
17710
52407
51318
65321
65320
65323
65322
65325
65324
65327
65326
33172
65329
43817
65328
27043
60831
51601
46910
64120
65330
47967
65299
65332
58081
65298
65331
8501
59572
7492
68729
53474
64919
28148
53597
18508
50646
38042
45379
50806
65189
46744
38288
46861
22653
56232
15447
218
55306
4425
20192
11920
37638
69556
50935
69555
69554
43501
69553
69559
69558
44277
69557
59077
26347
24204
40119
60069
57214
54626
62081
35967
39925
