60070
69721
64278
65367
65366
65369
16078
64950
65368
60628
47418
76266
61289
52337
69321
65374
65373
65376
65375
65378
65377
75338
15155
65379
59377
20900
56027
31189
60127
10309
55059
16402
54888
65370
65372
65371
25848
65385
65384
73846
65387
70459
65386
65389
65388
60772
76207
65381
4867
65380
65383
11567
65382
74308
4483
67738
65317
70186
56282
60147
3389
75984
65390
17711
39673
43012
63149
77271
77272
77273
77274
77275
77276
77277
77278
76467
61003
16316
76108
10213
4406
33856
48776
43486
46993
72141
24061
55099
55495
49224
73768
72312
8193
65628
41977
53763
54699
27024
53366
36942
11246
32745
39361
46334
66722
37222
68106
29614
57215
54463
76635
60582
