65124
5147
64675
31193
62656
23687
53261
8800
9218
15422
15790
71416
17214
46796
49822
46313
47004
41788
52069
54367
14742
44371
61293
32316
71426
71427
71424
19963
71425
71422
71423
36342
71420
71421
30083
43678
55461
50178
71419
31611
71417
6925
52912
71418
66123
4085
66124
14683
66127
44198
66128
66125
71431
66126
70344
71430
62721
66129
23274
48036
71428
71429
66134
66135
66132
66133
48028
66138
30739
47974
66139
37013
66136
66137
62214
29744
51961
61120
66130
66131
38903
66145
66146
66143
66144
49985
39785
26008
66141
66142
33569
66140
49738
41053
47677
67248
41617
64809
30329
65060
5118
2649
33437
51904
69558
71198
23477
43509
40877
55398
222
12626
55792
26188
44030
56409
11253
35849
1967
