20852
66178
66179
50949
66176
66177
23728
49316
74514
75723
75722
75721
75720
43977
28298
74193
55683
59407
57068
66171
66174
66175
66172
75719
60071
66173
75718
66189
3091
66187
47129
66188
47488
75699
75698
75697
75696
75695
75694
16081
54246
66181
15831
46155
66182
20181
66180
66185
66186
66183
66184
19048
64691
66198
72995
61981
74012
30123
54013
58733
53327
66192
66193
66190
16973
66191
48163
66196
66197
66194
66195
5176
26707
48558
14684
65712
28966
62205
51392
10648
32890
51278
52123
36459
38980
48301
26512
58236
74724
16321
33163
56460
74684
6282
40899
54564
7888
10982
40241
75706
75705
12293
75704
75703
75702
75701
75700
2650
29602
60848
38728
11926
35456
53404
63280
65581
67361
75717
16384
75716
75715
75714
75713
75712
75711
75710
44717
29970
2413
28764
11254
50663
6217
52848
75709
75708
75707
