42366
27806
39475
64438
67708
43735
53262
56772
60112
8802
4846
33811
66222
66223
40051
66226
66227
66224
66225
42639
66228
66229
49948
76130
52186
76131
76132
55056
76133
31466
76134
28343
58688
47364
52624
20182
15835
52903
64280
66233
66234
19964
66231
66232
66237
70453
64211
66238
66235
9523
66236
66995
66239
28153
55462
51025
36621
66230
11326
51428
66244
66245
27519
57091
66242
66243
49888
66248
66249
66246
66247
72485
42617
57253
29931
32892
52248
52649
65150
66240
66241
68796
21982
34662
52772
68151
64881
63033
44056
55490
56341
59294
30453
23252
30330
51972
18229
75926
70898
44960
71462
53360
21327
38729
76124
76125
76126
22010
76127
76128
76129
61670
18288
56126
29297
34751
55279
52207
