23847
65488
44266
22198
40987
22190
53263
16635
55969
62260
61452
3011
65659
55212
54363
55579
56702
13342
7185
31731
31331
10237
18762
44115
68148
68147
68146
68145
62044
65432
43420
68149
7192
65713
63418
30595
60149
55876
32893
44590
47340
68144
68143
66255
68159
66256
68158
66253
68157
66254
68156
64751
66259
62299
66257
39675
66258
25424
33170
48705
61639
30741
32488
52251
52377
59203
29103
35079
68151
68150
52413
49231
66251
68155
66252
68154
68153
66250
68152
53907
66266
66267
66264
44853
66265
4781
16322
66268
66269
14704
30213
53477
29752
68162
68161
68160
65051
66262
66263
66260
66261
64252
17982
66275
66276
19000
66270
49298
21280
66273
66274
66271
66272
41682
64384
24848
45524
67376
35326
5808
27037
36256
37225
7824
39926
62082
