45754
66299
42884
66297
66298
40983
64439
55684
56892
78325
78327
59248
78326
66291
66292
54118
66290
66295
66296
13765
66293
66294
65657
74003
65418
55210
51930
9867
17974
70731
9524
18230
36343
55100
78103
32661
63895
42699
44910
78216
69075
17717
55877
48394
39849
63781
71686
44628
57660
25425
554
32484
76622
53743
77839
61491
66300
68048
75419
74603
66301
73599
66302
65614
58083
61659
3849
35744
56587
60681
2092
66277
66278
44447
12294
21044
66279
43233
24434
75542
55144
53884
56474
51862
11365
5119
51626
66288
66289
48515
66286
66287
45089
66447
24841
32171
72681
5809
55038
66280
66281
6218
31920
66284
66285
66282
12985
66283
