6472
6593
6471
6592
6474
6595
6473
6594
6476
6597
6475
6596
7564
6478
6599
6477
6598
33095
6470
6591
44308
6590
24492
2787
6469
6468
6589
6483
6482
6485
6484
6487
6486
17
6489
6488
6481
6480
6479
3888
6494
6493
6496
6495
6377
6498
6376
6497
6379
6378
6499
6490
6492
6491
379
6384
19335
6383
6386
6385
6388
6387
6389
3551
6380
6382
6381
45968
51796
69870
32657
53616
6395
6394
6397
6396
6399
6398
35594
6391
6390
6393
6392
1396
42314
2480
43769
57556
4536
35904
6610
1043
55142
78143
78142
6609
78145
6608
78144
78147
78146
78149
78148
53520
6601
5996
6600
6603
6602
6605
6604
71618
6607
68450
6606
41201
6500
6621
6620
41566
6619
78018
6612
6611
6614
16149
6613
6616
6615
11015
6618
6617
6630
6511
6632
6510
6631
2150
6509
6502
6623
6501
6622
6504
6625
6503
6624
6506
6627
6505
6626
6508
6629
6507
6628
6520
6641
6640
6401
6522
6643
4223
6400
6521
6642
34459
78036
6513
6634
6512
6633
6515
6636
50600
6514
6635
6517
6638
6516
6637
1747
6519
6518
6639
6650
68256
6410
6531
6652
6530
6651
37155
6412
6533
6654
6411
6532
6653
48849
6403
6524
6645
6402
6523
6644
6405
6526
6647
6404
6525
6646
6407
6528
6649
6406
6527
6648
6409
6408
6529
6540
6661
6660
6421
6542
6663
6420
6541
6662
6423
6544
6665
6422
6543
6664
6414
6535
6656
6413
6534
6655
6416
6537
6658
6415
6536
6657
6418
6539
6417
6538
6659
6419
6670
6430
6551
6672
6550
6671
6432
6553
6674
6431
6552
6673
6434
6555
6676
72652
6433
6554
6675
77676
6425
6546
6667
6424
6545
6666
6427
6548
6669
6426
6547
6668
6429
6428
6549
5591
6560
6681
6680
6441
6562
6683
6440
6561
6682
6443
6564
6685
6442
6563
6684
6445
6566
6687
6444
6565
6686
2087
4938
6436
6557
6678
6435
6556
6677
6438
6559
6437
6558
6679
6439
51979
6450
6571
3180
6570
6452
6573
6451
6572
23749
6454
6575
64498
6453
6574
6456
6577
5246
6455
6576
695
77334
6447
6568
6689
6446
6567
6688
6449
6448
6569
6461
6582
6460
6581
6463
6584
6462
6583
6465
6586
6464
6585
6467
6588
64940
6466
6587
6580
76110
6458
6579
6457
6578
6459
