27808
56254
54514
64270
59925
9870
66501
66502
48213
71134
66500
66503
55332
60646
53032
76656
40170
53714
17977
18753
66479
37551
54092
42985
33358
47070
63917
60377
77656
77657
15522
19965
44357
66486
71316
66487
17279
23319
62042
66484
66485
12384
66488
66489
3395
42618
65958
77480
65829
32895
14687
38757
66482
66483
66480
66481
66497
66498
66495
45832
66496
66499
38620
29745
63304
21502
45715
50072
61128
64907
29985
51682
25662
49631
66490
66493
66494
66491
66492
27973
72142
33684
55898
24066
50640
48888
63441
42264
46464
26730
10679
52310
76645
36945
68108
48511
47026
64548
24842
46618
41604
31641
76593
2651
35321
63050
