48745
66338
352
78963
61041
49273
66585
66586
66583
66584
14463
66589
46156
66587
66588
57116
50283
17978
52104
21270
66581
66582
72617
66594
18231
37553
74895
59781
62715
27224
20272
19845
66592
37834
66593
66590
19967
66591
2342
1373
63655
3396
60659
60823
61748
56842
4919
16622
59280
49117
71286
72013
47739
21503
42327
79056
53066
79058
79057
79059
556
4769
22846
49226
33164
2120
64804
78232
28301
40929
6677
77825
15910
39254
68454
45013
46465
64413
62515
41736
22898
60329
56995
52154
62904
45090
28070
38688
77735
39362
75678
62400
79060
55399
27030
34753
58542
7826
