39593
66970
66971
66974
66975
66972
66973
66978
66979
66976
19064
66977
42647
75161
59488
60113
22472
54113
31879
39479
6901
19747
66981
69974
66980
6641
72226
69612
52341
49935
41256
36584
74655
67963
74498
30084
73040
59148
54014
18759
76605
68544
23552
41920
62688
42459
61911
33981
9529
51435
48703
75647
4771
29106
76460
4488
39677
3832
48141
70989
31039
52817
6564
66027
35220
32072
70242
72143
71172
35746
32750
43918
77700
77701
77702
77703
6971
9280
19240
66958
66959
60338
58779
77696
77697
28357
77698
77699
16413
57846
65185
33559
66960
6223
63331
66963
66964
66961
66962
66967
66968
66965
66966
66969
54464
33304
31642
3500
12987
33943
3747
