68999
70156
70155
47135
70157
70152
70151
62413
70154
70153
61845
70150
27241
8808
27521
57868
14342
48215
38411
27810
64722
23850
36077
20868
55174
55575
36355
37446
6239
45459
40601
55583
25683
56037
50575
55747
48560
48282
69753
5451
19970
36695
65835
60702
10927
50343
54026
55636
16626
67100
64597
43419
63305
4091
63308
44868
26194
2348
38907
52414
58638
67078
67079
7499
65333
35980
40777
68969
53073
56346
28302
33165
67072
67073
67076
46074
67077
67074
67075
44962
70138
70137
67089
70139
64652
70134
70133
70136
70135
70130
70132
70131
22656
56239
67080
27661
8505
60452
67083
67084
67081
67082
67087
67088
67085
67086
70149
70148
19018
70145
70144
70147
70146
57053
70141
58780
59990
70140
70143
70142
23479
43504
3749
55310
67090
67091
67094
67095
67092
67093
67098
68221
56406
67099
67096
67097
