77907
63583
72974
67944
8808
34467
27521
73954
48215
27810
64722
23850
40731
68928
55575
37446
45459
70612
68018
62399
40601
44406
79035
20271
50575
48560
48282
74926
5451
69999
43023
19970
36695
60702
10927
50343
77648
4516
16626
14094
63142
67100
75524
43419
63305
4091
78120
1018
26194
2348
38907
35916
58638
67078
67079
38573
39025
65333
23775
28661
28302
33165
67072
67073
67076
28382
67077
65295
67074
67075
44962
67089
64652
77179
67080
2762
8505
60452
67083
67084
67081
76405
60691
67082
67087
67088
67085
67086
57053
58780
59990
27710
23479
72282
3749
55310
67090
67091
37983
67094
67095
67092
67093
67098
67099
69793
67096
67097
