67267
67268
67265
73669
67266
67269
67028
3485
74234
23689
61838
1335
76700
67260
76701
47131
76702
76703
67263
67264
67261
67262
26849
64043
63873
62429
37727
55211
29798
67270
20183
48970
51532
67271
10662
4856
61051
67272
62030
27228
38084
40602
39619
13345
36587
53329
47989
18760
71157
31040
73177
11339
76555
65151
73624
7248
37014
64116
59445
52411
43491
50754
30742
71453
62984
28303
65615
65978
44856
61779
33442
33685
76697
76698
25430
76699
15757
67245
67246
67243
67244
67249
74854
16134
67247
67248
19241
60339
35854
23062
24272
33719
56878
67256
75938
67257
67254
42533
67255
5530
41684
67258
67259
71476
36097
28805
28769
30794
54585
25495
27034
8879
67252
67253
67250
67251
