6906
32445
6905
32446
2788
6908
32443
6907
32444
2544
32441
6909
32442
32440
6900
6902
32449
6901
6904
32447
6903
32448
22525
1470
4617
6917
32434
6916
32435
6919
32432
6918
32433
32430
32431
6911
6910
6913
32438
6912
30016
32439
3889
6915
32436
6914
32437
21646
6807
6928
32423
6806
6927
32424
1116
6809
6808
6929
32540
32541
6920
6801
6922
32429
6800
6921
6803
6924
32427
6802
6923
32428
6805
6926
32425
6804
6925
32426
6940
3552
6818
6939
32533
6817
6938
32534
32531
6819
32532
32530
6810
6931
6930
6812
6933
32539
6811
6932
6814
6935
32537
6813
6934
32538
6816
6937
32535
6815
6936
32536
6830
6951
23928
6950
6708
6829
32522
6707
6828
6949
32523
32520
6709
32521
2223
6700
6821
6942
6820
6941
6702
6823
6944
32528
6701
6822
6943
32529
6704
6825
6946
32526
6703
6824
6945
32527
6706
6827
6948
32524
6705
6826
6947
32525
6960
6720
6841
6962
6840
6961
2481
6719
32511
6718
6839
32512
32510
6711
6832
6953
32519
6710
6831
6952
6713
6834
6955
32517
6712
6833
6954
32518
6715
6836
6957
32515
4537
6714
6835
6956
32516
6717
6838
6959
32513
6716
6837
6958
32514
6850
6971
6970
6731
6852
6973
6730
6851
6972
1044
16490
32500
6729
32501
1397
6722
6843
6964
32508
6721
6842
6963
32509
5997
6724
6845
6966
32506
6723
6844
6965
32507
6726
6847
6968
32504
6725
6846
6967
32505
6728
6849
32502
6727
6848
6969
32503
6980
6740
6861
6982
6860
6981
6742
6863
6984
6741
6862
6983
6733
6854
6975
6732
6853
6974
6735
6856
6977
6734
6855
6976
6737
6858
6979
6736
6857
6978
6739
6738
6859
6870
6991
6990
6751
6872
6993
6750
6871
6992
6753
6874
6995
6752
6873
6994
2151
11109
6744
6865
6986
6743
6864
6985
6746
6867
6988
6745
6866
6987
6748
6869
6747
6868
6989
6749
6760
6881
6880
6762
6883
6761
6882
6764
6885
6763
6884
6755
6876
6997
6754
6875
6996
6757
6878
6999
6756
6877
6998
6759
6758
6879
6890
6771
6892
6770
6891
6773
6894
6772
6893
6775
6896
6774
6895
27901
770
4224
6766
6887
6765
6886
6768
6889
13860
6767
6888
6769
6780
6782
6781
6784
6783
6786
6785
32492
32493
32490
32491
32498
32499
32496
32497
32494
32495
5324
6777
6898
6776
6897
6779
6778
6899
6791
6790
6793
6792
6795
6794
6797
6796
32481
32482
32480
32489
32487
32488
32485
32486
32483
32484
6788
6787
6789
5592
32470
32471
32478
32479
32476
32477
32474
32475
32472
32473
6799
6798
3181
6450
6692
22778
6691
6694
6693
6696
7664
6695
6698
6697
32460
18393
6690
32467
32468
32465
696
32466
32463
32464
32461
32462
10435
32469
25934
11779
32456
32457
32454
30399
32455
32452
32453
32450
14929
32451
5247
6699
32458
32459
17600
18
26419
6376
25327
380
7000
7002
7001
7004
7003
7006
7005
7010
23130
7008
7007
7009
13543
6077
1748
27468
16220
7079
10806
9029
2861
9399
4939
28518
31935
