43334
66059
62410
64312
10931
52572
16916
24012
37334
54516
33818
33815
66174
36800
62781
16640
45224
34296
67719
1983
57356
49541
68122
66340
68533
68532
67722
68537
67723
68536
16332
43155
67720
68535
42067
67721
68534
67726
67727
67724
68539
67725
68538
46309
67728
54094
67729
42619
36907
56552
53200
27981
15765
54933
68544
67730
68543
68542
68541
67733
68548
67734
68547
67731
68546
18761
67732
68545
67737
67738
67735
67736
68549
67739
53330
55878
12303
65392
68540
14326
28160
67740
67741
67744
46247
67745
67742
66533
67743
1264
67746
24214
67747
65968
60307
56850
66094
68551
51206
68550
21512
21754
64482
49745
67513
44451
4421
64884
23017
61415
50643
50802
32910
17464
64254
64654
58414
35975
34640
24849
48357
19497
63214
28926
35328
2657
55039
54466
