43334
66059
49313
62410
41711
69607
70032
10931
16916
33815
66174
44380
57191
44891
45224
67719
72460
22006
57356
36476
49541
48571
64451
72239
72514
67722
67723
16332
67720
69987
42067
48444
67721
67726
61620
67727
67724
67725
46309
67728
54094
67729
10636
42619
36907
56552
53200
27981
39615
67730
67733
67734
67731
18761
67732
24883
67737
67738
67735
67736
45845
67739
53330
1643
55878
12303
65392
14326
67740
67741
46488
67744
67745
67742
67743
1264
67746
24214
67747
65968
26879
60307
66094
10974
8860
21754
74727
67631
74726
72428
46633
74725
74724
14386
49745
67513
74723
44451
64365
63674
32635
45776
74735
74734
74733
64654
74732
74731
74730
18030
56356
74729
74728
48357
19497
73137
63214
2657
36816
58428
55039
