68519
58153
68518
68517
34063
68516
40988
2668
59888
60238
34984
57981
56135
13008
56813
57903
68522
68521
70049
68520
23859
68526
4100
68525
68524
70048
68523
26687
68529
68528
68527
30090
10942
31342
19756
3407
68531
68530
70057
64695
70056
43672
70059
69228
70058
70053
70052
70055
70054
52191
70051
70050
50172
32022
8825
54932
9879
37836
42178
69752
13352
47742
51709
39687
40430
57130
58463
70060
7193
70062
70061
49082
54025
52525
47341
51713
64118
23489
58239
58359
28775
61918
3037
58357
8223
40251
7496
32909
4420
15077
21759
33048
34532
30339
60561
36799
61540
20635
29567
56235
53645
56999
35979
66682
19017
63177
45926
55794
9208
34758
