68599
68598
71889
68597
68596
40348
34064
61567
40989
34866
10937
12310
68591
68590
11585
70829
68595
68594
68593
68592
71899
71897
71898
71895
71896
7215
71893
71894
71891
71892
68407
71890
47805
54364
1985
50046
60243
65301
39695
29129
65307
25049
26017
24238
55220
34168
11961
31613
25858
70104
39201
28600
40439
36699
19976
65393
43498
47977
62451
70235
28776
62579
46926
33059
56454
66097
55926
38052
30607
41067
41342
62586
24222
71691
1271
45309
35985
29753
45384
64084
68577
68576
42268
68575
17984
68574
67129
68579
68578
40128
41699
63966
58415
56633
32341
56637
61261
8508
68588
67015
68587
68586
68585
66686
68589
27831
58782
45529
34876
53774
61708
68580
68584
68583
68582
68581
