68874
68873
68872
46326
68871
68878
39079
68877
68876
64554
68875
58274
68879
45758
58433
24892
12312
53149
38548
68870
68883
68882
20462
39222
68803
75453
41427
59130
55973
55213
61212
15830
42074
52622
68881
6912
68880
43157
13064
38520
66598
63367
71784
22455
22852
15081
5831
14399
70724
15768
37140
71154
7194
10647
54302
27991
3025
72658
66099
64753
28778
34781
46808
35750
49234
12353
11942
37934
48381
40131
49749
49866
1273
59695
61927
53357
53479
30336
33847
68574
62594
12693
75667
75666
75665
75664
75663
75662
70010
75661
55262
54212
67084
68863
68862
68861
28928
68860
68867
47149
68866
68865
68864
68869
68868
6619
50543
37863
10288
73408
