17201
62378
29309
42404
63627
23327
60239
69163
69162
69161
51006
69160
5935
19506
69164
67399
23857
72106
68244
9193
66626
23695
59099
25511
59252
63759
30373
16923
29271
39296
74536
68655
63646
24910
76440
60491
37262
74667
64467
38190
48391
77088
33984
27992
5205
50468
77926
77927
68310
65564
71684
72091
54675
56851
48146
69138
69137
43088
11273
69139
18062
23893
65856
43921
66705
59616
56189
27694
2079
47288
33726
76619
69149
69148
69147
69146
65224
8510
77054
35976
53646
69141
66391
69140
37875
48364
69145
69144
69143
69142
69159
5131
69158
69157
43187
41721
43986
51072
31241
69152
66281
69151
989
69150
67010
69156
69155
69154
69153
