18773
67300
6231
43336
29943
57067
61843
2702
59528
53662
914
7839
14337
9598
74129
20461
66466
23696
9196
16926
58169
52342
57752
71423
19046
62795
33071
70290
46386
69358
65395
69357
5175
69356
69355
65278
69359
35884
53335
69070
33584
45680
68540
69354
68143
13359
69369
69368
69367
9541
69366
75400
67504
50190
54156
37937
54430
32641
11945
69361
69360
66372
69365
69364
69363
69362
75539
71335
16684
67874
65857
22203
58248
69370
50404
65173
50803
41058
67800
72554
75544
56075
75543
25886
62116
75542
75541
42787
58095
75540
43758
59503
45096
34529
17471
73894
61956
27397
54862
60980
32615
66040
