69600
71404
69604
62254
69603
68117
69602
69601
69608
69607
69606
25863
69605
75561
69609
51120
35798
77637
915
3878
4209
68885
69611
69610
70569
69615
68767
69614
69613
69337
69612
40733
69618
69617
73793
62304
69616
78790
31742
70714
65661
8952
66873
9886
25444
63924
3538
37837
13989
52195
12774
19608
67333
69599
73459
27995
3030
32093
25218
30751
53692
79149
64595
43892
70631
62971
54678
37019
49195
67353
66820
9679
69019
35188
59573
75653
20429
29756
51450
51331
30215
12643
32755
10742
50647
9201
22417
15564
2130
22654
52952
71873
62001
54184
54342
31122
65190
32616
36654
71628
