41273
70277
7201
70276
70279
69689
70278
70273
65403
70272
69969
70275
27402
70274
72693
36086
73780
70271
70270
57982
25463
71917
11621
14343
42076
59498
65779
40609
27254
37841
16369
61297
73309
9920
69108
47752
68417
9242
39690
20435
52076
10594
42181
51147
12651
60493
8828
3419
22866
40150
43424
10249
32498
34435
5843
14724
30479
60382
48032
58869
65683
42285
70752
64598
62213
59962
29588
11949
7518
8848
73759
73758
15113
70002
70488
1303
57317
69099
22657
46746
73769
73768
73767
73766
4793
73765
73764
16650
45773
73763
73762
59341
73761
73760
2372
42706
67081
13668
70269
43346
66286
73779
73778
70266
73777
70265
73776
70268
73775
70267
73774
70262
73773
73772
70264
73771
70263
73770
63729
26860
