16197
2789
10411
3890
22766
14908
1100
2205
4987
22505
12821
20538
3553
23919
2482
21636
21878
4538
1398
5998
1045
17358
25628
25749
25627
25748
25629
21143
25620
25741
25740
25622
25743
2152
25621
25742
25624
25745
25623
25744
25626
25747
25625
25746
15948
13526
25639
25638
25759
25631
25752
25630
25751
25633
25754
25632
25753
25635
25756
25634
25755
25637
25758
25636
25757
25750
5303
25606
25727
25605
25726
25608
25729
25607
25728
4595
25609
25600
25721
25720
25602
25723
25601
25722
25604
25725
25603
25724
4225
25617
25738
25616
25737
25619
25618
25739
25730
25611
25732
25610
25731
25613
25734
25612
25733
25615
25736
25614
25735
25705
25704
25707
25706
25709
25708
25701
25700
25703
25702
432
6428
25716
25715
5593
25718
25717
25719
25710
25712
25711
25714
25713
11437
7645
4275
7301
7300
7303
7302
17060
6690
3182
697
11760
7310
7312
7311
7305
5248
7304
7307
7306
7309
7308
7200
7202
7201
7204
7203
25587
25586
25589
25588
25581
25580
25583
25582
25585
25584
7211
7210
7213
7212
7215
7214
19
25598
25597
25599
25590
25592
25591
25594
25593
25596
25595
7206
7205
7208
7207
7209
7220
7222
7101
7221
7100
6377
7224
7103
7223
7102
7226
7105
7225
7104
25686
25565
25685
25564
25688
25567
25687
25566
25569
25689
25568
25680
25682
25561
25681
25560
25684
25563
25683
25562
7217
7216
7219
7218
7231
7110
7230
7233
7112
7232
7111
7235
7114
7234
7113
7237
7116
7236
7115
22066
25697
25576
25696
25575
25699
25578
25698
25577
381
25579
25691
25570
25690
25693
25572
25692
25571
25695
25574
25694
25573
7228
7107
7227
7106
7109
7229
7108
7242
7121
7241
7120
7244
7123
7243
7122
7246
7125
10051
7245
7124
7248
7127
7247
7126
25664
25663
25666
25665
25668
25547
25667
25546
7240
25307
25549
25669
25548
25660
25662
25661
7239
7118
12112
7238
7117
7119
7011
7253
7132
7252
7131
7013
7255
7134
7012
7254
7133
7015
7257
7136
7014
7256
7135
7017
7259
7138
7016
7258
7137
25675
25554
25674
25553
25677
25556
25676
25555
25679
25558
25678
25557
7251
7130
7250
25559
25671
25550
25670
25673
25552
24100
25672
25551
7129
7249
7128
7022
7264
7143
6053
7021
7263
7142
25649
7024
7266
7145
7023
7265
7144
7026
7268
7147
7025
7267
7146
7028
7149
7027
7269
7148
25642
25763
25641
25762
25644
25765
25643
25764
7260
25646
25767
25645
25766
7020
7262
7141
25648
25769
7261
7140
25647
25768
25640
25761
25760
7019
7018
7139
76
7033
7275
7154
7032
7274
7153
7035
7277
7156
7034
7276
7155
7037
7279
7158
7036
7278
7157
7039
7038
7159
25653
25652
24321
25655
25654
7271
7150
25657
7270
25656
7031
7273
7152
25659
7030
7272
7151
25658
25651
25650
7029
7044
7286
7165
16473
7043
7285
7164
18895
7046
7288
7167
7045
7287
7166
7048
7169
7047
7168
7289
7049
7280
7040
7282
7161
7281
7160
7042
7284
7163
7041
7283
7162
7055
7176
7297
7054
7175
7296
7057
7178
7299
7056
7177
7298
7059
7058
7179
7170
7291
7290
7051
7172
7293
7050
7171
7292
7053
7174
7295
7052
7173
7294
1749
7187
7066
7186
7065
7189
7068
7188
7067
7069
7181
7060
7180
7183
7062
7182
7061
7185
7064
7184
7063
15247
7198
7077
7197
7076
7079
7199
7078
7190
7192
7071
7191
7070
7194
7073
7193
7072
7196
7075
7195
7074
7088
7087
7089
7080
7082
7081
7084
7083
7086
7085
7099
7098
7091
7090
7093
7092
7095
7094
7097
7096
14146
4940
1450
