47811
64792
41278
70554
64957
76663
1333
76664
76665
76666
76667
76668
76669
14735
66293
59094
65012
69696
70444
59891
34174
56423
30130
60126
54642
25870
50045
60241
927
19517
22856
49418
14793
69504
38083
59944
54098
50176
35774
26893
70985
70984
70987
70986
70983
20680
70982
74781
33347
75073
55473
35003
46098
51836
28939
70992
63024
70991
70993
75247
70990
66937
76582
30344
54158
49994
67180
70989
68396
70988
43762
24867
23536
60835
50362
28783
51852
69491
42543
75669
70411
297
59868
576
50132
44040
36940
45764
51903
60984
35444
57179
53652
13675
32619
54108
47022
65195
