67541
5144
47138
16353
78040
62811
54990
15787
54910
42080
9994
13373
63599
57594
61457
43603
79000
2675
60880
53556
44130
55217
929
8310
48567
73324
39730
78220
31055
78625
77936
72923
38230
5972
9897
1370
55194
53973
4118
71948
23769
11381
9666
74397
61769
57820
15905
17808
60156
67461
68671
52659
9557
69777
68968
11954
53750
57037
78998
78997
78999
71107
71108
71105
71106
16653
71103
39376
71104
71101
31929
71102
24311
71100
32500
35337
577
54850
60690
71118
71119
62086
71116
62362
63055
71117
62121
66600
71114
71115
71112
47389
71113
71110
71111
21855
44319
51076
31802
70416
10600
32337
71109
