16110
65367
70672
62654
36085
26030
1612
60910
14737
29423
60075
31756
70308
18542
67155
67793
68249
61575
63875
56142
64602
52620
38417
59789
930
59667
69188
52916
7512
73178
73179
36176
73176
73177
73174
73175
41802
73172
45605
73173
73170
73171
29773
47981
46252
68023
4119
30478
39208
52526
21068
71169
62056
19784
71167
71168
71165
73189
71166
71163
73187
270
71164
73188
46925
73185
73186
72094
73183
73184
59207
73181
65719
73182
73180
32926
4801
15108
14019
72669
71178
47565
71179
71176
71177
71174
62623
71175
71172
71173
71170
71171
27054
59339
73192
34535
73190
73191
57838
46867
68730
8232
1285
3067
56196
26215
71181
32501
71180
28599
39933
33955
67498
37463
61676
31487
10601
53772
37345
13035
49041
