73425
75202
65889
62019
31476
74072
56410
1616
10256
50956
31635
65774
75614
3770
37564
63357
75455
73030
13418
44372
46392
71547
48846
71548
71545
71546
71543
68657
71544
72875
71541
64697
71542
17261
14795
70848
36626
71558
63130
68301
71559
71556
71557
16103
71554
71555
71552
71553
71550
71551
2063
7907
51030
51790
34432
48794
69195
71549
62281
71567
71565
49876
71566
71563
68677
71564
63423
71561
68958
71562
68318
71560
50194
57783
50230
54312
15469
32649
76746
76747
76748
76749
34306
63035
70004
40139
40257
44976
50483
61096
66312
61541
58098
32182
9560
971
19809
14355
28806
39088
6586
71477
21297
63976
34072
582
76750
76751
53016
76752
76753
53932
58705
31889
