71646
62492
71647
71645
33372
41832
57060
76785
60475
38943
10257
25060
23339
37161
71657
71658
76808
71655
71656
71653
71654
71651
71652
71650
78316
49266
71648
71649
71668
71669
41097
65145
71666
71667
71664
71665
73600
71541
71662
71663
71660
71661
50293
56710
78466
78465
78468
52631
78467
48287
30248
71659
15097
77919
72766
24640
25693
77367
14446
11695
30511
8837
19027
21347
18851
69769
71321
71047
70195
4804
28010
76464
10334
61085
32766
55409
67236
54160
38739
11959
55535
59577
49184
56507
68614
18792
61783
2098
61423
63964
45934
77214
14356
76649
70526
22426
51906
19770
43188
64422
66962
65877
41567
47429
55796
77966
63290
70417
