72218
72219
72216
72217
9227
72214
72215
72212
72213
61328
34180
65918
25063
8529
18025
72229
74408
74407
42631
72227
74406
72228
74405
65895
72225
74404
72226
74403
72223
74402
12680
72224
74401
73312
72221
74400
70283
72222
72220
41549
55178
23292
44373
14746
59937
51778
70579
63123
72116
72234
68534
74412
19041
72232
74411
72233
74410
29767
41897
72230
72231
2686
60496
27061
74409
71039
53609
40156
66489
71036
28602
5170
36173
47507
68707
11979
24241
32770
16107
36612
9926
66377
38066
73347
70591
26876
55485
69002
70401
62221
67358
41348
52382
32352
52662
59336
50763
53916
43518
70890
12339
41172
66288
14361
20881
36373
51908
63337
3074
5885
55318
36930
37469
47141
57617
