72339
20212
72337
70953
72338
45233
72335
12030
72336
72333
72334
72331
72332
17282
72297
72330
71084
55320
31752
59802
77356
52970
7558
70703
48978
72346
38531
72344
68248
72345
72342
72343
67317
72340
72341
61579
32798
5548
30932
44880
38642
26379
45859
56714
20444
18005
65553
72124
23279
33061
68708
309
12667
5861
69920
65449
76181
68718
58758
63818
51561
14819
50232
54437
67477
71693
59178
66828
21999
61015
50884
23868
43752
70892
9962
22257
47838
3061
77850
77851
77852
27540
77853
77854
32629
77855
77856
19777
65595
37342
68865
27832
68628
61438
77043
41719
28361
16948
23074
24286
31484
70937
10685
