72579
72577
72578
6599
72575
72576
27249
72573
58791
72574
34185
72571
72572
2393
72570
57063
59126
70049
20221
36472
49426
66743
72584
69739
43607
72582
72583
72580
72581
25232
60882
39864
37568
60529
49095
1633
51144
11609
55587
51422
62270
69065
70347
73339
68266
73338
73337
73336
73335
11295
73334
73333
43827
23712
29775
60784
55477
53977
16108
14372
40146
44462
62696
3442
35991
73344
73343
61885
73342
73341
63669
73340
47979
52256
51963
50355
55889
44460
46083
42279
72425
49503
19275
66664
14022
24465
71694
71571
42711
41901
39381
5863
48498
57836
23506
65345
60459
26694
67080
12331
50655
17233
72568
72569
72566
65597
72567
72565
49167
69310
71748
