12671
42089
45113
71487
42802
73024
59000
57187
73022
24258
63503
73023
73020
73021
20458
13407
29148
31353
72068
9591
46318
53275
23295
8536
15123
55982
55985
53723
56955
72903
74826
74825
22868
46259
74824
69234
74823
74822
74821
48158
74820
28328
26700
24247
73210
52084
60420
30119
11972
27073
19544
4130
49358
72256
74159
74830
62697
65722
72370
6949
56298
41908
42282
45550
47692
60791
54315
70109
74829
74828
74827
66385
14387
68446
74046
20666
62859
26364
11312
58091
41174
73009
70134
36266
56513
32345
70529
69021
5890
68069
73019
70266
73017
73018
73015
73016
73013
73014
73011
73012
73010
5490
10964
31365
16667
64260
