72978
73149
72017
69921
73147
73148
73145
26873
64831
73146
57386
63426
73144
57062
36008
35874
55601
77752
24694
55643
70904
12672
36369
38305
14018
34090
45544
20220
65534
9237
9633
25235
73156
64963
73157
74289
25512
29954
73154
73155
73152
73351
73153
73150
73151
77461
32951
31786
58604
60843
77940
46394
37965
57759
11678
42191
66233
62471
38562
71389
14750
6258
62355
73521
68818
75065
76320
53921
38644
2728
51229
64052
77938
19329
77939
75517
63970
65752
68867
11010
17231
67610
43903
64867
65517
2019
11616
58664
58102
76359
46177
5206
48155
63091
42090
4879
