16110
70672
41558
26557
36085
29423
635
68078
2429
31756
18542
66862
68249
3496
72101
56142
64602
71252
26726
52620
53839
26897
62318
55187
26253
76966
52916
7512
73178
73179
36176
47906
73176
73177
73174
73175
73172
45605
73173
73170
73171
56964
12709
29773
47981
46252
68023
30478
23889
73349
62056
73106
19784
65203
72499
71165
73189
73187
270
73188
73185
73186
72094
73183
73184
73181
73182
73180
32926
15108
14019
69259
72669
68565
71977
62623
59339
73192
73190
39709
73191
57838
75806
46867
62232
64136
3067
56196
42303
57282
77210
10671
67498
37463
27436
73410
76193
29453
31487
77202
77203
24683
77204
77205
37345
77206
77207
13035
77208
77209
49041
