74638
24653
74594
21548
51082
52858
73817
39100
14066
62421
31062
62945
74240
77220
30933
53559
38535
39629
48568
66634
67206
45697
64610
70334
62674
75103
65703
73562
62954
27102
59302
54256
69510
73579
73578
35760
24489
33985
35009
27871
60387
68660
71449
44067
73589
73588
73587
73586
73585
73584
65207
73583
73582
73581
73580
55123
77950
77951
77952
53740
77953
77954
65042
42552
37242
62188
73474
8581
54042
73592
73591
73590
4818
48377
46870
38217
71329
77949
64010
41175
10271
23508
44728
9286
36948
57200
77730
52436
5877
65991
71359
69712
1690
59635
10967
22261
23076
37741
39523
42094
