50705
68235
70833
67826
42804
63469
60747
53142
15149
68076
42111
27413
65808
27253
52866
4855
73726
73725
58291
75625
63883
42627
9241
54530
75993
26894
51546
31215
38923
69341
73737
64460
73736
59391
73735
73734
73733
73732
73731
21098
73730
71391
56203
30357
73729
73728
73727
20015
62173
73744
73743
73742
73741
40700
73101
73740
62457
45955
55481
69081
34540
46089
67060
73739
73738
65175
73998
49107
64004
71330
19790
57430
76693
58802
76694
76695
76696
52024
13697
68041
70912
5880
64132
64533
74059
44606
58096
58655
3454
51347
37757
50416
63161
17753
61790
5498
74621
58702
3104
16701
54109
49168
9608
