41275
46206
69203
8254
23046
25465
42805
77753
50551
6985
4447
63470
24703
4187
62546
62825
58844
61726
58329
76499
25111
61057
57914
65385
40284
68810
71420
74775
77093
2448
76445
53844
38647
40152
69630
33065
60424
946
58749
15185
73623
52809
69887
72653
27447
56295
53100
55645
53982
50478
45390
75934
74606
37881
67758
73111
70084
78473
35228
29996
60961
78514
37126
36956
73924
73923
73922
73921
73920
27304
16370
61305
61426
64928
78543
78542
78545
78544
78546
60055
73919
73918
73917
73916
73915
73914
66168
63695
70301
58669
78137
35200
49169
76514
73929
73928
73927
54903
73926
73925
