51916
66853
47377
73027
28459
70031
59003
77873
77874
77875
77876
71918
77877
77878
73816
72624
74009
30806
39102
57199
53276
60641
60001
57919
54805
71268
74019
74018
74017
74016
74015
74014
74013
74012
27869
74011
74010
30360
52870
32948
37951
8547
56719
70845
1637
74548
66488
63136
61597
45607
74025
74024
74023
74022
22225
74021
74020
26381
57139
63806
7227
9922
49364
8850
27840
13047
18579
32526
65450
18061
22684
60714
35349
77782
10625
57552
600
6317
7923
37369
16720
58806
39013
73643
69546
31094
24038
26732
77455
63040
23517
50819
45122
43348
60859
20886
28484
26064
61159
10686
57219
53937
