2790
3891
3648
20317
3554
2243
2483
39149
4539
1399
5999
20760
1046
2153
39917
39916
39919
39918
39911
39910
36766
39913
39912
39915
39914
39906
39905
39908
39907
39909
39900
36512
39902
39901
39904
39903
7501
7500
22337
4226
7510
5695
7512
7511
24760
7503
7502
7505
7504
7507
7506
7509
7508
23407
7400
7521
7520
7402
7523
7401
7522
24970
7514
7513
7516
7515
7518
7517
7519
7530
5594
7411
7532
7410
7531
7413
7534
7412
7533
7404
7525
7403
7524
5348
7406
7527
7405
7526
7408
7529
7407
7528
7409
6691
7420
7541
7540
7422
7543
7421
7542
7424
7545
7423
7544
3183
30168
698
7415
7536
7414
7535
7417
7538
7416
7537
7419
7418
7539
7550
7431
7552
7430
7551
7433
7554
7432
7553
7314
7435
7556
7313
7434
7555
7426
7547
7425
7546
5249
7428
7549
7427
7548
7429
7440
7561
6471
7560
7321
7442
7563
7320
7441
7562
7323
7444
7565
7686
7322
7443
7564
7325
7446
7567
7324
7445
7566
26436
7316
7437
7558
7315
7436
7557
7318
7439
16512
7317
7438
7559
7319
7330
7451
7572
7450
7571
7332
7453
7574
39980
7331
7452
7573
7334
7455
7576
39982
7333
7454
7575
39981
7336
7457
7578
39984
7335
7456
7577
39983
7570
7327
7448
7569
5028
7326
7447
7568
7329
7328
7449
20
8419
7341
7462
7583
7340
7461
7582
7343
7464
7585
7342
7463
7584
7345
7466
7587
39971
7344
7465
7586
39970
7347
7468
7589
39973
6378
7346
7467
7588
39972
7460
7581
7580
7338
7459
39975
7337
7458
7579
39974
14556
39977
7339
39976
39979
39978
7352
7473
7594
7351
7472
7593
7354
7475
7596
7353
7474
7595
9772
7356
7477
39960
7355
7476
7597
7358
7479
39962
7357
7478
39961
23156
7590
382
7350
7471
7592
7470
7591
26300
7349
39964
7348
7469
39963
39966
39965
39968
39967
39969
7363
7484
8695
7362
7483
7365
7486
7364
7485
7367
7488
7366
7487
7369
39951
7368
7489
39950
7480
7361
7482
7360
7481
39953
7359
39952
39955
39954
39957
39956
39959
39958
7011
7374
7495
7373
7494
7376
7497
7375
7496
7378
7499
7377
7498
39940
7379
7370
7491
7490
7372
7493
7371
7492
39949
25792
39942
39941
39944
39943
39946
39945
39948
39947
7385
7384
7387
7386
7389
7388
36660
7381
7380
7383
7382
39939
39938
39931
39930
39933
39932
39935
39934
39937
39936
7396
7395
7398
7397
7399
7390
7392
7391
7394
7393
39928
16829
39927
39929
39920
11135
39922
39921
39924
39923
39926
39925
16241
10821
1750
32700
8064
38456
2889
37599
4941
39899
30844
17625
28529
