45237
70314
72452
48905
22876
58436
53669
49431
69563
13403
64286
67678
62549
31620
29795
60002
52864
71529
16693
61060
70336
72870
74494
74251
76166
33079
42299
70468
70623
46257
44993
45323
72089
54260
1641
18809
35002
46495
32935
49882
9928
71845
66774
68710
68957
50590
76343
76344
76345
76346
76347
69361
76348
76349
66023
63276
44297
13053
17495
47443
70880
54163
61924
54044
1662
69254
70656
71227
75823
38321
20230
75545
70494
76124
54213
33718
47155
69023
54859
66044
66720
74588
3079
74587
62764
74586
74585
25258
74584
74583
74582
63737
74581
74580
76350
76351
76352
76353
76354
76355
76356
38832
