74517
4454
9589
72453
74750
43613
993
78049
23560
49433
73819
69684
74509
25517
73799
42912
42633
63912
64329
22886
30378
23294
60763
25475
12729
30779
5942
60361
47086
54807
43277
55182
13109
62828
39616
27874
61511
24884
34793
54427
57659
64580
65790
35353
71040
40701
58999
33333
77838
57948
67460
70646
74326
68843
57274
25711
78114
52300
52544
74738
72714
74737
74736
62473
26699
74210
74175
78264
48804
78263
78266
78265
78268
78267
77457
57841
52314
74749
36092
74748
74747
74746
74745
6981
73930
74744
74743
38312
74742
22264
74741
74740
36011
9291
23752
66608
36817
42808
50945
74739
