40460
74999
49558
74998
74997
71365
74996
74995
74994
74993
74992
21821
55847
39879
11985
12710
21798
67554
64165
53030
30134
31068
54484
28467
1342
14030
41011
49777
65149
70851
23543
76680
61979
77255
77256
77257
77258
77259
68147
72241
74661
55593
56602
55994
37149
46491
65563
64231
69487
70755
7883
75008
75007
75006
68838
75005
75004
75003
75002
75001
75000
23525
32369
957
58913
64194
67235
62065
37364
57790
69817
58123
24469
77260
20668
77261
75130
32199
26882
11313
40369
71463
23740
59465
56870
51343
49173
39001
70943
45486
20000
21573
65476
68623
66965
63339
18280
16709
77202
76510
47024
73808
36932
