70155
61442
28218
31071
65007
74992
79014
62926
79013
60751
19349
70944
71913
65374
75219
75218
75217
75216
75215
75214
75213
65813
75212
76092
75211
75210
7294
11991
53831
57879
40560
69864
70338
69223
61461
75225
75224
75223
75222
75221
75220
40449
38928
76045
78586
29006
76204
48046
73838
13470
71955
73978
38231
33460
73696
59673
74140
4514
67343
67228
6951
40265
74831
55243
10977
35915
19547
74208
68167
62223
77147
78997
60165
47044
78759
39946
69890
17500
45777
66439
74575
74211
48929
73363
72271
29325
74627
45129
10282
42132
65237
61552
78772
57856
40193
77848
4835
