19584
39113
73304
36640
64039
68639
22872
48907
30784
997
78329
78328
38425
68072
40182
28052
69045
72746
4185
44138
4462
43684
67831
2045
29436
56782
56147
7568
73706
67685
68539
21801
30487
24471
60891
14037
70966
69995
65158
71312
9258
39323
74423
75479
64469
75236
75478
75477
75476
75475
75474
41923
78330
78331
15535
44469
70238
6278
12352
70471
29625
75487
75486
75485
75484
62736
75483
75482
75481
75480
37139
54959
70867
33338
38749
51849
75414
28821
78076
15877
65103
31497
26572
38205
25080
9972
20487
71751
53096
59471
55552
13714
78256
77564
42927
42490
39888
