64430
66330
75649
49438
72657
73866
75648
66578
75647
75646
75645
75644
75643
75642
75641
42409
75640
29627
56930
60996
58798
53663
54637
77239
52811
71518
77518
72848
65134
68168
72701
64564
44531
75655
75654
75653
66349
75652
75651
75650
24666
42558
75571
33369
78313
52584
31626
6954
44295
77627
72937
69496
13063
21841
71548
75906
20673
45497
72631
66719
70491
40921
78420
34326
61226
4147
48047
54536
30644
39240
23759
57290
70821
8920
45243
65358
67930
28965
33461
64941
65238
71870
69837
71153
73572
78050
20889
59230
10646
78299
30510
32057
77687
35684
41080
49565
