75725
23729
63223
27087
53664
42919
60991
47368
38652
41822
71131
43689
3804
29152
8277
72634
19562
75624
61463
62555
23300
72075
51027
72908
61066
42295
19296
26546
35767
30235
40705
34552
4477
53216
5184
75805
75804
75803
75802
9942
75009
10292
39313
63943
76582
76583
76584
76585
76586
58751
76587
76588
76589
53503
48383
30624
66491
70869
75811
74600
75810
36274
75011
46879
27851
70917
75809
17777
75808
75807
50768
75806
18038
4156
38323
64532
72034
61545
60728
21568
56875
75381
970
4148
11641
65352
64262
20245
68624
39005
6620
3475
64425
56088
22700
36935
50545
