45952
43259
71722
72899
10293
43010
39312
34660
71089
62727
2745
77357
60793
39952
37975
4845
5219
65160
31515
7891
73514
66268
72465
71451
73674
28625
43925
64765
68848
29998
3096
35789
48050
75491
77067
40805
78632
59458
50201
78515
1707
43360
50841
49462
61130
69695
6956
8872
40162
19289
73687
29604
58132
21849
26576
73761
63205
75860
33190
78143
4904
75990
75991
29443
4466
51983
34803
71538
11325
68423
74988
16741
41367
63652
61432
63138
70181
75152
1004
51551
75981
78655
75982
75983
75984
78656
75985
75986
75987
77846
75988
75989
