21622
70677
71207
69168
25542
73981
56011
48507
24052
42916
58435
36967
46878
64163
73239
68882
69135
66700
39984
58044
74323
23530
42638
36275
74043
24668
60966
76054
16127
6957
41381
40291
67231
70716
68379
73407
16773
74412
42943
43834
71061
72073
32820
76000
78584
32421
75380
76001
54373
76002
79158
75992
76003
55820
75993
76004
27265
75994
76005
75995
76006
75996
76007
46188
75997
4149
7538
49255
75998
52556
75999
67242
45882
5178
16388
45320
59311
64988
75553
57012
67813
45848
35922
76198
56046
33462
77128
51873
71908
49683
76318
70735
8958
21091
51637
