9267
64791
69126
64793
68113
71369
71688
20495
63860
73301
73068
65920
72450
78161
75441
16391
60429
76100
26075
56217
58713
76101
76102
76103
52771
76104
76500
6986
76821
37973
2708
6625
15543
9937
50713
39021
66387
49506
69410
71497
17771
61335
76096
76097
10987
76098
76099
5906
10702
56463
78438
52148
67191
31501
36382
71303
45498
63566
70693
27424
78185
25527
42107
27307
54695
14836
11648
60851
76247
4469
70745
65111
74108
75835
71753
72325
9654
41365
65951
62887
54262
63736
78613
33463
78612
78615
77207
78614
53733
78616
21093
68782
12743
