15541
74875
37256
75886
62137
13080
73340
76580
62737
74195
76581
47291
78488
2742
78489
56774
51567
78407
68155
13449
10699
55805
28490
64164
72223
22243
68606
71295
73273
45625
76570
76571
76572
76573
76574
75092
76575
76576
55654
76577
54641
59732
76578
76579
50602
33605
16132
8276
73888
39134
73721
5564
69547
72036
70058
28998
46705
57280
72195
3815
25281
64608
36829
60577
35576
76126
35772
43909
76448
53843
76802
71738
63281
67256
67216
37265
75118
54060
41006
63539
75590
29176
53098
25893
42929
61037
40709
51112
46496
70339
31647
62280
71428
