64230
68874
13082
52927
45399
70154
45956
28659
68917
62925
71081
76740
78765
76741
76742
56730
76743
14412
39876
76744
11341
76745
15902
31634
43763
66187
72821
73910
63433
71573
56384
62105
68329
33082
78593
29474
76731
23099
60365
57917
58928
5227
78517
76738
76739
69028
74614
66754
64854
26895
44922
48928
52391
64616
22016
77096
62836
35579
54214
78945
78947
13465
43196
47990
48166
78946
70802
63282
4480
21852
42654
71755
65037
46819
64501
40478
67218
21811
11658
7906
56204
77287
24085
50065
57377
77248
45484
51359
78859
71549
