49638
36482
19300
36200
55240
22710
52092
78088
77399
11342
11660
50432
52776
36843
76704
30148
73517
76807
64240
76808
76809
63199
72149
63036
68846
57193
57392
62703
30497
36957
78596
78595
3488
52144
55016
12366
43083
76810
76811
76812
76813
51614
76814
69650
72817
76815
76816
55419
8596
17300
44722
18076
64333
73568
16135
41454
70771
17264
49699
63642
23342
68815
64614
74970
25525
34083
77651
35699
61269
55147
39535
75953
77858
3856
62192
59509
76806
19056
69956
72841
70782
9610
26742
21814
75079
7909
52683
69471
53218
48991
77804
76838
