16990
63582
69642
74835
70678
49557
74711
71520
73069
57583
28216
41632
18091
52095
68918
45958
23888
36281
77110
77111
58439
77112
77113
28378
77114
50593
77115
5973
52733
76304
39877
14856
35914
15548
14415
73815
70841
47646
65573
9995
70322
73991
7293
26724
75892
56061
79003
22280
2116
79004
57992
60440
47043
77109
54766
56306
19841
70258
18830
59061
55819
71029
47830
63486
11043
75700
58252
29800
78265
30242
2761
10352
49774
77855
70785
38433
75038
59630
71273
3153
33468
78573
1720
48593
31523
66164
76914
71627
