66575
39399
41475
65845
24930
77470
77471
77472
77473
76781
77474
1012
8604
6669
61240
6307
37977
71019
9277
69498
66589
68646
73630
57593
72343
74001
13091
14060
75052
56787
60687
77467
78599
22042
23890
77468
77227
77469
77349
38215
52225
43086
11038
56901
70515
15515
78917
37151
45338
46421
64898
63921
27864
41016
73086
77293
29805
40719
49050
33597
52353
61102
12057
78549
13464
13784
34209
68175
45800
46413
48313
66324
72683
74343
59233
64946
33105
59712
78534
54588
303
57379
48795
69590
5966
56528
15899
71704
