62250
66974
75647
71563
78480
19064
42647
43934
76460
77472
75161
673
22472
54113
77557
4488
3832
50437
70989
69974
52817
6641
41103
9998
61770
72226
39544
66027
69612
35220
32072
70242
63712
72143
71172
75291
43918
77148
58446
77700
77701
77702
77703
12442
61175
30655
73507
37274
6971
45134
41377
9324
74655
75744
67963
74498
9280
73040
79078
77696
77697
28357
77698
77699
50730
16413
39814
57846
76605
52637
68544
73699
23552
41920
55196
68905
63409
65907
31642
10727
33981
3500
54389
78139
37984
53578
51435
18604
