17289
21588
44226
49514
72454
13120
61600
23764
42568
27880
50077
78600
52972
78602
78601
68591
78603
19822
8925
53747
21598
73834
37045
47842
70562
42319
33480
21835
48739
46517
75251
34899
58964
53995
58443
78599
58522
77986
13772
35903
50725
74839
31789
61171
73966
9640
17544
68134
74657
20033
46269
71465
71586
58176
40726
73163
78141
3140
78140
56313
57446
34567
35378
31099
15887
41091
13102
69385
45720
14083
64540
18842
70584
72164
68901
64428
29177
78136
78135
2731
28048
78138
27114
55556
78137
1002
77721
78139
77845
76836
71429
