71008
21346
50907
40387
59683
65569
78280
2110
33370
63107
73067
32962
50550
28654
2740
57500
77436
77713
8602
12756
48063
72900
67034
46035
69415
47169
66901
74167
20703
23334
23897
22887
76253
31103
77588
12409
77589
8935
76538
50601
17019
72418
21842
43633
61662
68699
74335
65824
72471
57920
31654
78422
78421
27300
76443
78424
24076
78423
4909
53684
78426
78822
78425
51863
76921
60174
17313
48115
71795
61599
70780
78251
78176
75271
77441
75193
76078
61238
77841
51233
76315
13115
16424
49640
43020
