8099
8093
2792
8094
8091
8092
8097
8098
8095
8096
8090
3893
33752
21410
1493
700
4632
33625
3556
4541
2485
31541
19401
27145
1048
36640
2155
36528
36649
36529
36520
36641
36521
36642
36522
36643
36523
36644
36524
36645
36525
36646
36526
36647
36527
36648
7974
7973
34693
36517
36638
36518
36639
36519
36630
36510
36631
36511
36632
36512
36633
36513
36634
36514
36635
36515
36636
36516
36637
7981
7980
7983
7982
7985
7984
3266
36506
36627
36507
36628
36508
36629
36509
7976
7975
36620
7978
36621
7977
36622
4228
36623
7979
36624
36625
36505
36626
7990
7992
7991
7994
7993
7996
7995
781
36616
36617
36618
36619
7987
7986
7989
36610
7988
36611
36612
36613
36614
36615
17087
36605
36606
36607
36608
36609
7998
7997
7999
36600
36601
12514
36602
36603
36604
5596
22323
14942
6693
3185
31132
5251
7314
22540
5016
12159
8300
36590
6001
36591
36592
8303
36593
8304
36594
8301
36595
8302
36596
17615
36597
36598
36599
22
8310
8311
36580
36581
8314
36582
8315
36583
8312
36584
8313
9765
36585
8307
36586
8308
36587
8305
36588
8306
36589
8309
8200
8321
8201
8322
8320
36570
7598
8204
8325
36571
8205
8326
36572
8202
8323
36573
8203
8324
36574
6380
26429
384
24120
8318
36575
8319
36576
8316
36577
8317
36578
36579
8211
8212
8210
8215
36560
8216
36561
8213
36562
8214
36563
27601
25786
14539
8208
36564
8209
36565
8206
8327
36566
8207
8328
36567
36568
21180
36569
8222
8101
8223
8102
7013
8220
8221
8100
8226
8105
8227
8106
36550
8224
8103
36551
8225
8104
36552
8219
36553
36554
8217
36555
8218
36556
36557
36558
36559
8233
8112
8234
8113
8231
8110
8232
8111
8237
8116
8238
8117
8235
8114
36540
11120
8236
8115
36541
8230
8109
36542
36543
8228
8107
36544
8229
8108
36545
36546
36547
36548
36549
8002
8244
8123
8003
8245
8124
8000
8242
8121
8001
8243
8122
8006
8248
8127
8007
8249
8128
8004
8246
8125
36650
8005
8247
8126
36530
36651
8240
8241
8120
7394
36539
36531
36652
36532
36653
8239
8118
36533
36654
8119
36534
36655
36535
36656
36536
36657
36537
36538
8013
8255
8134
8014
8256
8135
8011
8253
8132
8012
8254
8133
8017
8259
8138
14177
8018
8139
8015
8257
8136
8016
8258
8137
8251
8130
8010
8252
8131
8250
8008
8129
8009
8024
8266
8145
8025
8267
8146
8022
8264
8143
8023
8265
8144
8028
8149
8029
8026
8268
8147
22927
8027
8269
8148
8020
8262
8141
8021
8263
8142
8260
8261
8140
8019
8035
8277
8156
8036
8278
8157
8033
8275
8154
8034
8276
8155
8039
8037
8279
8158
8038
8159
8270
8031
8273
8152
8032
8274
8153
8271
8150
8030
8272
8151
1752
8046
8288
8167
8047
8289
8168
8044
8286
8165
8045
8287
8166
8048
8169
8049
8280
8281
8160
8042
8284
8163
8043
8285
8164
8040
8282
8161
8041
8283
8162
20963
1401
27476
8299
8057
8178
8058
8179
8297
8055
8176
8298
8056
8177
8059
8291
8170
8292
8050
8171
8290
8295
8053
8174
8296
8054
8175
8293
8051
8172
8294
8052
8173
8068
8189
8069
8066
8187
8067
8188
31817
7091
8060
8181
8061
8182
8180
8064
8185
8065
8186
8062
8183
8063
8184
2875
3965
8079
8198
8077
8199
8078
8192
8071
8193
8072
8190
8070
8191
8196
8075
8197
8076
8194
8073
8195
8074
4943
30965
8088
8089
8082
8083
8080
8081
8086
8087
8084
8085
30835
