67784
66454
67785
8099
67782
67783
8093
2792
8094
8091
8092
8097
8098
8095
8096
31599
8090
67780
67781
3893
59825
57521
700
3556
4541
2485
58641
39365
11933
1048
2155
7974
7973
35547
7981
7980
7983
7982
65300
7985
7984
3016
7976
7975
7978
10233
7977
4228
7979
7990
7992
7991
7994
66402
7993
5454
7996
7995
7987
7986
7989
7988
67748
67749
34422
55401
7998
7997
7999
67751
67752
67750
67755
5596
67756
67753
67754
67759
67757
67758
54200
67762
67763
67760
6693
67761
67766
67767
67764
67765
43596
67768
67769
3185
35856
35973
67773
5251
67774
67771
67772
67777
67778
7314
19498
67775
67776
67779
227
67770
62652
8300
6001
8303
8304
8301
8302
51533
22
8310
8311
8314
8315
8312
8313
34165
8307
8308
8305
8306
48561
8309
8200
8321
8201
8322
64980
8320
7598
8204
8325
8205
8326
8202
8323
8203
8324
6380
384
8318
8319
8316
8317
8211
8212
8210
8215
8216
8213
8214
24215
8208
8209
8206
8327
8207
8328
8101
8222
8102
8223
7013
8220
8100
8221
8105
8226
8106
8227
8103
8224
8104
8225
66703
23012
33167
8219
8217
8218
8112
8233
8113
8234
8110
8231
8111
8232
8116
8237
8117
8238
56909
8114
8235
8115
8236
8230
8109
8107
8228
8108
8229
8002
8123
8244
8003
8124
8245
8000
8121
8242
8001
8122
8243
8006
8127
8248
8007
8128
8249
8004
8125
8246
8005
8126
8247
8240
8120
8241
8118
8239
8119
8013
8134
8255
8014
8135
8256
8011
8132
8253
8012
8133
8254
8017
8138
8259
8018
8139
8015
8136
8257
8016
8137
8258
8130
8251
8010
8131
8252
8250
58317
8008
8129
8009
8024
8145
8266
8025
8146
8267
8022
8143
8264
8023
8144
8265
8028
8149
8029
8026
8147
8268
8027
8148
8269
8020
8141
8262
8021
8142
8263
8260
8140
8261
60522
8019
67396
8035
8156
8277
8036
8157
8278
8033
8154
8275
8034
8155
8276
8039
8037
8158
8279
8038
8159
25048
8270
8031
8152
8273
8032
8153
8274
8150
8271
8030
8151
8272
1752
8046
8167
8288
8047
8168
8289
8044
8165
8286
8045
8166
8287
8048
8169
8049
8280
8160
8281
8042
8163
8284
8043
8164
8285
8040
8161
8282
8041
8162
8283
1401
8057
8178
8299
8058
8179
8055
8176
8297
8056
8177
8298
8059
8170
8291
8050
8171
8292
8290
8053
8174
8295
8054
8175
8296
8051
8172
8293
8052
8173
8294
59568
8068
8189
8069
8066
8187
8067
8188
8060
8181
8061
8182
8180
8064
8185
8065
8186
8062
8183
61537
8063
8184
29751
8079
8077
8198
8078
8199
8071
8192
8072
8193
8190
8070
8191
8075
8196
8076
8197
8073
8194
8074
8195
4943
8088
8089
48358
8082
8083
8080
8081
8086
8087
8084
8085
