10778
10899
10777
10898
10779
10770
10891
10890
10772
10893
10771
10892
10774
10895
10773
10894
10776
10897
10775
10896
10789
10788
2794
10781
10780
10783
10782
10785
10784
10787
10786
10756
10877
10998
10755
10876
10997
10758
10879
10757
10878
10999
10759
10990
3895
10871
10992
10750
10870
10991
10752
10873
10994
10872
10993
10751
10754
10875
10996
10753
10874
10995
10767
10888
10766
10887
10769
10768
10889
10880
702
10761
10882
10760
10881
10763
10884
5604
10762
10883
10765
10886
708
10764
10885
10855
10976
10854
10975
3558
10857
10978
10856
10977
10859
10858
10979
10970
6701
10851
10972
10850
10971
10853
10974
10852
10973
10866
10987
10865
10986
10868
10989
10867
10988
10869
3564
10860
10981
10980
10862
10983
10861
10982
10864
10985
10863
10984
10829
2493
8909
10833
10954
10832
10953
8907
10835
10956
8908
10834
10955
10837
10958
10836
10957
2487
10839
10838
10959
4543
8901
8902
8900
8905
10950
8906
4549
8903
10831
10952
8904
10830
10951
8920
1050
10844
10965
10843
10964
8918
10846
10967
8919
10845
10966
10848
10969
10847
10968
10849
8912
8913
8910
8911
8916
10840
10961
8917
10960
8914
10842
10963
8915
10841
10962
8930
8810
8931
7600
8808
8929
8809
1056
8802
8923
8803
8924
8800
8921
8801
8922
10012
8806
8927
8807
8928
8804
8925
8805
8926
8820
8941
8821
8942
8700
7974
8940
2163
8819
2157
8813
8934
8814
8935
8811
8932
8812
8933
7606
8817
8938
8818
8939
8815
8936
8816
8937
4230
7980
8710
8831
8952
8711
8832
8953
8950
8830
8951
8709
8824
8945
8703
8704
8825
8946
8822
8943
8701
8823
8944
8702
8707
8828
8949
8708
8829
8705
8826
8947
8706
8827
8948
8960
8721
8842
8722
8843
8840
8720
8841
8714
8835
8956
4236
8715
8836
8957
8712
8833
8954
8713
8834
8955
8718
8839
8719
8716
8837
8958
8717
8838
8959
10368
8850
8611
8732
8853
8612
8733
8854
8730
8851
8731
8852
8725
8846
8726
8847
8723
8844
8965
8724
8845
8729
8727
8848
8728
8849
8860
8740
8861
8743
8864
8622
8744
8865
8623
8741
8862
8620
5598
8742
8863
8621
8615
8736
8857
8737
8858
8616
8613
8734
8855
8614
8735
8856
8619
8738
8859
8617
8739
8618
8750
8871
8751
8872
8630
8870
8754
8875
8633
6695
8755
8876
8634
8752
8873
8631
10790
8753
8874
8632
3187
10799
8747
8868
8626
10792
8748
8869
8627
10791
8745
8866
8624
10794
8746
8867
8625
10793
10796
10795
8749
8628
10798
8629
10797
8761
8882
8640
8762
8883
8641
8880
5253
8760
8881
8765
8886
8644
8766
8887
8645
8763
8884
8642
8764
8885
8643
3193
8758
8879
8637
8759
8638
8756
8877
8635
8757
8878
8636
8639
8772
8893
8651
8773
8894
8652
8770
8891
8771
8892
8650
8776
8897
8655
7322
8777
8898
8656
8774
8895
8653
8775
8896
8654
8890
7316
8769
8648
5259
8649
8767
8888
8646
8768
8889
8647
8783
8662
8784
8663
8781
8660
8782
8661
6003
8787
8666
8788
8667
8785
8664
8786
8665
8780
8659
8778
8899
8657
8779
8658
8794
8673
8795
8674
24
8792
8671
8793
8672
8798
8677
11041
8799
8678
11040
8796
8675
11043
8797
8676
11042
8790
8791
8670
11045
11044
6009
8789
8668
11047
8669
11046
11049
30
11048
8684
8685
8682
11050
8683
6388
8688
8689
11051
8686
8687
8680
8681
6382
386
8679
8695
8696
8693
8694
8699
8697
11021
8335
8698
11020
392
8691
8692
8690
8329
11023
11022
11025
11024
11027
11026
11029
11028
7015
11030
11032
11031
11034
11033
11036
11035
11038
11037
11039
7021
9688
11009
2800
11008
11001
11000
11003
11002
11005
11004
11007
11006
11010
11019
11012
11011
11014
11013
11016
11015
11018
3901
11017
9345
10808
10929
10807
10928
10809
10811
10932
10810
10931
10813
10934
10812
10933
10815
10936
10814
10935
10817
10938
10816
10937
10930
10819
10818
10939
10822
10943
10821
10942
10824
10945
10823
10944
10826
10947
10825
10946
10828
10949
10827
10948
10820
10941
10940
10907
10906
10909
10908
10910
1754
10912
10911
10914
10913
10916
10915
10918
10917
10919
10800
10921
1403
10920
10802
10923
10801
10922
10804
10925
10803
10924
10806
10927
1760
10805
10926
1409
10901
10900
10903
10902
10905
10904
4945
4951
