9069
9067
9188
9068
9189
9061
9182
9062
9183
9180
9060
9181
9065
9186
9066
9187
9063
9184
9064
9185
55687
9078
9199
9079
9072
9193
9073
9194
9070
9191
9071
9192
9076
9197
9077
9198
22643
9074
9195
9075
9196
9190
2795
67201
67202
9089
67200
67205
67206
67203
67204
9083
67209
9084
9081
67207
9082
67208
9087
9088
9085
9086
59824
9080
3896
67212
67213
67210
67211
67216
67217
67214
67215
9094
9095
9092
67218
30590
9093
67219
9098
9099
9096
9097
9090
9091
703
67223
67221
67222
60703
3559
67220
61809
42782
54299
2488
4544
42532
58781
1051
63593
56700
2158
7601
4231
7975
8963
8964
8961
8962
57936
8970
8971
24617
8611
8974
8975
8972
8973
34420
8967
8968
8965
8966
37931
45670
8969
8981
8982
8980
8985
8986
8983
8984
8978
8979
8976
8977
54568
10224
35748
8992
8993
8990
8991
6696
8996
8997
8994
8995
3188
5599
8989
8987
8988
5254
24845
57611
10569
12628
8998
8999
7317
47130
6004
65933
25
34163
13344
6383
8205
387
14323
9300
9301
8330
47337
9304
9305
9302
9303
25664
9311
9312
9310
9315
9316
9313
7016
9314
9308
9309
9306
9307
15756
9322
9201
9323
9202
9320
9321
9200
9326
9205
9327
9206
9324
9203
9325
9204
9319
9317
9318
9333
9212
9334
9213
9331
9210
9332
9211
9216
9337
9217
9338
9335
9214
9336
9215
35440
9330
9209
9328
9207
9329
9208
9102
9223
9103
9224
41791
9100
9221
9101
9222
9106
9227
9107
9228
9104
9225
9105
9226
9340
9220
9341
9218
9339
9219
9113
9234
9114
9235
9111
9232
9112
9233
9117
9238
9118
9239
9115
9236
9116
9237
9230
9110
9231
9108
9229
9109
9003
9124
9245
7186
9004
9125
9246
9001
9122
9243
9002
9123
9244
9007
9128
9249
9008
9129
9005
9126
9247
9006
9127
9248
9120
9241
9000
9121
9242
9240
1755
9119
9014
9135
9256
9015
9136
9257
9012
9133
9254
9013
9134
9255
9018
9139
9019
9016
9137
9258
9017
9138
9259
9010
9131
9252
9011
9132
9253
9250
9130
9251
1404
9009
9025
9146
9267
9026
9147
9268
9023
9144
9265
9024
9145
9266
9029
9027
9148
9269
9028
9149
9260
9021
9142
9263
9022
9143
9264
9140
9261
9020
9141
9262
9036
9157
9278
9037
9158
9279
9034
9155
9276
67199
9035
9156
9277
9038
9159
9039
9270
9150
9271
59693
9032
9153
9274
9033
9154
9275
9030
9151
9272
9031
9152
9273
67194
67197
67198
67195
67196
9047
9168
9289
9048
9169
9045
9166
9287
9046
9167
9288
9049
9160
9281
9040
9161
9282
9280
9043
9164
9285
9044
9165
9286
9041
9162
9283
9042
9163
9284
4946
9058
9179
9059
9056
9177
9298
9057
9178
9299
37101
9050
9171
9292
9051
9172
9293
28768
9290
9170
9291
9054
9175
9296
9055
9176
9297
9052
9173
9294
9053
9174
9295
