2797
2796
3897
3898
5600
5601
704
705
3561
3560
2490
2489
4545
4546
1053
1052
10010
9910
2160
9908
9909
2159
7602
9902
9903
9900
7603
9901
9906
9907
9904
9905
9920
4232
9800
9921
4233
9919
7976
9913
9914
9911
7977
9912
9917
9918
9915
9916
9810
9931
9811
9932
8961
8962
9930
10008
10007
9809
10009
9803
9924
10000
9804
9925
9801
9922
10002
9802
9923
10001
9807
9928
10004
9808
9929
10003
9805
9926
10006
9806
9927
10005
9821
9942
9700
8612
9822
9943
9701
9940
9820
9941
9814
9935
9815
9936
9812
9933
9813
9934
9818
9939
9819
9816
9937
9817
9938
9950
9832
9953
9711
9833
9954
9712
9830
9951
9831
9952
9710
9825
9946
9704
9826
9947
9705
8613
9823
9944
9702
9824
9945
9703
9829
9708
9709
9827
9948
9706
9828
9949
9707
9960
9840
9961
9601
9843
9964
9722
9602
9844
9965
9723
6698
9841
9962
9720
6697
9600
9842
9963
9721
3189
9836
9957
9715
9837
9958
9716
9834
9955
9713
9835
9956
9714
9719
9838
9959
9717
9839
9718
9850
9971
9730
9851
9972
3190
9970
9612
9733
9854
9975
5255
9613
9734
9855
9976
5256
9610
9731
9852
9973
9611
9732
9853
9974
9605
9847
9968
9726
9606
9848
9969
9727
9603
9845
9966
9724
9604
9846
9967
9725
9609
9607
9728
9849
9608
9729
9740
9861
9982
9620
9741
9862
9983
9980
9860
9981
9502
9623
9744
9865
9986
9503
9624
9745
9866
9987
9500
9621
9742
9863
9984
9501
9622
9743
9864
9985
9616
9737
9858
9979
9617
9738
9859
7318
9614
9735
9856
9977
9615
9736
9857
9978
7319
9618
9739
9619
9630
9751
9872
9993
9510
9631
9752
9873
9994
9870
9991
9750
9871
9992
9513
9634
9755
9876
9997
9514
9635
9756
9877
9998
6005
9511
9632
9753
9874
9995
9512
9633
9754
9875
9996
9990
9506
9627
9748
9869
9507
9628
9749
9504
9625
9746
9867
9988
9505
9626
9747
9868
9989
9508
9629
9509
9520
9641
9762
9883
9400
9521
9642
9763
9884
9760
9881
9640
9761
9882
26
9403
9524
9645
9766
9887
27
9404
9525
9646
9767
9888
9401
9522
9643
9764
9885
9402
9523
9644
9765
9886
9880
9517
9638
9759
6006
9518
9639
9515
9636
9757
9878
9999
9516
9637
9758
9879
9519
6384
9410
9531
9652
9773
9894
9411
9532
9653
9774
9895
9650
9771
9892
6385
9530
9651
9772
9893
9414
9535
9656
9777
9898
9415
9536
9657
9778
9899
9412
9533
9654
9775
9896
9413
9534
9655
9776
9897
9890
9770
9891
388
389
9407
9528
9649
9408
9529
9405
9526
9647
9768
9889
9406
9527
9648
9769
9409
8332
9421
9542
9663
9784
9422
9543
9664
9785
9540
9661
9782
8331
9420
9541
9662
9783
9425
9546
9667
9788
9426
9547
9668
9789
9423
9544
9665
9786
9424
9545
9666
9787
9780
9660
9781
9418
9539
9419
9416
9537
9658
9779
9417
9538
9659
9432
9553
9674
9795
9433
9554
9675
9796
9430
9551
9672
9793
9431
9552
9673
9794
9436
9557
9678
9799
9437
9558
9679
7017
9434
9555
9676
9797
9435
9556
9677
9798
9670
9791
9550
9671
9792
9790
9429
9427
9548
9669
9428
9549
9443
9564
9685
9444
9565
9686
9441
9562
9683
9442
9563
9684
9447
9568
9689
9448
9569
9445
9566
9687
9446
9567
9688
9560
9681
9440
9561
9682
9680
7018
9438
9559
9439
9454
9575
9696
9455
9576
9697
9452
9573
9694
9453
9574
9695
9458
9579
9459
9456
9577
9698
9457
9578
9699
9450
9571
9692
9451
9572
9693
9690
9570
9691
9449
9344
9465
9586
9345
9466
9587
9342
9463
9584
9343
9464
9585
9348
9469
9349
9346
9467
9588
9347
9468
9589
9461
9582
9462
9583
9580
9460
9581
9355
9476
9597
9356
9477
9598
9353
9474
9595
9354
9475
9596
9359
9357
9478
9599
9358
9479
9590
9351
9472
9593
9352
9473
9594
9470
9591
9350
9471
9592
9366
9487
9367
9488
9364
9485
9365
9486
9368
9489
9369
9480
9362
9483
9363
9484
9360
9481
9361
9482
1756
1757
9377
9498
9378
9499
9375
9496
9376
9497
9379
9490
9370
9491
9373
9494
9374
9495
9371
9492
9372
9493
1406
1405
9388
9389
9386
9387
9380
9381
9384
9385
9382
9383
9399
9397
9398
9391
9392
9390
9395
9396
9393
9394
4947
4948
