20577
41035
2797
11511
3898
5601
705
11851
6815
3561
49199
49198
19436
29235
28261
16013
40000
2490
4546
1053
49280
10010
9910
2160
9908
9909
9902
9903
9900
7603
9901
9906
9907
9904
9905
23427
9920
9800
9921
4233
9919
9913
9914
9911
7977
9912
9917
9918
9915
9916
9810
9931
8722
9811
9932
8962
9930
10008
10007
9809
10009
9803
9924
10000
9804
9925
9801
9922
10002
9802
9923
10001
9807
9928
10004
9808
9929
10003
9805
9926
10006
35407
9806
9927
10005
4010
9700
9821
9942
9701
9822
9943
9940
9820
9941
9814
9935
9815
9936
9812
9933
9813
9934
9818
9939
9819
9816
9937
9817
9938
9950
9711
9832
9953
9712
9833
9954
9830
9951
9710
9831
9952
9704
9825
9946
9705
9826
9947
8613
9702
9823
9944
9703
9824
9945
9708
9829
9709
9706
9827
9948
9707
9828
9949
9960
40087
9840
9961
9722
9843
9964
23629
9723
9844
9965
6698
9720
9841
9962
9721
9842
9963
9715
9836
9957
9716
9837
9958
9713
9834
9955
44560
9714
9835
9956
9719
9717
9838
9959
9718
9839
9850
9971
9730
9851
9972
3190
9970
43468
9733
9854
9975
9734
9855
9976
5256
9731
9852
9973
20120
9732
9853
9974
45641
32570
37906
9726
9847
9968
9727
9848
9969
9724
9845
9966
9725
9846
9967
29053
9728
9849
9729
9740
9861
9982
9741
9862
9983
9980
9860
9981
9744
9865
9986
9745
9866
9987
9742
9863
9984
9743
9864
9985
9737
9858
9979
9738
9859
9735
9856
9977
9736
9857
9978
7319
9739
9751
9872
9993
9752
9873
9994
9870
9991
9750
9871
9992
9755
9876
9997
9756
9877
9998
9753
9874
9995
9754
9875
9996
9990
9748
9869
9749
9746
9867
9988
9747
9868
9989
9762
9883
9763
9884
9760
9881
9761
9882
9766
9887
27
9767
9888
9764
9885
9765
9886
9880
9759
6006
9757
9878
9999
9758
9879
16859
9773
9894
9774
9895
8440
9771
9892
6385
9772
9893
9777
9898
9778
9899
47105
11172
9775
9896
9776
9897
9890
9770
9891
389
9768
9889
9769
8332
9784
9785
9782
9783
9788
9789
9786
9787
9780
9781
9779
9795
9796
9793
9794
9799
9797
9798
34253
9791
9792
9790
37403
9686
9689
9687
9688
7018
2928
9696
9697
9694
9695
9698
9457
9699
9692
9693
9690
9691
9342
49271
49270
49279
49278
49277
49276
49275
49274
49273
49272
38255
49269
41304
20985
49260
49268
49267
49266
49265
49264
49263
49262
49261
49259
41651
49258
49257
49256
49255
49254
49253
49252
49251
1757
49250
49249
49248
49247
49246
49245
49244
49243
49242
49241
1406
49240
49239
49238
49237
49236
28415
49235
49234
49233
49232
49231
49230
17647
49229
49228
49227
49226
49225
49224
49223
49222
49221
49220
49219
49218
49217
49216
49215
49214
4948
23183
49213
49212
49211
49210
49209
49208
49207
49206
49205
49204
49203
24160
49202
49201
49200
