62095
62096
62097
62098
62099
18490
12958
62090
62091
62092
62093
62094
24821
1226
34852
2797
4741
3898
58980
5601
705
3561
21727
21968
2490
58895
4546
1053
21027
10010
25639
44259
9910
2160
9908
9909
9902
9903
9900
7603
9901
9906
9907
9904
9905
9920
9800
9921
4233
9919
9913
9914
9911
7977
9912
9917
9918
9915
9916
9810
9931
9811
9932
8962
9930
10008
10007
9809
10009
52245
9803
9924
10000
9804
9925
9801
9922
10002
9802
9923
10001
9807
9928
10004
9808
9929
10003
9805
9926
10006
9806
9927
10005
9700
9821
9942
9701
9822
9943
9940
9820
9941
9814
9935
9815
9936
9812
9933
9813
9934
9818
9939
9819
9816
9937
9817
9938
9950
9711
9832
9953
9712
9833
9954
9830
9951
9710
9831
9952
204
9704
9825
9946
9705
9826
9947
8613
9702
9823
9944
9703
9824
9945
9708
9829
9709
9706
9827
9948
9707
9828
9949
11556
9960
9840
9961
9722
9843
9964
62077
9723
9844
9965
62078
6698
9720
9841
9962
62079
9721
9842
9963
33672
54454
9715
9836
9957
57729
9716
9837
9958
9713
9834
9955
9714
9835
9956
9719
9717
9838
9959
9718
9839
9850
9971
62084
9730
9851
9972
62085
3190
62086
9970
62087
9733
9854
9975
62088
9734
9855
9976
62089
5256
9731
9852
9973
9732
9853
9974
23991
35844
52284
9726
9847
9968
9727
9848
9969
9724
9845
9966
9725
9846
9967
62080
62081
9728
9849
62082
9729
62083
9740
9861
9982
9741
9862
9983
9980
9860
9981
9744
9865
9986
9745
9866
9987
9742
9863
9984
9743
9864
9985
36240
9737
9858
9979
9738
9859
9735
9856
9977
9736
9857
9978
7319
9739
9751
9872
9993
9752
9873
9994
9870
9991
9750
9871
9992
9755
9876
9997
9756
9877
9998
9753
9874
9995
9754
9875
9996
9990
9748
9869
9749
9746
9867
9988
9747
9868
9989
9762
9883
9763
9884
9760
9881
9761
9882
9766
9887
27
9767
9888
9764
9885
9765
9886
9880
9759
6006
9757
9878
9999
9758
9879
9773
9894
9774
9895
9771
9892
6385
9772
9893
61350
9777
9898
9778
9899
9775
9896
9776
9897
9890
9770
9891
389
27510
52645
9768
9889
9769
8332
9784
9785
9782
9783
9788
9789
9786
9787
9780
9781
9779
9795
9796
9793
9794
9799
62100
9797
62101
9798
62102
62103
62104
62105
62106
9791
9792
9790
9686
9689
9687
9688
7018
55824
9696
9697
9694
9695
9698
9699
36893
9692
9693
9690
9691
39921
9342
56493
29545
39461
26169
41777
58579
24194
1757
8166
1406
3722
61666
4948
