24810
1459
10778
10899
10777
10898
2667
10779
10770
10891
10890
10772
10893
10771
10892
10774
10895
10773
10894
10776
10897
10775
10896
24704
24703
19114
23978
24706
24705
24708
24707
24709
24700
24702
24701
10789
10788
10781
10780
10783
10782
10785
10784
10787
10786
9087
10756
10877
10755
10876
10758
10879
10757
10878
10759
10750
10871
10870
10752
10873
10751
10872
10754
10875
10753
10874
24803
24802
24805
24804
24807
24806
24809
24808
22500
24801
24800
10767
10888
10766
10887
2337
10769
10768
10889
1123
10880
10761
10882
10760
10881
10763
10884
10762
10883
5605
10765
10886
10764
10885
3563
10734
10855
10733
10854
10736
10857
10735
10856
10738
10859
10737
10858
10739
4525
10730
10851
4768
10850
10732
10853
10731
10852
10745
10866
10744
10865
10747
10868
10746
10867
10749
10748
10869
723
10860
10741
10862
12920
10740
10861
7927
10743
10864
10742
10863
14076
10829
10833
10832
10714
10835
10834
10716
10837
10715
10836
10718
10839
10717
10838
10950
10831
10952
10830
10951
10719
20406
10723
10844
10722
10843
10725
10846
10724
10845
10727
10848
10726
10847
10729
10728
10849
10840
10721
10842
10720
10841
24773
24772
24775
24774
24777
24776
24779
24778
3236
24771
24770
10497
6745
24784
24783
24786
24785
24788
24787
24789
24780
24782
24781
5303
24759
24758
24751
24750
24753
24752
24755
24754
24757
24756
7615
4481
24769
24762
24761
24764
24763
24766
24765
24768
24767
24760
1089
6536
24737
24736
24739
24738
24731
24730
24733
24732
24735
24734
10459
4247
8723
24748
24747
24749
9954
24740
24742
24741
24744
24743
20029
24746
24745
10227
24715
24714
24717
24716
6212
24719
24718
10790
24711
24710
24713
24712
10799
10792
10791
10794
10793
10796
10795
10798
10797
24726
24725
24728
24727
24729
24720
24722
24721
24724
24723
11899
18930
9622
355
8769
14460
7345
6492
35
6158
8450
10271
24795
24794
24797
24796
24799
24798
24791
24790
24793
24792
76
1713
9337
10808
10929
10807
10928
10809
7041
3913
10811
10932
10810
10931
10813
10934
10812
10933
10815
10936
10814
10935
10817
10938
10816
10937
10930
17449
18787
10819
10818
10939
10822
10943
10821
10942
10824
10945
10823
10944
10826
10947
10825
10946
10828
10949
10827
10948
19757
10820
10941
10940
10907
10906
10909
10908
10910
10912
10911
10914
10913
10916
10915
10918
10917
10919
10800
10921
10920
10802
10923
10801
10922
10804
10925
10803
10924
10806
10927
10805
10926
1408
2618
10901
10900
10903
10902
10905
2992
10904
15237
9047
5914
3868
