9622
40986
40985
40984
23049
40989
40988
40987
10778
10899
10777
10898
355
10779
23164
10770
10891
10890
10772
10893
10771
10892
10774
10895
10773
10894
10776
10897
10775
10896
482
10789
10788
10781
10780
10783
10782
10785
10784
30137
10787
10786
41011
41010
39298
7345
41013
41012
26779
6492
10756
10877
10755
10876
10758
10879
10757
10878
10759
10750
10871
10870
10752
10873
10751
10872
10754
10875
10753
10874
41000
35
41004
41003
41002
41001
41008
41007
41006
41005
40833
41009
10767
10888
10766
10887
2337
10769
10768
10889
147
10880
38632
10761
10882
10760
10881
10763
10884
10762
10883
5605
10765
10886
10764
10885
6158
3563
8450
10734
10855
10733
10854
10736
10857
10735
10856
10738
10859
10737
10858
10739
10730
10851
4768
10850
10732
10853
10731
10852
39716
21630
10745
10866
10744
10865
10747
10868
10746
10867
10749
10748
10869
11718
723
10860
10741
10862
10740
10861
7927
10743
10864
10742
10863
25408
10829
10833
10832
10714
10835
10834
10716
10837
10715
10836
10718
10839
10717
10838
26299
10950
19405
10831
10952
1713
10830
10951
9337
10719
10723
10844
10722
10843
10725
10846
10724
10845
10727
10848
10726
10847
10729
10728
10849
6858
10840
10721
10842
10720
10841
10808
10929
10807
10928
10809
7041
10811
10932
10810
10931
10813
10934
10812
10933
10815
10936
3236
10814
10935
10817
10938
10816
10937
6745
10930
10819
10818
10939
1191
10822
10943
10821
10942
10824
10945
10823
10944
10826
10947
10825
10946
10828
10949
10827
10948
5303
30412
10820
10941
10940
10907
10906
10909
10908
10910
28793
10912
10911
10914
10913
10916
10915
7615
4481
10918
10917
10919
10800
10921
10920
10802
10923
10801
10922
10804
10925
10803
10924
10806
10927
1089
10805
10926
1408
2618
38465
40424
10459
31159
8723
9954
40891
22440
29998
10227
10901
10900
10903
10902
10905
10904
9047
10790
10799
3059
10792
10791
10794
10793
10796
16419
10795
10798
10797
40993
40992
40991
40990
40997
40996
40995
40994
40999
40998
14922
3868
3989
