40986
40985
40984
23049
40989
40988
40987
11867
11746
11866
11745
11627
11748
11626
11868
11747
11629
11628
11749
358
23164
11861
11740
11860
11863
11742
11862
11741
11865
11744
11864
11743
482
11636
11757
11635
11756
11638
11759
11637
11758
11639
11630
11751
9626
11750
11632
11753
11631
11752
30137
11634
11755
11633
11754
41011
41010
6496
39298
41013
41012
26779
4193
11845
11724
11844
11723
11847
11726
11846
11725
11849
11728
11848
11727
11729
11841
11720
11840
11843
11722
11842
11721
41000
41004
41003
39
41002
41001
41008
41007
2340
41006
41005
40833
41009
11856
11735
11855
11734
5609
11858
11737
11857
11736
147
11739
11859
11738
38632
7348
11850
11852
11731
11851
11730
11854
11733
11853
11732
8452
5067
4771
11819
11702
11823
11701
11822
11704
11825
11703
11824
11706
11827
11705
11826
11708
11829
11707
11828
8209
11700
11821
11820
39716
21630
7930
11709
11713
11834
11712
11833
11715
11836
11714
11835
3567
11717
11838
11716
11837
11719
11839
11718
726
11830
11711
11832
11710
11831
25408
11801
11800
11803
11802
11805
11804
11807
11806
26299
1717
5877
19405
11809
11808
11812
11811
11814
11813
11816
11815
11818
11817
6858
11810
7044
9340
2944
3239
10812
6749
1191
30412
11681
11680
28793
10231
11683
11682
11685
11684
7617
11687
11686
11689
11688
4484
11690
11692
11691
11694
11693
11696
11695
11698
11697
11336
11699
11780
38465
40424
11669
11668
11789
31159
1412
2622
11661
11782
11660
11781
11663
11784
11662
11783
11665
11786
11664
11785
8727
11667
11788
11666
11787
11670
11791
11790
40891
22440
29998
11679
11672
11793
11671
11792
11674
11795
11673
11794
11676
11797
11675
11796
11678
11799
11677
11798
11647
11768
11646
11767
11649
11648
11769
3059
11760
11641
11762
11640
11761
11643
11764
16419
11642
11763
11645
11766
11644
11765
40993
40992
40991
3871
40990
40997
40996
40995
40994
40999
40998
11658
11779
11657
11778
11659
11650
11771
11770
11652
11773
11651
11772
11654
11775
14922
11653
11774
11656
11777
3989
11655
11776
