13000
13001
12715
12957
12958
12955
12956
12959
13004
12950
13005
13002
13003
3876
12953
13008
12954
13009
12951
13006
12952
13007
15426
18934
9630
13011
20584
14463
13012
13010
21319
24702
12968
364
12969
12966
12967
12960
13015
12961
13016
13013
11871
13014
12964
13019
11631
12965
12962
13017
12963
13018
17977
4198
13100
22610
12935
26096
12936
26095
12933
13109
26098
12934
26097
12939
26099
12937
12938
13103
13104
13101
26090
13102
12931
13107
26092
12932
13108
26091
13105
26094
12930
13106
26093
7353
13110
13111
12021
12946
12947
12944
1126
12945
12948
12949
13114
13115
13112
13113
12942
41
12943
12940
13116
12941
13117
8213
4531
12908
12909
12913
26074
12914
26073
12911
26076
12912
26075
12917
26078
12918
26077
12915
12916
22032
26079
26070
12910
26072
26071
9674
6166
11151
12919
3570
12924
26085
12925
26084
12922
26087
12923
26086
12928
26089
12929
26088
12926
12927
4775
12920
26081
12921
26080
10985
26083
26082
5882
26059
26052
26051
26054
26053
730
26056
26055
26058
26057
26050
12902
26063
12903
26062
12900
26065
12901
26064
12906
26067
12907
26066
12904
26069
12905
26068
11378
26061
26060
13084
13085
13082
13083
13088
13089
13086
7049
13087
26038
26037
26039
13080
13081
21821
26030
26032
26031
26034
26033
26036
26035
6501
2949
13095
13096
13093
13094
13099
5311
13097
13098
26049
26048
13091
13092
13090
26041
26040
26043
26042
26045
26044
26047
3245
26046
11115
13062
13063
13060
13061
13066
13067
13064
13065
15242
2052
20707
12894
12895
12892
13068
12893
13069
10235
12898
7979
12899
7619
12896
12897
13073
13074
13071
13072
13077
13078
13075
4487
13076
26027
26026
26029
1096
26028
13070
23437
781
26021
26020
26023
26022
26025
26024
13079
9388
13040
13041
13044
8733
12990
13045
13042
13043
2625
12999
26111
26110
26113
22790
25024
26112
12993
13048
12994
13049
12991
13046
12992
13047
12997
12998
12995
1416
12996
13051
3290
13052
13050
13055
13056
13053
13054
13059
13057
13058
13022
13023
5366
13020
9963
13021
12979
12977
12978
12057
12971
13026
12972
13027
13024
12970
13025
16775
12975
12976
12973
13028
12974
13029
13030
13033
13034
13031
13032
26104
26103
26106
26105
26108
26107
26109
12988
12989
26100
26102
26101
12982
13037
12983
13038
12980
13035
12981
13036
12986
12987
12984
13039
12985
