5142
13121
13242
13122
13243
8532
13240
13120
13241
35713
35712
35711
35710
33530
13125
13246
13126
13247
13123
13244
35719
13124
13245
35718
13129
35717
3877
35716
13127
13248
35715
13128
13249
35714
13250
17850
13132
13253
13374
13133
13254
13130
13251
13131
13252
13136
13257
13137
13258
35709
11872
13134
13255
35708
13135
13256
35707
11632
35706
35705
13138
13259
13139
18477
13220
4199
13221
6257
13224
13225
13222
13223
13228
13229
13226
13227
7354
13231
16620
13232
12022
13230
27753
23152
13235
13236
18804
13233
13234
13118
13239
13119
31567
13237
13238
8457
13320
17121
13208
13209
2344
13202
13203
13321
13200
13322
13201
5614
13206
13207
13204
13205
12240
13210
5071
13219
2115
13213
13214
4776
13211
13212
13217
13218
13215
13216
5400
13309
10956
13307
13308
32862
731
13301
13302
13300
13305
7935
13306
13303
13304
1722
13318
13319
30790
29212
12465
13312
13313
13310
13311
13316
13317
13314
13315
14295
9346
11340
32960
6502
5312
15270
7050
1500
2950
3246
12685
13183
13184
13181
13182
7620
13187
13188
13185
13186
13180
26932
12892
13189
13194
13195
13192
13193
13198
13199
13196
13197
13190
9132
13191
13161
13282
13162
13283
13280
13160
13281
13165
13286
13166
13287
13163
13284
13164
13285
35756
35755
35754
35753
35752
35751
35750
4488
13169
13167
13288
13168
13289
13172
13293
13173
13294
13170
13291
13171
13292
13176
13297
13177
13298
13174
13295
13175
13296
13290
35746
35745
35744
35743
35742
35741
35740
8734
13178
13299
13179
35749
35748
10467
35747
13260
13140
13261
6573
13143
13264
13144
13265
13141
13262
13142
13263
35735
35734
35733
35732
35731
35730
35179
13147
13268
13148
13269
9713
10794
13145
13266
13146
13267
35739
35738
13149
35737
35736
13150
13271
13151
13272
13270
13154
13275
13155
13276
13152
13273
13153
13274
35724
35723
35722
35721
35720
13158
13279
13159
13156
13277
13157
13278
35729
31925
35728
35727
35726
35725
