35390
9632
366
31221
11633
13580
13583
13584
13581
13582
29009
22058
36102
13587
13588
13585
13586
13589
13590
13591
13594
13595
13592
13593
13598
13599
13596
13597
43
22712
13561
13682
13562
13683
13680
8214
13560
13681
28133
13565
13686
13566
13687
13563
13684
13564
13685
13569
5616
13567
13688
13568
13689
13690
7133
13572
13693
36670
13573
13694
36671
13570
13691
13571
13692
3572
5072
13576
13697
13577
13698
8459
13574
13695
13575
13696
4778
13578
13699
6837
13579
13660
13540
13661
36660
36661
36662
13549
13543
13664
36663
13544
13665
36664
13541
13662
36665
13542
13663
36666
13547
13668
36667
13548
13669
36668
13545
13666
36669
13546
13667
13550
13671
13551
13672
36650
13670
36651
27835
13554
13675
36652
13555
13676
36653
13552
13673
36654
13553
13674
36655
13558
13679
36656
13559
36657
12467
13556
13677
36658
1724
5408
10720
13557
13678
36659
8017
9348
36640
13529
36649
13527
13648
13528
13649
11342
13521
13642
36641
13522
13643
36642
6504
13640
36643
13520
13641
36644
13525
13646
36645
13526
13647
36646
13523
13644
36647
13524
13645
36648
13650
22807
36638
28220
36639
13538
13659
13539
2951
3247
13532
13653
36630
15832
6754
12686
13533
13654
36631
13530
13651
36632
13531
13652
36633
13536
13657
36634
13537
13658
36635
13534
13655
36636
1504
13535
13656
36637
13507
13628
36627
13508
13629
36628
13626
36629
12538
13627
13509
27343
13620
5314
13621
36620
14710
36621
12893
36622
13624
36623
13625
36624
10237
13622
36625
13623
36626
1098
13518
13639
36616
13519
36617
13516
13637
36618
13517
13638
36619
13510
13631
13511
13632
36610
13630
36611
13514
13635
36612
13515
13636
36613
13512
13633
36614
13513
13634
36615
21341
36042
4490
13606
36605
13607
36606
13604
36607
13605
36608
36609
13608
13609
32926
13602
1418
13603
2627
13600
13601
36604
21237
22326
13617
13618
13615
13616
13619
26123
13610
8735
13613
3965
13614
13611
13612
9965
31927
13705
13706
13703
13704
13709
13707
13708
10796
13701
13702
13700
9056
460
13716
13717
13714
13715
13712
13713
13710
13711
