18495
22074
42596
42597
42598
42599
42592
42593
9632
42594
42595
366
42590
42591
11633
42585
13580
42586
28718
42587
42588
13583
42581
13584
42582
13581
42583
13582
42584
42589
20315
13587
13588
13585
13586
38404
42580
13589
14315
13590
42574
13591
42575
42576
42577
13594
42570
13595
42571
13592
42572
13593
42573
21539
42578
42579
40834
13598
13599
5722
13596
13597
43
13561
13682
23926
3682
13562
13683
13680
8214
13560
13681
42569
33972
13565
13686
13566
13687
13563
13684
13564
13685
13569
5616
13567
13688
13568
13689
38749
13690
13572
13693
13573
13694
13570
13691
13571
13692
3572
26404
5072
13576
13697
13577
13698
8459
13574
13695
13575
13696
4778
13578
13699
13579
13660
13540
13661
27029
13549
13543
13664
13544
13665
13541
13662
13542
13663
13547
13668
13548
13669
13545
13666
13546
13667
13550
13671
13551
13672
13670
30550
13554
13675
13555
13676
13552
13673
13553
13674
13558
13679
13559
12467
13556
13677
1724
10720
13557
13678
9348
13529
13527
13648
13528
13649
11342
13521
13642
13522
13643
6504
13640
13520
13641
13525
13646
13526
13647
13523
13644
13524
13645
39102
13650
13538
13659
13539
2951
3247
13532
13653
6754
12686
13533
13654
13530
13651
13531
13652
13536
13657
13537
13658
13534
13655
13535
13656
7741
21121
13507
13628
13508
13629
13626
13627
13509
13620
5314
13621
12893
13624
13625
10237
13622
13623
4000
1098
29656
13518
13639
13519
13516
13637
13517
13638
13510
13631
13511
13632
13630
13514
13635
13515
13636
13512
13633
13513
13634
32019
8850
42600
42601
42602
4490
13606
13607
13604
13605
13608
13609
13961
13602
1418
13603
2627
13600
13601
13617
13618
13615
13616
13619
13610
8735
13613
13614
13611
13612
9965
21441
38202
13705
13706
13703
13704
13709
13707
13708
13701
13702
13700
9056
13716
13717
13714
13715
34079
10563
13712
13713
13710
13711
16427
