22513
13804
32203
4849
13805
32204
13802
32201
13803
32202
13808
13809
32200
13806
13807
32209
13800
32207
13801
17843
32208
32205
32206
18263
9633
13815
13816
13813
13814
367
13819
13817
13818
19917
13811
13812
11634
13810
13903
13904
13901
10999
13902
13907
13905
13906
13900
7111
7356
9412
13118
10523
44
8215
2107
2346
13323
5617
12242
32195
32196
32193
32194
32191
32192
5073
32190
16608
32199
26762
32197
32198
13781
13782
4552
13780
32184
32185
1159
10958
32188
32189
32186
32187
13785
13786
13783
13784
7936
13789
17468
13787
13788
13792
13793
13790
13791
13796
13797
13794
13795
1725
10721
13798
12468
13799
13880
13760
13881
21947
13769
29424
13763
13884
13764
13885
13761
13882
11343
13762
13883
13767
13888
13768
13889
13765
13886
13766
13887
13770
13891
13771
13892
13890
3248
11914
13895
13774
13896
13775
13772
13893
13894
13773
13899
13778
13779
13897
13776
13898
13777
7622
8273
13507
13749
10238
13747
13868
13748
13869
29641
12894
13741
13862
13742
13863
5315
13860
13740
13861
13745
13866
13746
13867
13743
13864
13744
13865
21013
13870
1099
13758
13879
13759
13752
13873
13753
13874
13750
13871
13751
13872
13756
13877
13757
13878
13754
13875
3945
13755
13876
4491
21100
32240
13727
13848
13728
13849
13725
13846
13726
13847
13729
13840
13720
13841
1419
13723
13844
2628
13724
13845
13721
13842
13722
13843
22320
13738
13859
32236
13739
32237
13736
13857
32234
13737
13858
32235
32232
32233
32230
32231
13730
13851
6556
13731
13852
13850
16203
13734
13855
13735
13856
13732
13853
32238
13733
13854
32239
13826
32225
13827
32226
13824
32223
13825
32224
32221
32222
13828
13829
32220
13822
32229
13823
13820
32227
13821
32228
9057
21332
13837
32214
13838
32215
13835
32212
13836
32213
25495
32210
32211
13718
13839
13719
13830
5128
9966
13833
32218
13834
32219
13831
32216
13832
32217
