14331
3880
14332
14330
9060
23722
14335
14336
14333
14334
14339
14337
14338
14342
14343
14340
14341
34294
369
14346
14347
14344
14345
14348
14349
14310
10075
29365
14319
13908
14313
14314
14311
14312
14317
14318
14315
14316
20200
14320
14321
7358
14324
14325
14322
14323
14328
14329
14326
14327
47
8216
5618
11943
14418
14419
29587
14412
14413
14410
14411
14416
33978
14417
14414
31317
14415
4781
6168
14420
8460
14308
14309
32871
14302
14423
44294
12243
14303
14424
44293
14300
14421
14301
14422
44295
32639
14306
14427
44290
14307
14304
14425
44292
14305
14426
44291
44287
44286
44289
44288
38160
734
44283
44282
44285
44284
7938
44281
44280
15295
44279
42895
44276
44275
44278
44277
10723
14409
14407
14408
34235
5885
14401
44272
14402
44271
44274
14400
44273
10961
14405
14406
14403
44270
14404
14294
44269
14295
44268
14292
14293
14298
14299
14296
44267
14297
14290
14291
11346
6507
42630
7053
2952
38016
14272
14393
14273
14394
14270
14391
14271
14392
14276
14397
14277
14398
14274
14395
14275
14396
27588
28799
14390
12895
14278
14399
14279
5317
14283
14284
14281
14282
21256
14287
14288
10240
14285
14286
14280
22226
7623
14289
36612
39209
14250
14371
14251
14372
14370
14254
14375
14255
14376
14252
14373
14253
14374
4004
14258
14379
10571
14259
16436
14256
14377
14257
14378
14261
14382
14262
14383
14380
14260
14381
14265
14386
14266
14387
14263
14384
14264
14385
10469
1422
1542
2630
14269
14267
14388
14268
14389
8738
14350
14353
14354
14351
16651
14352
14357
14358
14355
14356
14359
14239
14360
14240
14361
14243
14364
14244
14365
14241
14362
14242
14363
1206
13718
14247
14368
14248
14369
14245
14366
14246
14367
14249
