14570
14452
14573
6233
14453
14574
3881
14450
14571
14451
14572
9061
31234
31233
31236
31235
31230
31232
31231
14456
14577
14457
14578
14454
14575
14455
14576
3634
31238
31237
14458
14579
14459
31239
14580
14460
14581
14463
14584
14464
14585
14461
14582
14462
14583
18261
31223
11635
31222
31225
31224
31221
31220
14467
14588
14468
14589
14465
14586
14466
14587
11874
31227
31226
14469
31229
31228
14430
14551
14431
14552
14550
31212
31214
31213
23142
14434
14555
14435
14556
31219
9636
14432
14553
14433
14554
14438
14559
31216
14439
31215
14436
14557
31218
14437
14558
31217
14441
14562
14442
14563
14560
14440
14561
29135
14445
14566
14446
14567
14443
14564
14444
14565
14449
14447
14568
14448
14569
25308
14650
14530
14651
16392
14091
2349
14539
3311
14533
14654
7359
14534
14655
14531
14652
14532
14653
14537
14658
14538
14659
14535
14656
14536
14657
14540
14661
4782
14541
6169
14660
18464
14429
12244
14544
14545
14542
14543
14548
14428
14549
14546
14547
16603
20870
14519
14517
14638
14518
14639
3575
14511
14632
14512
14633
14630
14510
14631
14515
14636
14516
14637
14513
14634
14514
14635
14640
9693
14528
14649
10724
14529
27157
14522
14643
14523
14644
14520
14641
14521
14642
14526
14647
14527
14648
14524
14645
10962
14525
14646
23449
14618
14619
14616
14617
28214
28454
4202
14610
14611
14614
14615
6508
14612
11347
14613
3251
9350
14508
14629
11118
14509
2953
14506
14627
14507
14628
6755
14500
14621
14501
14622
14620
14504
14625
14505
14626
14502
14623
14503
14624
10470
31292
2055
31291
31294
27467
31293
31290
31296
31295
31298
31297
5318
15256
31281
27910
31280
31283
31282
14607
31289
14608
31288
14605
14606
31285
31284
14609
31287
31286
7624
14600
20040
14603
14604
14601
14602
14492
14493
4493
14490
14491
14496
14497
14494
14495
31270
31272
31271
31278
31277
31279
31274
31273
31276
31275
7998
14498
14499
31261
31260
31267
31266
31269
31268
31263
2631
31262
31265
31264
8739
14470
14591
14471
14592
12293
14590
25926
14474
14595
14475
14596
14472
14593
14473
14594
19244
31250
31256
31255
31258
31257
31252
31251
31254
31253
14478
14599
14479
14476
14597
14477
14598
31259
12731
14481
14482
17993
14480
14485
14486
14483
14484
31245
31244
31247
31246
31241
31240
2410
31243
13719
31242
14489
9969
14487
14488
31249
31248
30712
