14570
14452
14573
14453
14574
3881
14450
14571
14451
14572
9061
35032
4292
14456
14577
14457
14578
14454
14575
14455
14576
14458
14579
14459
15668
14580
14460
14581
18268
17852
14463
14584
14464
14585
14461
14582
14462
14583
26565
11635
14467
14588
14468
14589
10541
14465
14586
14466
14587
11874
14469
14430
14551
14431
14552
14550
29923
29008
14434
14555
14435
14556
9636
14432
14553
14433
14554
14438
14559
14439
14436
14557
14437
14558
18004
36570
14441
14562
36571
14442
14563
36572
14560
36573
14440
14561
6261
23154
14445
14566
14446
14567
14443
14564
14444
14565
14449
14447
14568
14448
14569
19785
14650
36560
14530
14651
36561
36562
36563
2349
14539
14533
14654
36564
7359
14534
14655
36565
14531
14652
36566
14532
14653
36567
14537
14658
36568
14538
14659
36569
14535
14656
14536
14657
14540
14661
4782
14541
36550
36551
6169
14660
36552
25313
14429
35106
12244
14544
36553
14545
36554
14542
36555
14543
36556
14548
36557
14428
14549
36558
14546
36559
14547
36540
36541
14519
14517
14638
14518
14639
3575
14511
14632
36542
14512
14633
36543
14630
36544
14510
14631
36545
14515
14636
36546
14516
14637
36547
19525
14513
14634
36548
14514
14635
36549
21731
14640
36530
23354
36539
14528
14649
10724
14529
10044
14522
14643
36531
14523
14644
36532
14520
14641
36533
14521
14642
36534
14526
14647
36535
17479
14527
14648
36536
14524
14645
36537
10962
14525
14646
36538
14618
36528
14619
36529
14616
14617
4202
14610
14611
36523
14614
36524
14615
36525
6508
14612
36526
11347
14613
36527
3251
9350
14508
14629
11118
14509
2953
14506
14627
14507
14628
6755
14500
14621
14501
14622
14620
14504
14625
14505
14626
14502
14623
14503
14624
10470
2055
5318
27919
14607
29772
14608
14605
14606
14609
32374
7624
14600
14603
14604
14601
14602
14492
14493
4493
14490
14491
14496
14497
14494
14495
12752
14498
14499
12083
2631
8739
14470
14591
14471
14592
14590
14474
14595
14475
14596
14472
14593
14473
14594
33435
458
14478
14599
14479
14476
14597
14477
14598
14481
14482
14480
14485
14486
14483
14484
25934
13719
14489
9969
18969
14487
14488
