23603
23604
23605
23606
23607
23608
23609
1583
1462
1582
1461
1581
1460
1580
23600
23601
23602
1459
1579
1458
1578
1457
1577
1456
1576
1455
1575
1454
1453
1574
2663
1452
1573
12711
23614
23615
23616
23617
23618
23619
19112
1594
1473
1593
1472
1592
1471
1591
1470
1590
23610
23611
23612
23613
1469
1589
1468
3
1588
1467
1587
1466
1586
1465
1585
1464
1584
1463
1484
1483
1482
1481
1480
1118
10755
1479
1599
1478
1598
1477
1597
1476
1596
1475
1595
1474
1495
1494
1493
1492
1491
1490
1489
1488
1487
1486
1485
18129
1385
1384
1383
1382
1381
1380
1379
1378
1499
1377
1498
1497
1496
4522
22607
1396
1395
1394
1393
1392
1391
1390
1389
1388
1387
1386
10982
1399
1398
1397
2379
23562
23683
23563
23684
23564
23685
23565
23686
23566
23687
23567
23688
23568
23689
23569
23680
1057
23560
23681
23561
23682
23573
23574
23575
23576
23577
23578
23579
23570
23571
23572
23669
6532
23661
23662
23663
23664
23665
23666
23667
23668
23660
13744
23559
4243
23672
23430
23673
23674
23675
23676
23677
23557
23678
23558
23679
23670
23671
23647
23648
6790
23649
23640
23641
23642
23643
23644
23645
23646
23658
23659
23650
23651
23652
23653
23654
23655
23656
20028
23657
324
23625
7660
23626
23627
23628
23629
23620
23621
23622
691
23623
23624
23636
23637
23638
23639
8766
23630
23631
23632
23633
23634
23635
11896
11655
17969
21085
14679
22184
23130
23584
23585
23586
23587
23588
23589
23580
23581
23582
23583
8249
23595
23596
23597
23598
23599
1602
1601
1600
23590
23591
23592
23593
23594
1609
1608
1607
1606
1605
1604
1603
1613
1612
1611
1610
1619
1618
1617
1616
1615
1614
1624
1503
1623
1502
1622
1501
1621
1500
1620
1509
1629
1508
1628
1507
1627
1506
1626
1505
1625
1504
1635
1514
1634
1513
1633
1512
1632
1511
1631
1510
1630
1519
1639
1518
1638
1517
1637
1516
1636
1515
7077
16584
1404
1646
1525
1403
1645
1524
1402
1644
1523
1401
1643
1522
1400
1642
1521
1641
1520
1640
1409
1408
1529
1407
1649
1528
1406
1648
1527
1405
1647
1526
1660
1415
1536
1657
1414
1656
1535
1413
1655
1534
1412
1654
1533
1411
1653
1532
1410
1652
1531
1651
1530
1650
1419
1418
1539
1417
1538
1659
1416
1537
1658
1550
1671
1670
1426
1547
1668
1425
1546
1667
1424
1545
1666
1423
1544
1665
1422
1543
1664
1421
1542
1663
1420
1541
1662
1540
1661
1429
3607
1428
1549
1427
1548
1669
1440
1561
1682
1560
1681
1680
1437
1558
1679
1436
1557
1678
1435
1556
1677
1434
1555
1676
1433
1554
1675
1432
1553
1674
1431
1552
1673
1430
1551
1672
1439
1438
1559
1451
1572
1450
1571
1570
1448
1569
1447
1568
1446
1567
1445
1566
1444
1565
1443
1564
1442
1563
1441
1562
1449
