13121
41150
27777
9194
26686
14904
14905
14902
11637
14903
14908
14909
14906
14907
14900
14901
46391
371
15885
29939
25334
13909
12026
37666
37097
48
14892
14893
36682
14890
14891
2351
14896
14897
14894
14895
14898
14899
5076
8462
4783
25676
14429
8218
15043
42783
15042
15041
15040
14870
14992
14871
14991
14990
6171
7939
3577
14874
14996
14875
14995
736
14872
14994
14873
14993
14878
14879
14999
14876
14998
14877
14997
14881
14882
14880
24448
33700
33267
14885
14886
1729
14883
14884
14889
14887
14888
15021
15020
15025
14970
15024
15023
15022
14858
14979
14859
28571
14852
14973
15029
14853
14974
15028
11223
14971
15027
14851
14972
15026
14856
14977
14857
14978
14854
14975
14855
14976
15032
7054
15031
15030
14980
15036
14860
14981
15035
15034
15033
9352
2955
14869
14863
14984
14864
14985
15039
6757
14861
14982
15038
14862
14983
15037
12689
14867
14988
14868
14989
14865
14986
14866
14987
5320
15003
15002
10471
15001
15000
14959
14957
14958
14951
15007
14952
15006
32828
15005
14950
15004
14955
14956
14953
15009
12897
14954
15008
15010
15014
15013
15012
15011
47180
47181
14968
14969
14962
15018
47188
10241
14963
15017
17319
47189
14960
15016
47186
14961
15015
47187
14966
47184
14967
47185
14964
47182
14965
15019
47183
47179
14937
14938
47170
14935
14936
14939
47177
13720
14930
47178
47175
12992
47176
14933
47173
14934
47174
14931
47171
14932
47172
8740
19953
47168
47169
8064
14948
14949
14946
1423
14947
2632
14940
47166
14941
47167
6317
14944
14945
47042
17777
14942
14943
35292
14915
14916
14913
14914
14919
14917
14918
14911
14912
14910
22548
42136
14926
14927
14924
14925
14928
14929
14922
14923
14920
14921
