48109
48107
48108
13121
48105
48106
48103
48104
36929
48101
48102
48100
14904
14905
14902
11637
14903
14908
14909
14906
14907
14900
14901
4616
43797
19681
371
45295
13909
40950
46935
12026
9783
37098
48
14892
14893
14890
14891
2351
14896
14897
14894
14895
39956
14898
14899
5076
8462
19557
4783
48093
48094
14429
48091
48092
48090
48099
5745
8218
48097
48098
48095
11039
48096
15043
15042
15041
15040
14870
14992
14871
14991
14990
6171
7939
3577
14874
14996
46583
14875
14995
736
14872
14994
48088
14873
14993
48089
14878
14879
14999
14876
14998
14877
14997
14881
14882
14880
14885
14886
1729
14883
14884
14889
20081
14887
14888
15021
15020
15025
14970
15024
15023
15022
14858
14979
14859
14852
14973
15029
14853
14974
15028
14971
15027
14851
14972
15026
14856
14977
14857
14978
14854
14975
14855
14976
15032
7054
15031
15030
14980
15036
14860
14981
15035
15034
15033
42517
9352
2955
14869
14863
14984
14864
14985
15039
6757
14861
14982
15038
14862
14983
15037
12689
14867
14988
14868
14989
14865
14986
14866
14987
21367
5320
15003
19166
6893
15002
10471
10592
15001
15000
15121
14959
14957
14958
14951
15007
14952
15006
15005
14950
15004
14955
14956
14953
15009
12897
14954
15008
15010
15014
15013
15012
15011
40312
14968
14969
14962
15018
10241
14963
15017
14960
15016
14961
15015
14966
14967
14964
14965
15019
14937
14938
14935
14936
14939
13720
14930
14933
14934
14931
14932
44214
8740
14948
14949
14946
1423
14947
2632
14940
13610
14941
14944
14945
14942
14943
35296
14915
14916
14913
14914
14919
14917
14918
6325
14911
14912
14910
26587
47947
14926
14927
14924
14925
14928
14929
48110
14922
904
14923
14920
14921
