13121
58033
58032
58031
58030
31912
7559
14904
14905
14902
11637
14903
14908
14909
14906
57752
14907
14900
14901
371
51546
13474
13909
12026
48427
48
14892
14893
14890
14891
2351
14896
14897
14894
33738
14895
47451
51567
14898
14899
5076
8462
4783
14429
30697
8218
15043
15042
15041
15040
14870
14992
14871
14991
14990
6171
7939
3577
14874
14996
14875
14995
736
14872
14994
14873
14993
14878
14879
14999
14876
14998
14877
14997
14881
14882
14880
14885
14886
1729
10167
14883
14884
14889
48076
14887
14888
15021
15020
48626
15025
14970
15024
15023
15022
14858
14979
14859
14852
14973
15029
14853
14974
15028
14971
15027
14851
14972
15026
14856
14977
14857
14978
14854
14975
14855
14976
15032
7054
15031
15030
14980
15036
14860
14981
15035
40453
15034
15033
9352
2955
14869
14863
14984
14864
14985
15039
5546
6757
14861
14982
15038
14862
14983
15037
12689
14867
14988
14868
14989
14865
14986
14866
14987
5320
15003
15002
10471
15001
15000
14959
14957
14958
51266
14951
15007
14952
15006
15005
56719
14950
15004
14955
14956
14953
15009
12897
14954
15008
15010
48956
15014
15013
15012
15011
54661
14968
14969
14962
15018
10241
14963
15017
14960
15016
14961
15015
14966
14967
14964
14965
15019
41994
48027
24059
14937
14938
14935
14936
14939
13720
14930
38227
14933
14934
49230
14931
14932
8740
28427
14948
14949
14946
1423
14947
2632
53596
14940
14941
14944
14945
14942
14943
14915
14916
56996
14913
14914
14919
14917
14918
51865
14911
14912
14910
14926
14927
58029
14924
14925
14928
14808
14929
14922
14923
14920
14921
