6230
3632
4846
13935
1101
3883
17738
11875
15087
15086
15085
15084
7103
14430
22617
15089
15088
15083
15082
372
15081
15080
8789
15098
15097
15096
15095
15099
15090
15094
15093
15092
15091
17838
12027
12940
15065
15186
15064
15185
20411
15063
15184
15062
15183
15069
15068
15189
15067
15188
5620
15066
15187
15061
15182
15060
15181
7361
15180
15076
15197
15075
15196
17256
15074
15195
8463
15073
15194
15079
15078
15199
18463
4784
15077
15198
1150
15072
15193
15071
15192
15070
15191
15190
26760
15164
15163
15162
15161
15047
15168
15046
15167
15045
15166
7940
15044
15165
15160
6172
15049
737
15048
15169
15054
15175
15053
15174
15052
15173
15051
15172
15058
15179
15057
15178
15056
15177
15055
15176
17111
15050
15171
15170
10725
15059
10963
15142
15141
15140
15146
15145
15144
15143
23447
30782
30781
30780
15149
4204
15148
14851
15147
16599
13768
10017
15153
15152
9353
15151
8265
15150
15157
15156
15155
15154
25751
3253
21832
30772
30771
30774
30773
29556
30770
30779
15159
15158
30776
30775
30778
2956
30777
15120
15124
5321
15123
15122
15121
21009
20039
30761
30760
30763
30762
3939
13509
15128
30769
10472
15127
30768
15126
15125
30765
30764
30767
15129
30766
15131
15130
15135
15134
15133
15132
30750
30752
30751
2057
10242
15139
30758
15138
30757
7626
15137
15136
30759
30754
30753
30756
30755
15102
15101
30739
15100
1776
30741
30740
15106
30747
15105
30746
15104
30749
15103
30748
30743
15109
30742
15108
30745
15107
30744
15113
30729
15112
30728
15111
15110
1424
30730
2633
15117
30736
15116
30735
15115
30738
15114
30737
30732
30731
15119
30734
15118
30733
15201
30718
15200
30717
30719
15205
30725
15204
30724
15203
30727
15202
30726
5119
15209
30721
15208
30720
15207
30723
15206
30722
14240
9970
15212
15211
15210
15216
30714
15215
30713
15214
30716
15213
30715
30712
15217
