46723
46724
46721
46722
15663
15662
46720
15661
15660
46729
46727
46728
24018
46725
46726
15667
15666
13123
15665
15664
15669
15668
15670
41382
15674
15673
15672
15671
40176
46718
46719
46716
46717
1103
15678
15677
4611
15676
15675
15679
15641
15762
15640
15761
15760
15645
9639
15644
15765
15643
15764
15642
15763
15649
15648
15647
15646
15652
15651
15650
15656
15655
15654
15653
13911
15659
15658
37307
15657
7363
15740
44740
15629
15628
15749
15623
15744
13324
15622
15743
15621
15742
15620
15741
15627
15748
15626
15747
15625
15746
15624
15745
8465
8221
43644
15630
15751
19551
5079
15750
28385
15639
2354
15634
15755
15633
15754
15632
15753
15631
15752
15638
15759
11037
12247
15637
15758
19679
15636
15757
15635
15756
6174
12690
15044
3580
15729
15728
15727
4785
15722
15721
15720
15726
15725
15724
15723
15739
15738
10727
15733
15732
15731
39801
15730
12469
15737
15736
15735
15734
15708
15707
15706
29660
15705
15709
15700
21261
4206
15704
15703
15702
15701
9355
42511
20627
15719
15718
15717
15716
521
15711
46550
15710
36874
2959
15715
15714
15713
15712
5323
26497
10474
40794
36619
25055
2059
13511
10245
45558
4494
42605
4022
46750
46751
40657
1426
30977
30611
15681
46745
15680
46746
46743
46744
15685
46741
15684
46742
15683
15682
46740
46749
46747
46748
15689
15688
15687
15686
15692
46734
15691
46735
15690
46732
46733
15696
46730
15695
46731
9973
15694
15693
46738
46739
46736
46737
15699
15698
15697
15218
