14690
16077
16076
16075
16074
16079
16078
16073
16072
21427
16071
16070
24496
10771
16088
16087
16086
16085
16089
16080
16084
16083
16082
16081
3885
8779
16055
16054
16053
16052
16173
16059
16058
16057
16056
16051
16172
16050
16171
16170
374
28275
28276
28273
6808
28274
2687
28279
28277
28278
28271
28272
28270
16066
16065
16064
16063
16069
16068
16067
16062
16061
16060
16033
16154
16032
16153
16031
16152
16030
16151
16037
16158
16036
16157
16035
16156
16034
16155
28259
16150
28253
1139
28254
28251
28252
28257
28258
28255
28256
15621
16039
16038
16159
28250
13325
16044
16165
8223
16043
16164
16042
16163
21510
16041
16162
16048
16169
16047
16168
16046
16167
8467
16045
16166
16040
16161
15071
16160
28264
28265
28262
28263
28268
28269
2355
28266
28267
5621
16049
4536
28260
28261
16011
16132
16010
16131
16130
16015
16136
16014
16135
16013
16134
16012
16133
18794
28239
28237
28238
3581
28231
28232
28230
28235
28236
28233
28234
11122
16019
4786
16018
16139
16017
16138
16016
16137
16022
16143
16021
16142
14083
16020
16141
16140
16026
16147
16025
16146
16024
16145
16023
16144
28248
28249
23236
28242
28243
10967
28240
28241
741
28246
28247
28244
28245
16029
16028
16149
16027
16148
16110
22911
16114
16113
16112
16111
28217
2396
28218
28215
28216
28219
11349
28210
28213
28214
28211
28212
16118
16117
16116
14059
16115
4207
14854
16119
24092
16121
16120
7057
16125
16124
16123
16122
3255
28228
28229
28226
28227
28220
28221
26282
28224
28225
28222
28223
16129
16128
16127
16126
6759
17459
26375
2961
24199
16103
16102
16101
16100
24889
2060
28209
23792
789
16107
16106
16105
7988
16104
7628
16109
13513
16108
4496
13723
11667
8742
3299
1428
2637
16099
16098
16097
16096
16091
16090
16095
16094
16093
16092
6222
7674
14242
