16198
16197
16196
16195
4058
16199
16190
1580
16194
52050
16193
52051
16192
16191
52054
52055
52052
52053
52058
52059
52056
52057
52061
52062
52060
52065
11514
52066
52063
52064
29951
37565
16176
16297
16175
16296
16174
16295
16294
16179
16178
16299
21880
16177
16298
16293
16292
16291
16290
41807
33994
14434
15766
16187
16186
16185
16184
13232
16189
16188
16183
16182
16181
16180
12028
14569
16275
16274
16273
17004
16272
16279
16278
12470
16277
16276
16271
27605
16270
1257
16286
16285
46119
16284
16283
8468
16289
8224
16288
16287
16282
16281
16280
2356
5622
46474
16253
16252
16251
6176
16250
16257
16256
16255
12691
16254
5081
16259
21040
16258
16264
16263
16262
16261
16268
16267
16266
16265
16260
742
10729
5888
7944
16269
16231
16352
16230
16351
16350
16235
16356
16234
16355
16233
16354
16232
16353
29305
1730
16239
16238
16359
16237
16358
16236
16357
51129
4208
38705
16242
16241
6760
16240
16246
16245
9357
16244
16243
16249
16248
16247
16330
16213
16334
16212
16333
16211
16332
16210
16331
2962
16217
16338
16216
16337
16215
16336
16214
16335
12898
16219
16218
16339
16220
16341
16340
16224
16345
16223
16344
16222
16343
16221
16342
16228
16349
16227
16348
16226
16347
16225
16346
13514
7629
10247
16229
16312
16311
4497
16310
1896
29743
16316
16315
16314
16313
16319
16318
16317
8743
16202
16323
16201
16322
16200
16321
16320
26244
16206
16327
16205
16326
16204
16325
16203
16324
15913
1429
16209
2638
16208
16329
16207
16328
18710
16301
16300
6346
9974
47707
52047
32210
52048
16305
16304
51631
16303
52049
16302
16309
15219
16308
16307
16306
37902
