16631
16752
16630
16751
16750
9062
22513
32203
4849
32204
32201
32202
32200
16635
16756
16634
16755
16633
16754
32209
16632
16753
16639
32207
16638
17843
32208
16637
32205
16636
16757
32206
16642
18263
16641
16640
16646
16645
16644
19917
3886
16643
16649
16648
16647
16730
375
16619
10999
16618
16739
16613
16734
15402
16612
16733
16611
16732
16610
16731
16617
16738
16616
16737
15768
16615
16736
16614
16735
7111
16620
16741
16740
9412
13914
16629
16624
16745
16623
16744
16622
16743
16621
16742
16628
16749
16627
16748
10523
16626
16747
16625
16746
2107
16719
16718
16717
16712
16711
16710
16716
16715
16714
16713
32195
32196
32193
32194
32191
32192
32190
16609
16608
16729
16607
16728
32199
26762
32197
32198
16602
16723
16601
16722
16600
16721
14664
16720
16606
16727
16605
16726
16604
16725
16603
16724
16011
4552
32184
32185
3583
5082
8470
1159
32188
32189
32186
32187
4788
11123
17468
16709
16708
12900
16707
16706
10968
744
16701
16700
7945
16705
16704
16703
16702
16594
16593
16592
16591
16598
4210
16597
16596
16595
21947
16590
29424
16599
16360
9359
7058
11914
6514
13773
16572
16693
16571
16692
16570
16691
16690
16576
16697
16575
16696
16574
16695
16573
16694
8273
2964
29641
16579
16578
16699
16577
16698
16583
16582
16581
16580
16587
21013
7630
16586
16585
16584
2061
10249
13516
16589
16588
3945
16671
16670
16675
16674
21100
16673
16672
32240
16679
16678
16677
16676
16682
16681
16680
16565
16686
8744
16685
16684
16683
22320
32236
32237
32234
32235
32232
32233
32230
32231
16569
6556
16568
16689
16567
16688
16203
16566
16687
2639
32238
32239
16653
16652
16651
16650
32225
32226
32223
32224
32221
32222
32220
16657
16656
16655
16654
32229
16659
32227
16658
32228
16660
9975
16664
21332
16663
16662
16661
32214
32215
32212
32213
25495
32210
32211
16668
16667
5128
16666
16665
32218
32219
32216
16669
32217
