17167
17200
17168
17201
17169
17202
17203
17163
17164
17165
17166
17160
17161
17162
9064
16910
17208
17209
17204
17205
11623
17206
17207
17178
17211
17179
17212
16361
17213
17214
6762
17174
17175
17176
17177
17210
17170
17171
17172
17173
46715
34974
57911
51376
17219
17215
48174
3888
17216
17217
17218
17145
17146
17147
17148
17141
17142
48567
9643
17143
17144
42342
17140
41658
28275
376
57405
17149
10476
2967
14437
17156
17157
17158
22901
17159
17152
17153
7633
17154
17155
17150
17151
51552
5326
17123
17124
17125
17126
15223
12473
17120
17121
17122
10733
13726
316
15623
5853
17127
17128
53
17129
17134
17135
17136
17137
17097
17130
16564
17098
17131
17099
17132
8225
17133
17093
17094
17095
17096
17090
17091
17092
2359
57833
56188
50003
5625
17138
17139
12249
17101
17189
44203
17102
4790
17103
17104
17185
17186
41058
16013
17187
17220
17100
17188
17181
17182
17183
17184
46749
5084
17180
54210
59107
1432
2640
17109
17105
17106
17107
17108
17112
17113
5890
17114
17115
17196
17197
17110
17198
17111
17199
17192
17193
6180
17194
25017
17195
17190
17191
59516
54466
3586
17116
58826
59519
17117
17118
17119
