17288
17289
17284
17285
17286
18375
17287
17280
17281
17282
17283
9065
13125
17299
43443
43444
43445
43446
9755
17295
17296
43440
17297
43441
17298
43442
17291
17292
17293
17294
43447
17290
11877
11639
17266
17387
43432
17267
17388
43433
42102
17268
17389
43434
17269
43435
17262
17383
41257
12250
17263
17384
17264
17385
43430
9644
17265
17386
43431
17380
17260
17381
17261
17382
33192
43436
43437
43438
43439
15403
4500
14438
17277
17398
43421
17278
17399
43422
17279
43423
43424
17273
17394
17274
17395
17275
17396
36452
15770
17276
17397
43420
17390
43429
34396
17270
17391
40039
17271
17392
17272
17393
43425
43426
5171
43427
43428
17244
17365
17245
17366
17246
17367
17247
17368
17240
17361
7366
17241
17362
17242
17363
17243
17364
43418
43419
17360
43414
43415
43416
43417
158
43097
17248
17369
17249
54
17255
17376
17256
17377
17257
17378
17258
17379
17251
17372
17252
17373
17253
17374
17254
17375
17370
17250
17371
2360
32870
14665
17259
5626
17222
17343
17223
17344
17224
17345
17225
17346
16014
17340
17341
17221
17342
28473
17226
17347
17227
17348
17228
17349
17229
17233
17354
17234
17355
17235
17356
5891
17236
17357
17350
17230
17351
17231
17352
17232
17353
6181
35448
12901
14521
12348
17237
17358
17238
17359
17239
17321
17322
17323
17324
4212
17320
41798
33490
17329
17325
14857
17326
17327
17328
17332
17333
17334
17335
11351
17330
6763
17331
32392
17336
17337
17338
17339
17420
17300
17421
17301
17422
17423
17302
39454
9362
7061
32021
17428
17307
17429
17308
17309
17424
17303
17425
17304
17426
17305
17427
17306
17431
17310
17432
17311
17433
17312
17434
17313
17430
32255
17318
17319
5327
17435
17314
17436
17315
17316
17317
17400
17401
33691
40548
13727
17406
7634
17407
17408
17409
42283
17402
17403
17404
17405
17410
17411
17412
31939
17417
21350
17418
17419
17413
17414
17415
17416
36143
1433
8747
27671
