18135
18136
18137
18138
12031
18131
18132
18133
18134
29702
18130
30387
752
9977
55965
18139
16759
16911
14063
18146
18147
18148
9596
18149
18142
18143
18144
17210
18145
18140
18141
59015
58168
49421
6515
53831
58607
18234
18235
18236
18237
18197
18230
18198
18231
18199
18232
18233
18193
18194
18195
18196
18190
18191
7063
18192
59262
18238
18239
18124
18125
18126
5330
18127
14441
18121
18122
18123
41008
2065
18240
381
29419
17719
9648
18128
18129
52648
18179
18212
18213
18214
18215
18175
18176
18177
18210
18178
18211
18171
18172
18173
18174
57380
18170
45836
18216
13328
15626
18217
12478
18218
15987
18219
18223
18224
18104
18225
18226
18186
18187
18220
18188
18221
18189
18222
18182
18183
2362
18184
18185
18180
18181
5629
17819
16569
18227
18228
51217
58924
18229
18157
8751
18158
17224
18159
18153
48766
18154
8477
18155
4795
18156
18150
18151
18152
57289
51066
25001
16017
12695
49452
17589
18168
18201
18169
18202
18203
18204
18164
14244
18165
30948
5894
18166
18167
18200
18160
18161
18162
18163
28924
3589
32176
18209
32616
18205
18206
18207
18208
