18256
44269
18257
18258
47898
9068
18259
47899
18252
47896
18253
47897
10251
18254
47894
18255
47895
18250
18251
25584
12797
18267
18300
47922
18268
18301
47923
3091
18269
18302
47920
18303
47921
3890
18263
18264
18265
32829
18266
46157
42516
18260
18261
18262
25511
47926
47924
47925
1864
18308
18309
11355
4217
18304
18305
18306
18307
47911
47912
6012
16174
16570
6891
47910
16453
47919
47917
47918
47915
3261
47916
7064
47913
47914
22733
28311
6766
12134
18516
18245
47900
18246
47901
46933
18247
18248
5331
18241
14442
18121
18242
18243
18244
47908
47909
47906
47907
47904
47905
47902
47903
26146
9649
47584
17957
15774
18249
18296
18297
18298
18299
18292
18293
18294
18295
18290
18170
18291
22953
10737
7638
12479
56
2363
46198
18278
18311
18279
18312
5087
18313
18314
18274
18275
18276
8478
18277
18310
16091
18270
18271
22650
18272
18273
43238
2644
18319
11126
18315
18316
18317
18318
6186
18289
18322
18323
18324
7950
18285
18286
18287
18320
39489
39643
5895
18288
18321
18281
18282
18283
18284
3590
18280
29858
4796
20080
