18498
18499
21422
21421
15784
18494
21420
18495
12033
18496
18497
18490
18491
18492
18493
19107
21314
21313
21312
21311
3892
21319
21318
21317
21316
21315
18476
18597
21402
18477
18598
21401
18478
18599
21400
18479
18472
18593
14673
18473
18594
12492
18474
18595
18475
18596
18590
21409
18470
18591
21408
18471
18592
21407
21406
21405
21404
21403
17826
10751
15405
18487
21413
18488
21412
18489
21411
21410
18483
18484
18485
18486
18480
18481
21419
18482
21418
21417
21416
383
21415
21414
18454
18575
18455
18576
18456
18577
18457
18578
18450
18571
18451
18572
7369
18452
18573
18332
18453
18574
12909
18570
10738
15627
18458
18579
18459
18465
18586
12480
18466
18587
57
18467
18588
18468
18589
18461
18582
18462
18583
5630
18463
18584
18464
18585
2364
18580
18460
18581
18469
18553
18554
18555
5088
18556
18550
18551
18552
2373
7380
17226
18557
18558
18559
18443
18564
17234
18444
18565
5098
18445
18566
18325
18446
18567
18560
18561
18562
19894
18563
3591
8241
8480
12904
4797
18447
18568
18448
18569
18449
18531
17443
18532
18533
21389
6198
18534
21388
21387
21386
21385
18530
21384
8490
16916
14859
753
18539
21383
21382
21381
21380
1738
7958
18535
18536
16912
18537
18538
18542
18543
18544
18545
21399
21398
21397
6522
18540
21396
18541
21395
21394
21393
21392
21391
18546
21390
18547
18548
18549
9366
21369
18510
21368
18511
21367
18512
21366
21365
21364
21363
21362
18517
21361
18518
21360
18519
20270
6767
18513
2969
18514
10479
18515
18516
18520
18521
21379
18522
21378
18523
21377
21376
21375
21374
21373
2067
9374
18528
21372
18529
21371
21370
18524
18525
18526
18527
21347
21346
7640
18610
21345
18611
21344
21343
21342
5344
21341
21340
21349
21348
18619
18612
18613
15229
18614
18615
21358
21357
18500
21356
18501
21355
21354
21353
21352
21351
17091
20700
21359
13737
18506
21350
18507
18508
18509
18502
18503
18504
18505
21325
21324
21323
21322
21321
21320
21329
21328
21327
21326
11642
21336
21335
21334
18600
21333
21332
21331
21330
21339
21338
21337
1444
18609
18605
8759
18606
18607
18608
18601
18602
18603
18604
