18498
18499
18494
24818
18495
12033
18496
18497
18490
18491
18492
18493
31356
34862
15669
3892
28627
128
18476
18597
18477
18598
18478
18599
18479
18472
18593
18473
18594
18474
18595
18475
18596
18590
18470
18591
28710
18471
18592
21526
33633
5951
15405
18487
18488
18005
18489
36690
36691
18483
36692
18484
36693
18485
36694
18486
36695
18480
18481
18482
383
30596
33188
36696
36697
36698
36699
1803
18454
18575
18455
18576
18456
18577
18457
18578
36680
18450
18571
36681
18451
18572
36682
7369
18452
18573
36683
18453
18574
36684
18570
10738
830
27169
36685
36686
36687
36688
15627
18458
18579
36689
18459
18465
18586
12480
18466
18587
57
18467
18588
18468
18589
18461
18582
18462
18583
5630
18463
18584
36672
18464
18585
36673
2364
18580
18460
18581
32512
32078
36674
36675
36676
36677
18469
36678
36679
18553
18554
18555
5088
18556
18550
18551
18552
17226
18557
18558
18559
18443
18564
18444
18565
18445
18566
18325
18446
18567
18560
18561
18562
18563
35441
3591
8480
12904
4797
18447
18568
18448
18569
18449
18531
18532
18533
18534
18530
33370
14859
753
7712
18539
1738
18535
18536
16912
18537
18538
18542
18543
18544
18545
18540
18541
18546
18547
18548
18549
9366
18510
18511
18512
18517
18518
18519
6767
18513
2969
18514
10479
18515
18516
18520
18521
18522
18523
2067
3035
18528
18529
18524
18525
18526
18527
7640
18610
18611
18612
18613
18614
18615
18500
18501
22209
17091
36715
36716
30175
18506
18507
18508
18509
36710
18502
36711
18503
36712
18504
36713
18505
36714
6577
36704
36705
36706
36707
36708
36709
36700
11642
36701
36702
10797
36703
18600
461
18609
18605
18606
18607
18608
18601
7429
18602
18603
18604
35604
