23845
23846
23847
18930
23848
19100
23849
19101
23840
23841
23842
23843
23844
13926
1455
18939
18935
18936
18937
18938
18931
18932
19228
18933
18934
17970
23856
23857
18940
23858
17610
18941
23859
3893
9070
23850
23851
23852
23853
23854
23855
18946
18947
18948
18949
18942
18943
18944
18945
23823
23824
23825
23826
23827
23828
23829
23820
23821
23822
10756
18919
12254
23834
23835
23836
9651
23837
23838
23839
23830
23831
23832
23833
13918
18928
18929
18924
18925
18926
14444
18927
18920
18921
18922
18923
23801
23802
9661
23803
23804
23805
23806
23807
23808
15061
23800
15628
4524
18339
23812
23813
23814
23815
23816
23817
23818
23819
23810
23811
23131
23809
10741
14667
19089
19088
19085
19084
22496
19087
19086
19081
19080
19083
19082
19090
16019
8229
11128
12699
18443
19099
19096
19095
19098
19097
8482
19092
19091
20404
2380
19094
19093
17237
19067
19066
19069
19068
19063
19062
19065
21705
6190
19064
19061
19060
755
10253
10494
1739
4220
19078
19077
16365
14066
19079
19074
19073
19076
19075
19070
19072
19071
408
6517
16924
18993
19049
18994
19048
18995
18996
19045
18990
19044
9368
18991
19047
18992
19046
19041
3265
19040
19043
23784
19042
23785
23786
23787
23788
23789
18997
18998
18999
19059
7079
19056
5332
19055
10482
19058
19057
19052
23793
19051
23794
19054
23795
19053
23796
23797
23798
19050
23799
23790
23791
23792
20160
18971
19027
23889
18972
19026
18973
19029
6792
18974
19028
19023
19022
19025
18970
19024
23881
23882
19021
23883
19020
23884
23885
23886
23887
23888
2068
23880
18979
18975
18976
18977
18978
14261
18982
19038
18983
19037
18984
18985
19039
5353
19034
19033
18980
19036
18981
19035
19030
23892
23893
19032
23894
19031
23895
23896
23897
23898
23899
23890
23891
18986
18987
4813
18625
18988
18989
19005
23867
18950
19004
23868
18951
19007
23869
18952
19006
19001
19000
19003
19002
23860
23861
23862
23863
23864
23865
23866
18957
18958
18959
11882
17622
18953
19009
5912
18954
19008
18955
18956
18960
19016
23878
18961
19015
23879
18962
19018
18963
19017
19012
19011
20484
19014
19013
23870
23871
19010
23872
23873
23874
23875
23876
23877
18968
18969
12502
18964
18965
19019
18966
18967
