19104
51519
19103
19106
19105
19188
19187
19102
19189
19184
59122
19183
59121
6191
19186
19185
19180
19182
25626
59120
19181
53142
58951
29542
756
12035
10254
19108
19107
47372
19109
19115
19114
19117
19116
14067
19111
19199
19110
19198
19113
19112
1110
19195
34330
19194
41546
19197
9071
19196
19191
19190
19193
19192
1740
53830
57630
17611
19119
19118
19203
19169
19202
49418
19205
19204
19166
19165
19168
19201
19167
19200
19162
47919
19161
19164
19163
19160
58339
656
3894
19207
5835
6769
17821
19206
4505
19209
56957
19208
9652
19214
19213
19216
19215
21410
19177
19210
19176
19179
19212
19178
19211
19173
19172
34670
19175
19174
19171
19170
20688
41405
2971
58226
14445
15777
19218
19217
19148
19147
19149
19144
19143
19146
19145
19140
33175
19142
19141
55009
10971
19159
50518
19158
13330
19155
19154
19157
19156
19151
19150
19153
19152
7370
31662
48376
60
13732
10742
19126
19125
19128
19127
19122
19121
19124
19123
291
19120
8230
1437
2647
11129
5633
19129
19137
19136
19139
19138
19133
19132
19135
19134
58660
32294
19131
19130
8483
59119
59118
59117
4798
