19225
19346
19224
19345
10093
17961
19227
19348
19226
19347
19221
19342
41950
19220
19341
19102
19223
19344
19222
19343
29944
19340
19229
19228
19349
19236
19235
19238
19237
19232
19231
19352
19234
19233
9072
19230
19351
19350
3095
24023
15314
19239
38418
19324
16175
19323
19326
19325
19320
39850
19322
19321
12255
3895
19328
15406
19327
4506
19329
19335
19334
19337
19336
19331
19330
19333
19332
384
28042
12700
19339
19338
19219
19302
19301
19304
19303
19300
39038
19309
19306
19305
19308
19307
19313
5196
19312
19315
19314
12483
19311
19310
9791
19317
19316
10743
19319
5749
14668
19318
15046
47432
49050
35458
37062
8484
16267
49049
5090
3593
49040
49048
49047
49046
49045
18326
49044
49043
28481
49042
49041
17440
49039
49038
6192
49037
48982
757
5897
49036
49035
6624
49034
49033
49032
49031
49030
4221
14860
49029
40217
1741
6518
7066
19287
19286
19289
19288
3266
19283
19282
19285
19284
19281
19280
24635
19298
19297
19299
19294
19293
19296
19295
19290
19292
19291
19269
19268
19265
19264
19267
19266
19261
19260
22551
19263
19262
19279
19276
19275
19278
19277
19272
19271
19274
19273
34095
19270
13733
19247
19246
19249
19248
19243
19242
19245
47399
19244
19241
35054
19240
7777
2648
19258
19257
21455
19259
19254
39762
19253
19256
19255
19250
19252
19251
