19225
19346
19224
19345
17961
19227
19348
19226
19347
37450
19221
19342
19220
19341
19102
19223
19344
19222
19343
19340
34744
55203
19229
19228
19349
19236
19235
19238
19237
19232
47005
19231
19352
19234
19233
9072
19230
19351
19350
52184
19239
35826
19324
16175
19323
19326
19325
19320
19322
19321
12255
3895
19328
15406
19327
58979
34967
4506
19329
33515
19335
19334
19337
19336
19331
19330
19333
43540
19332
384
12700
19339
19338
19219
19302
19301
19304
19303
7004
19300
50352
19309
19306
19305
19308
19307
19313
19312
19315
19314
12483
19311
19310
19317
6714
19316
10743
19319
14668
19318
15046
8484
5090
3593
35565
18326
17440
6192
757
5897
4221
14860
2280
1741
51011
6518
7066
19287
19286
19289
19288
3266
19283
19282
19285
19284
19281
19280
53325
19298
19297
19299
19294
19293
19296
19295
19290
19292
19291
53450
9009
19269
19268
39550
19265
19264
19267
47850
19266
19261
19260
19263
19262
45318
27322
19279
19276
19275
19278
19277
19272
19271
19274
19273
19270
50084
58921
57710
58807
13733
19247
19246
19249
19248
19243
19242
19245
19244
58131
19241
19240
2648
19258
19257
19259
19254
19253
19256
19255
19250
19252
57176
19251
57858
