9981
12036
27095
4508
15408
1111
12257
15098
38198
3671
40034
143
388
19219
19786
19785
19788
19787
19782
19781
19784
19783
19780
19789
19797
7373
19796
19799
19798
15630
19793
19792
19795
19794
19791
19790
31786
10746
28142
12485
8233
19764
19885
20511
19763
19884
19766
19887
19765
19886
19760
19881
19880
19762
19883
19761
19882
24434
26297
5634
19768
19889
19767
19888
19769
19775
19774
19777
18446
19776
19771
19892
40113
19770
19891
40112
7952
19773
40111
19772
40110
40117
3595
40116
19890
40115
40114
40119
40118
3349
11132
19779
19778
19863
19862
19865
19864
40102
40101
19861
40100
19860
1187
40106
40105
40104
40103
40109
40108
40107
26399
5899
19867
19866
19869
19868
19753
19874
19752
19873
19755
19876
36190
19754
19875
19870
19872
19871
34691
20744
761
26043
14863
19757
19878
19756
19877
19759
19758
19879
19841
19840
22218
7068
19843
19842
16573
35658
19849
19848
19845
19844
19847
19846
19852
19851
19854
19853
19850
2734
29652
10483
19859
31849
19856
19855
19858
19857
19821
19820
7641
2071
5335
19827
19826
19829
19828
19823
19822
19825
19824
19830
40098
40097
19832
40096
19831
40095
40099
19838
40090
19837
19839
19834
40094
19833
40093
19836
40092
19835
40091
40087
40086
40085
40084
8755
18275
40089
40088
28633
19809
19808
19805
31935
19804
19807
19806
19801
40083
17865
19800
40082
1439
19803
40081
11644
19802
40080
40076
19810
9733
40079
40078
40077
19819
19816
19815
19818
19817
19812
19811
19814
19813
19934
