17442
20214
9983
19103
20213
20179
20212
20178
20211
20177
20210
20176
20175
20174
20219
22872
20218
20217
20216
20215
5533
20173
19628
20172
20171
20170
20225
20224
17697
20223
20189
20222
20188
20221
20187
20220
13130
20186
21396
20185
20229
20228
20227
9075
20226
1743
764
20184
20183
20182
16885
20181
20180
17613
20159
20158
20157
20156
3780
20155
20154
16574
20153
9369
20152
20556
15409
4225
53446
3898
20203
20169
20202
20168
20201
20167
20200
20166
20165
20164
20163
20209
7070
20208
20207
54383
20206
20205
20204
2975
20162
20161
20160
18920
14447
20258
14251
20257
20256
20255
20254
20253
20252
7643
20251
40385
20259
30224
53465
20250
5337
55805
4803
15228
20269
20268
50759
20267
7375
20266
9557
20265
20264
20263
20262
24982
27977
10747
20261
20260
17931
5902
18747
20236
20235
20234
20233
20199
20232
20198
20231
20197
20230
49611
20196
1440
20239
20238
20237
57446
57447
57448
54330
57449
57444
57445
20195
20194
15049
20193
20192
46065
20191
20190
11886
20247
20246
15173
20245
48999
20244
20243
20242
20241
20240
57450
57451
57452
20249
20248
5806
11816
57453
24562
51359
46570
18449
