20335
13085
20334
20333
23968
20299
20332
19221
20298
20331
20297
20330
20296
20295
20339
20338
20337
6194
20336
58831
3597
58830
30384
20294
20293
20292
7955
20291
20290
10258
20346
20345
20344
20343
16763
20342
20341
20340
2562
20349
22885
20348
20347
57754
1744
33123
765
14069
20313
20279
20312
20278
20311
20277
20310
20398
18593
20276
20397
6772
20275
20396
9005
20274
20395
14671
20273
20394
20319
20318
20317
20316
20315
20314
52992
20272
20393
20271
20392
4226
20270
20391
20390
3899
18124
20324
20323
20289
20322
20288
20321
45205
15410
20287
20320
20286
20285
20284
20329
20328
20327
20326
20325
13519
58744
20283
20282
12661
20281
20280
36855
14448
20379
20378
20377
20376
20375
20374
20373
20372
22394
53861
20371
20370
5338
49474
58759
20302
49749
20301
20389
20300
20388
20387
20023
20386
20385
20384
15198
20383
17094
20309
20308
41501
20307
20306
20305
20304
20303
2875
57035
20382
20381
20380
53479
29471
63
13735
20357
20356
20355
20354
20353
20352
20351
8236
20350
25367
20359
20358
2368
11887
20368
8487
20367
20366
20365
20364
36373
20363
17231
20362
20361
5095
20369
31486
2653
54225
1441
20360
58829
