2306
2305
2304
2303
2302
2301
2300
2308
2307
5
1101
3883
11875
15087
15086
15085
15084
15089
15088
2210
15083
15082
15081
15080
2207
2206
2205
2204
2203
2202
2201
2200
2209
2208
15098
15097
15096
15095
15099
2100
2221
15090
2220
15094
15093
15092
15091
2218
2217
2216
2215
2214
2213
2212
2211
2219
15065
15186
15064
15185
15063
15184
15062
15183
15069
15068
15189
15067
15188
15066
15187
5620
2111
2232
2110
2231
2230
15061
15182
15060
15181
15180
2108
2229
2107
2228
2106
2227
2105
2226
1378
2104
2225
2103
2224
2102
2223
2101
2222
2109
15076
15197
15075
15196
15074
15195
15073
15194
15079
15078
15199
4784
15077
15198
2122
2243
2121
2242
2120
2241
2240
15072
15193
15071
15192
15070
15191
15190
2119
2118
2239
2117
2238
2116
2237
2115
2236
2114
2235
2113
2234
2112
2233
15164
15163
15162
15161
15047
15168
15046
15167
15045
15166
15044
7940
15165
2133
2254
2132
2253
2131
2252
2130
2251
2250
15160
2129
2128
2249
2127
2248
2126
2247
2125
2246
2124
2245
2123
2244
15049
737
15048
15169
15054
15175
15053
15174
15052
15173
15051
15172
15058
15179
15057
15178
15056
15177
15055
15176
2023
2144
2265
2022
2143
2264
2021
2142
2263
2020
2141
2262
2140
2261
15050
15171
2260
15170
2019
2018
2139
10725
2138
2259
2137
2258
2136
2257
2135
2256
2134
2255
15059
10963
2034
2155
2276
2033
2154
2275
2032
2153
2274
2031
2152
2273
2030
2151
2272
2150
2271
2270
2029
2028
2149
1059
2027
2148
2269
2026
2147
2268
2025
2146
2267
2024
2145
2266
4204
14851
2045
2166
2287
2044
2165
2286
2043
2164
2285
3253
2042
2163
2284
2041
2162
2283
2040
2161
2282
2160
2281
2280
2039
2038
2159
2037
2158
2279
2036
2157
2278
2035
2156
2277
2290
5321
2056
2177
2298
2055
2176
2297
2054
2175
2296
2053
2174
2295
2052
2173
2294
2051
2172
2293
2050
2171
2292
2170
2291
2049
2048
2169
2047
2168
2289
13509
2046
2167
2288
10472
2180
2067
2188
2066
2187
2065
2186
2064
2185
2063
2184
2062
2183
2061
2182
2060
2181
2059
2058
2179
2057
2178
2299
10242
7626
2070
2191
2190
2078
2199
2077
2198
2076
2197
2075
2196
2074
2195
2073
2194
2072
2193
2071
2192
2069
2068
2189
2081
2080
2089
2088
2087
2086
2085
2084
2083
2082
326
2079
2092
2091
2090
2099
2098
2097
2096
2095
2094
2093
693
9970
14430
372
12027
7361
8463
6172
15142
15141
15140
15146
15145
15144
15143
15149
15148
15147
15153
15152
9353
15151
15150
15157
15156
15155
15154
15159
15158
2956
15120
15124
15123
15122
15121
15128
15127
15126
15125
15129
15131
15130
15135
15134
15133
15132
15139
15138
15137
15136
15102
15101
15100
15106
15105
15104
15103
15109
15108
15107
15113
15112
15111
15110
1424
2633
15117
15116
15115
15114
15119
15118
15201
15200
15205
15204
15203
15202
15209
15208
15207
15206
14240
15212
15211
15210
1683
15216
15215
15214
15213
15217
