20577
20698
20576
20697
20696
20695
20694
20693
14450
20692
20691
20579
20578
20690
20588
23856
20587
20586
20585
20584
20583
20582
36353
38531
1908
20581
20589
24382
20580
39502
20676
20675
20674
20673
20672
20671
20670
20679
20678
20677
12259
20687
20686
20685
20684
20683
20682
9654
20681
20680
20689
20688
35366
4511
49883
11058
18921
20654
20653
20652
20651
20650
390
20659
20658
20657
20656
20655
952
10974
20665
20664
20663
20662
20661
7377
20660
47202
20669
20668
20667
20666
10627
12488
15633
64
20632
20631
20630
20639
20638
20637
20636
20635
20634
20633
25880
20643
20642
20641
20640
8488
16023
20649
20648
20647
20646
20645
20644
12907
36414
18329
20610
46448
6196
14178
20618
43858
20617
20616
20615
20614
20613
20612
19181
20611
3599
20609
20608
13640
20621
20620
26969
6520
16367
20629
20628
20627
20626
20625
20624
20623
20622
766
20619
31749
16575
6775
20153
18192
20607
20606
20605
20604
28326
20603
20602
40318
19292
20601
20600
2977
3269
52122
5340
50754
51969
20942
53473
53474
53472
53477
53478
53475
53476
7646
53479
20599
20598
20597
20596
20595
20594
20593
20592
53480
53481
11647
11889
53482
20591
20590
8757
