48349
15781
20699
57622
57623
57624
57625
57620
57621
57509
17724
19356
56308
20797
20796
20795
20794
20793
20792
3782
20791
20790
20558
20799
20798
49894
17822
12702
20775
20774
20773
20772
20771
40388
20770
391
20779
20778
20777
52092
20776
10975
20786
20785
20784
20783
7378
20782
20781
20780
42430
20789
20788
20787
10748
15634
13335
20753
23108
20752
20751
20750
43996
8238
20759
20758
20757
2370
20756
20755
48409
20754
29321
5096
20764
20763
4680
20762
20761
20760
20769
20768
20767
20766
20765
3902
50148
6197
20731
20730
20850
45232
20739
20738
19065
20737
20736
20735
20734
20733
20732
31197
20729
8145
20742
20741
20740
38496
19630
36991
20749
20748
20747
20746
20745
20744
20743
767
11359
14865
1746
20830
20717
20838
20716
20837
20715
20836
20714
20835
20713
20834
20712
20833
20711
20832
20710
20831
55069
20709
20708
20829
20707
20828
18876
20720
20841
20840
20728
20849
9370
20727
20848
20726
20847
20725
20846
20724
20845
20723
20844
20722
20843
20721
20842
2852
29533
20719
20718
20839
6776
10485
5341
20816
20815
20814
20813
20812
20811
2072
20810
4804
20809
20808
20807
20806
18618
9279
20706
20827
20705
20826
20704
20825
20703
20824
20702
20823
20701
20822
20700
20821
20820
20819
20818
20817
30162
48000
13271
19498
20805
20804
20803
20802
20801
20800
2655
