19105
49316
19223
5260
12039
13921
20904
43209
20903
20902
20901
20900
16764
40287
34963
12703
15413
20896
20895
20894
20893
44501
20892
18330
20891
20890
392
20899
20898
20897
10976
48412
12489
13336
65
20874
20995
20873
20994
20872
20993
20871
20992
11360
20870
20991
20990
2254
22011
20879
20878
20877
20876
20997
20875
20996
20885
5097
20884
20883
20882
20881
20880
16024
57693
20889
20888
20887
20886
8239
11135
20852
20973
20851
20972
20971
39232
20970
4693
20859
20858
20979
20857
20978
20856
20977
42765
20855
20976
20854
20975
20853
20974
12430
20863
20984
20862
20983
47769
20861
20982
5550
20860
20981
10260
20980
20869
44818
20868
20989
20867
20988
20866
20987
20865
20986
20864
20985
31983
1747
20951
20950
20959
20958
20957
20956
20955
20954
20953
20952
58217
58219
58218
20949
30769
4227
20962
20961
20960
39324
20969
20968
20967
20966
7072
20965
9371
20964
3270
20963
6777
56966
2978
37250
5342
20937
20936
20935
20934
20933
20932
20931
20930
4805
2864
20929
24175
20928
20927
11300
20940
20948
20947
20946
20945
20944
20943
20942
20941
20939
20938
7647
20915
20914
20913
20912
20911
20910
11648
20909
20908
30163
20907
20906
20905
16538
20926
20925
20924
20923
20922
20921
20920
20919
56881
20918
20917
20916
58148
