19105
19223
30826
12039
13921
20904
20903
20902
58046
20901
20900
52180
16764
27625
54815
9893
49646
41364
12703
13478
15413
20896
20895
20894
20893
20892
18330
20891
20890
392
20899
20898
20897
10976
30464
54155
53078
12489
13336
65
20874
20995
20873
20994
20872
20993
20871
20992
11360
20870
20991
20990
20879
20878
20877
20876
20997
20875
20996
20885
5097
20884
20883
20882
20881
16146
20880
16024
20889
20888
20887
20886
8239
11135
20852
20973
20851
20972
20971
20970
20859
20858
20979
20857
20978
20856
20977
20855
20976
20854
20975
20853
20974
20863
20984
20862
20983
20861
20982
20860
20981
10260
20980
20869
20868
20989
20867
20988
20866
20987
20865
20986
20864
20985
52222
1747
20951
45336
20950
18753
37152
45579
20959
20958
20957
20956
20955
20954
20953
20952
10910
24870
20949
4227
20962
20961
20960
4124
20969
20968
20967
20966
7072
20965
9371
20964
3270
20963
6777
52006
2978
5342
44341
20937
20936
20935
20934
20933
20932
20931
20930
4805
20929
20928
20927
55768
20940
20948
20947
20946
58244
20945
58243
20944
20943
20942
20941
20939
20938
7647
8992
20915
20914
20913
20912
20911
20910
11648
20909
20908
20907
20906
20905
44797
20926
20925
20924
20923
20922
20921
34193
20920
20919
20918
20917
20916
55559
53138
