21545
21544
21543
21542
8776
21541
21540
21549
21548
21547
21546
24492
17965
12280
21556
21555
21554
21553
21552
21551
21550
2681
21559
21558
21557
17616
13134
16765
21523
21522
21521
21520
16177
21529
21528
21527
21526
21525
21524
6807
27065
27066
27063
27064
27069
1113
27067
27068
14674
21083
27061
27062
15646
27060
16187
21534
18125
21533
21532
21531
21530
21539
21538
21537
21536
21535
27074
27075
9091
27072
27073
18922
27070
27071
15069
17243
21509
21508
21507
27049
21506
21505
21504
21503
26638
21502
27043
397
27044
27041
27042
27047
27048
27045
1133
27046
27040
21512
21511
21510
21519
21518
21517
21516
21515
21514
21513
27054
27055
27052
27053
27058
25550
27059
27056
27057
27050
27051
21600
69
27029
2374
27027
27028
7381
21604
21603
21602
21601
27021
27022
27020
27025
27026
27023
27024
16933
20400
7397
16026
27038
27039
16380
27032
27033
3904
27030
27031
27036
27037
27034
27035
21609
14884
23564
8492
5657
7959
27018
27019
27016
27017
25637
27014
27015
27012
27013
1748
13534
14866
14270
20031
6523
6780
3272
21589
21588
21587
21586
21585
4254
21584
21583
21582
2981
21581
21580
15230
21599
21598
21597
21596
21595
21594
21593
9395
2999
3601
5346
21592
21591
21590
21567
21566
21565
21564
21563
21562
21561
21560
21569
21568
21578
21577
21576
21575
21574
21573
21572
21571
21579
2657
7668
21570
11891
6219
