21545
21544
21543
21542
21541
18495
21540
21549
21548
21547
21546
22074
17965
21556
42596
21555
42597
21554
42598
21553
42599
21552
42592
21551
42593
21550
42594
42595
21559
21558
21557
17616
13134
16765
42590
42591
21523
42585
21522
42586
21521
28718
42587
21520
42588
13583
42581
42582
42583
16177
42584
21529
21528
21527
42589
21526
20315
21525
21524
1113
14674
21083
38404
42580
14315
21534
42574
18125
21533
42575
21532
42576
21531
42577
21530
42570
42571
42572
42573
21539
21538
42578
21537
42579
21536
40834
21535
5722
18922
23926
3682
21509
21508
21507
21506
21505
21504
21503
42569
21502
397
33972
38749
21512
21511
21510
21519
21518
21517
21516
21515
26404
21514
21513
21600
69
27029
2374
7381
21604
21603
21602
21601
20400
16026
3904
30550
8492
7959
39102
1748
14866
7741
21121
6523
6780
4000
29656
3272
32019
21589
8850
21588
21587
21586
21585
21584
21583
21582
42600
42601
42602
2981
13961
21581
21580
15230
21599
21598
21597
21596
21595
21594
21593
3601
5346
21592
21591
21590
21567
21566
21565
21564
21563
21441
21562
21561
21560
38202
21569
21568
21578
21577
21576
21575
21574
21573
21572
21571
21579
2657
34079
21570
11891
10563
16427
