21666
21665
6199
21664
17445
21663
38022
21662
7960
21661
21660
25864
24532
21669
21668
21667
13923
21677
21676
21675
48614
19358
21674
48613
21673
48612
18781
21672
48611
21671
48610
14341
21670
21679
21678
33643
16766
16369
17617
13135
1749
14867
21644
38085
48605
21643
48604
21642
48603
43038
21641
48602
4231
21640
48601
48600
16178
12372
21649
21648
48609
21647
48608
21646
48607
25967
2170
21645
48606
32028
16577
21655
21654
18126
21653
6781
21652
21651
21650
9655
17150
21659
21658
7075
21657
21656
12704
18333
21622
21621
21620
21629
29504
21628
21627
21626
21625
21624
21623
25427
4808
12910
21633
21632
45148
20025
21631
7650
21630
46115
47960
21639
21638
21637
20701
21636
21635
21634
13738
13219
35502
21688
21687
21686
21685
21684
36780
4034
21683
21682
38564
21681
21608
21607
21606
42947
21605
7382
21689
178
22096
21680
5639
21611
21699
21610
21698
11490
21697
21696
21695
21694
21693
48599
21692
48598
21619
21618
21617
21616
34591
21615
21614
21613
21612
32699
21609
16668
20481
21691
21690
