21666
18895
21665
6199
21664
17445
21663
21662
7960
21661
21660
42001
21669
21668
21667
3514
13923
51120
54236
50553
21677
21676
21675
19358
21674
21673
18781
21672
21671
21670
57352
21679
55294
21678
58564
16766
16369
17617
13135
1749
14867
17578
21644
21643
21642
21641
4231
10194
21640
16178
21649
21648
21647
21646
21645
57249
2563
16577
57802
21655
21654
18126
21653
6781
21652
49768
21651
21650
9655
21659
8681
21658
7075
21657
21656
12704
10924
18333
21622
21621
44345
21620
21629
21628
21627
21626
21625
21624
21623
11308
56458
4808
58917
12910
58916
21633
21632
20025
21631
7650
21630
38056
41866
21639
21638
21637
20701
21636
21635
21634
13738
4137
21688
21687
44565
21686
21685
21684
21683
21682
21681
21608
21607
21606
21605
7382
21689
21680
6446
14631
5639
21611
21699
21610
21698
21697
21696
21695
21694
21693
21692
21619
21618
21617
21616
21615
21614
21613
21612
21609
29971
20481
21691
21690
10684
47263
