21787
21786
21785
21784
21783
21782
21781
21780
21789
20578
21788
13367
14454
17845
21798
21797
21796
21432
21795
21794
12041
21793
21792
21791
21799
32675
3641
21790
21765
21764
21763
21762
21761
21760
33196
33197
33194
33195
21769
33192
21768
33193
21767
33190
21766
33191
1114
33198
33199
811
21776
21775
21774
21773
21772
21771
21770
33185
33186
33183
33184
1490
21779
21778
21777
12705
33189
27751
33187
33188
4515
15415
18923
21743
21742
21741
21740
21749
21748
21747
21746
20414
21745
21744
398
12911
6825
21754
21753
21752
21751
21750
26766
21759
28942
21758
21757
22049
21756
21755
13338
20874
21721
21720
14072
5640
2375
21729
21728
21727
21726
16370
21725
21724
21723
21722
21719
11363
31776
21732
21731
21730
8243
21739
21738
21737
21736
21735
21734
21733
28125
15260
7961
21707
33130
21706
29427
21705
28457
21704
21703
21702
21701
21700
19632
21710
21718
33240
21717
33241
21716
25754
21715
21714
21713
21712
21711
33244
21709
33242
21708
33243
14868
4232
21806
21805
33230
21804
21803
21802
21801
21800
33237
33238
33235
33236
33233
33234
33231
33232
6524
33239
20288
21813
21812
21811
21810
33226
33227
33224
33225
33222
21809
33223
21808
33220
21807
33221
33228
33229
21104
2076
33215
33216
33213
33214
33211
33212
2982
33210
33219
33217
33218
17097
33204
33205
33202
33203
33200
33201
16206
5347
33208
33209
33206
33207
17742
12739
15447
14482
8760
20482
1446
11650
30837
