21787
21786
21785
4296
21784
37450
21783
37451
21782
37452
21781
37453
21780
37454
21789
20578
21788
28297
14454
21798
21797
21796
21795
21794
37440
12041
21793
37441
21792
37442
21791
37443
21436
21799
32312
2434
21790
37444
37445
37446
37447
37448
37449
21765
21764
21763
21762
21761
21760
21769
26658
21768
21767
21766
1114
37434
37435
37436
37437
5956
37438
37439
21776
17278
21775
21774
21773
21772
21771
21770
21779
21778
21777
12705
4515
15415
18923
21743
21742
22713
21741
21740
21749
21748
21747
21746
21745
21744
398
12911
21754
21753
20300
21752
21751
21750
7137
21759
21758
25316
21757
21756
21755
13338
27171
21721
21720
14072
5640
2375
21729
21728
21727
21726
16370
21725
21724
21723
21722
3335
21719
11363
21732
21731
21730
8243
21739
31082
21738
21737
21736
21735
21734
21733
30791
10049
7961
4574
20054
21707
21706
21705
21704
21703
21702
21701
21700
1178
19632
21710
21718
21717
21716
21715
21714
21713
21712
21711
29430
21709
21708
12322
14868
4232
21806
21805
21804
21803
21802
21801
21800
6524
16222
21813
21812
21811
21810
21809
21808
21807
2076
3040
2982
17097
5347
36387
36821
30720
8760
20482
34070
34513
1446
11650
