21787
21786
21785
18017
21784
21783
21782
21781
21780
21789
20578
21788
32566
30265
14454
3999
21798
21797
21796
21795
21794
12041
21793
21792
21791
21799
40607
21790
21765
21764
42344
21763
21762
21761
21760
21769
21768
21767
21766
1114
7458
21776
21775
21774
21773
21772
21771
21770
21779
21778
21777
12705
4515
15415
18923
21743
42563
21742
42564
21741
42565
21740
42566
15861
42560
42561
42562
21749
21748
21747
42567
21746
42568
21745
21744
398
12911
21754
42552
21753
42553
21752
42554
21751
42555
21750
42550
42551
32195
21759
21758
42556
21757
42557
21756
42558
21755
42559
4897
13338
21721
42541
21720
42542
14072
42543
42544
5640
42540
2375
21729
42549
21728
21727
21726
16370
21725
42545
21724
42546
21723
42547
21722
42548
21719
11363
21732
42530
21731
42531
21730
42532
8243
42533
42538
21739
42539
21738
21737
2140
21736
42534
21735
42535
21734
42536
21733
42537
31889
42520
42521
42522
7961
21707
42527
21706
42528
21705
42529
21704
21703
42523
21702
42524
21701
42525
21700
42526
33257
19632
21710
42510
42511
39101
21718
42516
21717
42517
21716
42518
21715
42519
21714
42512
21713
42513
21712
42514
21711
42515
42509
21709
21708
14868
37604
4232
21120
21806
42505
21805
42506
21804
42507
21803
42508
21802
21801
21800
6524
11201
12772
21813
21812
21811
21810
21809
21808
21807
2076
2742
2982
10330
17767
8849
17097
5347
18159
27669
28870
34765
8760
13394
20482
1446
1201
11650
14128
