22877
22878
22879
5023
22870
22871
57462
22872
22873
22874
20854
22875
22876
13925
33012
17448
22800
22888
22801
22889
22802
22803
19111
22804
22805
39981
22806
22807
22880
22881
22882
22883
22884
22885
22886
22887
59137
59136
402
59139
59138
31341
12046
16920
51532
10266
54409
58605
31624
22855
22856
22857
20156
22858
22859
40685
59023
22694
2570
22850
22851
59140
22852
22853
22854
1116
1753
12498
52513
48684
13743
22866
22867
22900
22868
22901
22869
22902
22903
9379
18244
22860
22861
58584
22862
22863
22864
22865
53452
22183
4238
15417
37824
22833
42442
51838
22834
22835
22836
22837
22838
22839
22792
22793
59044
22794
22795
22796
9660
22797
22830
8172
21503
22798
22831
22799
22832
22790
51322
22791
22844
22845
17411
22846
22847
22848
22849
17099
7654
18101
22840
22841
22842
22843
13695
18623
22811
22899
22812
43873
17620
22813
22814
22815
22816
22817
22818
19360
22891
22892
22893
22894
58375
22895
22896
22897
22810
22898
54334
22890
22808
22809
6206
37999
22305
22789
22822
22823
22824
22825
22826
22827
22828
22829
1451
22785
22786
22787
22820
22788
22821
22819
11652
