26555
26554
26557
26556
26559
26558
21425
26551
26550
1453
26553
26552
17968
14458
15790
19235
19117
26566
26565
26568
26567
26569
2679
26560
26562
26561
26564
26563
17979
14465
12049
9089
13346
15643
18247
1130
22189
12267
18456
22033
23485
26632
23486
26631
23487
26634
23488
26633
23489
26636
26635
26637
23480
23481
23482
23483
26630
23484
4521
11143
22606
23496
23497
23498
23499
12924
23490
23491
23492
23493
23494
23495
26618
26617
26619
22495
23463
26610
23464
23465
26612
23466
26611
23467
26614
23468
26613
23469
26616
26615
23460
23461
23462
26629
7395
26628
23474
26621
23475
26620
23476
26623
23477
26622
23478
26625
23479
26624
20403
26627
26626
23470
23471
23472
23473
5645
15059
19899
23449
8496
16591
23441
23442
23563
23443
23444
23445
23446
23447
23448
11905
23440
13526
26607
26606
17455
26609
26608
23452
23453
23333
23454
26601
23455
26600
23456
26603
23457
26602
23458
26605
23459
26604
23450
23451
13533
16923
23548
20158
23549
7983
15243
23540
23541
23542
23543
23544
23545
23546
23547
23438
23439
4242
22905
23430
23551
23431
23552
23432
23553
23433
23554
23434
23555
23435
23556
23436
23437
782
23550
13754
23526
23527
23528
23529
26599
9381
26598
23520
23521
23522
23523
23524
23525
26591
26590
26593
26592
26595
26594
26597
26596
23537
25837
23538
23539
14260
15234
23530
23531
23532
23533
23534
23535
3292
23536
3606
22415
23504
23505
23506
23507
23508
23509
26577
26576
26579
26578
23500
23501
23502
23503
26571
26570
26573
26572
26575
26574
7659
12059
23515
23516
23517
23518
22309
23519
26588
26587
23510
26589
23511
23512
23513
23514
26580
26582
26581
26584
26583
12508
26586
26585
5920
12501
