8772
23845
23846
23847
23848
23849
23840
23841
23842
23843
23844
13926
1455
12276
15424
19228
18933
17970
23856
23857
23858
23859
20582
14462
23850
23851
23852
23853
23854
23855
17974
23823
23824
23825
23826
23827
23828
23829
25686
25685
25688
25687
23820
25689
23821
23822
10756
25680
25682
25681
25684
25683
23834
23835
23836
23837
23838
23839
25697
25696
25699
25698
23830
23831
23832
23833
25691
25690
18928
25693
25692
25695
25694
23801
23802
9661
23803
23804
23805
23806
23807
16034
23808
25664
25663
25666
25665
15061
25668
25667
23800
25669
4529
25660
25662
25661
4524
18339
23812
23813
23814
23815
23816
23817
23818
23819
25675
25674
25677
25676
9670
25679
25678
23810
23811
25671
25670
23131
25673
25672
23809
10984
25649
23902
14078
25642
22496
25641
25644
25643
25646
25645
25648
25647
25640
10275
25653
25652
25655
25654
25657
20404
25656
2380
25659
25658
25651
25650
17237
25741
25740
21705
25743
25742
25745
25744
25746
10494
19504
25639
25638
25637
23338
13530
408
16924
25727
25726
25729
18633
25728
21002
23784
25721
23785
25720
23786
25723
23787
25722
23788
25725
23789
25724
779
25738
25737
7079
25739
23793
25730
23794
23795
25732
23796
25731
23797
25734
23798
25733
23799
25736
25735
23790
23791
23792
20160
7088
23889
25705
25704
9386
25707
6792
25706
25709
25708
23881
23882
23883
23884
23885
25701
23886
25700
23887
25703
23888
25702
23880
25023
14261
25716
25715
25718
25717
5353
25719
23892
23893
23894
25710
23895
23896
25712
23897
25711
23898
25714
23899
25713
23890
23891
14267
4813
18625
23867
23868
23869
5364
23860
23861
23862
23863
23864
23865
23866
3615
17622
4823
5912
23878
23879
22308
20484
23870
23871
23872
23873
23874
23875
23876
23877
12507
12502
