23966
8498
23967
23968
23969
40740
34341
40744
40743
23960
40742
23961
40741
20856
23962
40748
23963
40747
6591
23964
40746
8250
23965
40745
40739
40738
2664
10495
36762
7451
40733
23970
40732
20748
23971
40731
23972
40730
23973
40737
23974
40736
23975
40735
23976
40734
40729
40728
40727
5425
7969
16925
23944
39296
23945
23946
24519
23947
13341
23948
13188
23949
6533
9082
23940
40726
28716
23941
40725
23942
23943
38522
23955
38074
23956
23957
23958
23959
16585
3673
21817
22221
23950
23951
34392
23952
23557
23953
23954
18929
20161
23922
23923
6793
23924
15062
23925
23926
15101
23927
23928
23929
3282
23920
23921
12915
23919
23933
23934
23935
23936
23937
23938
23939
3057
23930
23931
23932
32519
12767
4814
23900
14075
23901
23902
12050
21960
23903
7389
23904
6211
23905
23906
23907
21607
20999
853
14510
74
17623
16417
23911
23912
23913
23914
23915
40751
11370
23916
40750
23917
23918
3354
40755
34231
40754
40753
40752
2381
23910
11019
11932
33027
40749
23908
23909
3987
