40981
24013
24014
44705
24015
24016
24017
24018
24019
13527
1456
24010
24011
24012
8767
10496
19900
23977
23978
23979
49426
19113
24024
56382
24025
24026
24027
24028
24029
55174
24020
24021
24022
34332
24023
53559
409
43676
13342
20395
9083
24079
25202
24071
24072
40718
24073
24074
24075
24076
24077
50057
24078
1119
24070
16586
24002
24003
23432
24004
41248
24005
24006
24007
24008
24009
24082
24083
15419
53610
30591
24000
24001
20162
49366
49124
39327
37546
54706
24080
24081
16031
7080
24057
24058
24059
3283
9382
42448
56293
24050
24051
24052
24053
24054
24055
12916
24056
12236
14262
22608
24068
24069
4815
24060
24061
24062
15639
24063
24064
24065
24066
24067
18626
23988
22416
23989
53919
12051
19364
23980
24035
23981
24036
23982
24037
23983
24038
23984
24039
23985
23986
23987
24030
24031
24032
24033
24034
6725
5913
23999
23991
24046
26467
23992
24047
23993
24048
23994
24049
23995
23996
36096
23997
23998
49160
55398
24040
24041
24042
24043
24044
23990
24045
5647
12503
