44302
44301
18499
44304
44303
44300
2430
2551
2550
44309
44306
44305
44308
44307
2427
2548
2426
2547
2425
2546
2424
2545
2423
2544
2422
2543
2421
2542
2420
2541
4600
2309
2429
2428
2549
2320
2441
2562
2440
2561
2560
2317
2438
2559
2316
2437
2558
2315
2436
2557
2314
2435
2556
2313
2434
2555
2312
2433
2554
6
2311
2432
2553
2310
2431
2552
2319
2318
2439
8312
2331
2452
2573
2330
2451
2572
2450
2571
2570
2328
2449
2327
2448
2569
2326
2447
2568
2325
2446
2567
2324
2445
2566
2323
2444
2565
2322
2443
2564
2321
2442
2563
24232
13588
16979
2329
20201
42570
2342
2584
2463
2341
2583
2462
2340
2582
2461
2581
2460
2580
2339
2338
2459
11734
2337
2579
2458
27195
2336
2457
2578
2335
2456
2577
2334
2455
2576
2333
2454
2575
2332
2453
2574
2353
2474
2352
2473
2351
2472
2350
2471
2470
25668
2590
2349
2348
2469
1379
2347
2589
2468
2346
2588
2467
2345
2587
2466
2344
2586
2465
27287
2343
2585
2464
11025
44298
44297
44299
2364
2485
2363
2484
2362
2483
2361
2482
2360
2481
2480
2359
2358
2479
2357
2478
2356
2477
2355
2476
2354
2475
44296
2375
2496
2374
2495
2373
2494
2372
2493
2371
2492
2370
2491
2490
2369
2368
2489
2367
2488
2366
2487
2365
2486
18679
15296
4322
2386
2385
41689
2384
2383
2382
2381
2380
2018
2379
2378
2499
2377
2498
30671
2376
2497
37176
2397
2396
2395
2394
2393
2392
1060
2391
2390
2389
2388
2387
30425
2399
2398
38936
41410
4904
2504
2503
2502
2501
2500
10572
2509
2508
2507
2506
2505
37364
2515
2514
2513
2512
2511
2510
327
2519
2518
2517
2516
44204
2405
2526
694
2404
2525
2403
2524
2402
2523
2401
2522
31373
2400
2521
2520
2409
2408
2529
2407
2528
2406
2527
40080
44313
3071
44312
44315
44314
44311
44310
2540
44317
44316
44318
2416
2537
2415
2536
2414
2535
2413
2534
2412
2533
2411
2532
1684
2410
2531
2530
2419
2418
2539
2417
2538
