21424
24659
8253
24652
57581
24651
24654
18251
24653
24656
56092
24655
24658
24657
57580
35557
50033
24650
13928
47650
12712
19503
19902
3912
9994
17972
7972
37684
15792
24663
24662
24665
24664
23335
24667
24666
24669
24668
24661
24660
24638
24637
24639
24597
24630
24596
23784
24599
24632
24598
24631
24634
24633
24636
24635
54892
24591
10757
24590
24593
775
24592
24595
24594
13343
1758
24649
24648
40152
51705
7870
46653
24641
24640
24643
46817
24642
24645
24644
55075
24647
23558
24646
1122
49640
55519
24616
24615
24618
18457
24617
24619
40387
15066
47059
2991
24696
24695
24610
24698
24697
24612
24611
24699
42964
24614
24613
51282
24690
24692
24691
24694
24693
4246
51205
47692
51446
24627
24626
24629
9277
24628
14265
41862
24621
24620
24623
55373
24589
24622
24625
24624
5104
30578
44169
24674
24673
24676
24675
24678
24677
24679
24670
24672
24671
53405
9559
24605
21214
24604
24607
24606
24609
24608
5652
11373
24685
24684
24687
24686
2382
24601
24689
24600
24688
24603
24602
52164
57578
57579
24681
57574
24680
57575
24683
57576
24682
57577
