18930
24773
24772
31071
24775
24774
24777
24810
24776
29706
24779
24778
1459
3913
2667
24771
24770
8769
55967
51884
10497
53947
17449
24704
14460
19114
23978
24703
40295
24706
18787
24705
24708
24707
24709
24784
24783
24786
24785
24700
24788
24787
24702
24701
24789
53396
56149
24780
24782
24781
19757
24759
24758
7589
24751
24750
1361
24753
24752
40686
9087
24755
24754
24757
24756
10758
24803
24769
24802
40031
24805
24804
24807
24806
24809
24808
24762
24761
24764
24763
24766
22500
24765
24768
24801
24767
24800
50183
16905
1123
24760
49123
6536
52649
24737
24736
24739
24738
5585
24731
24730
24733
24732
24735
42206
670
24734
54277
4247
58919
4525
24748
24747
24749
24740
24742
24741
24744
24743
20029
24746
24745
55496
24584
2992
47562
15237
12920
24715
24714
24717
24716
6212
10271
24719
24718
14076
24795
24794
24797
24796
31491
57562
24711
24799
59184
24710
24798
24713
24712
13307
24791
24790
24793
24792
76
5914
24726
24725
24728
24727
24729
46333
24720
20406
24722
24721
24724
24723
11899
