18930
24773
24772
24775
24774
24777
24810
24776
24779
24778
1459
3913
2667
24771
24770
8769
10497
17449
54913
24704
14460
19114
23978
24703
46955
24706
18787
24705
24708
24707
24709
24784
24783
24786
24785
24700
24788
24787
22402
24702
24701
24789
24780
24782
24781
19757
24759
24758
46542
24751
58572
24750
24753
24752
9087
24755
55461
24754
24757
24756
42625
10758
35651
53569
58858
24803
24769
24802
24805
24804
24807
24806
24809
24808
24762
24761
24764
2581
24763
59310
24766
22500
24765
24768
24801
24767
24800
55110
1123
24760
58985
6536
24737
24736
24739
24738
41751
25543
24731
56692
24730
24733
24732
24735
24734
59206
58630
4247
4525
49196
24748
24747
59050
24749
46510
24740
24742
24741
24744
24743
20029
24746
24745
34810
2992
15237
45264
12920
24715
24714
24717
24716
6212
10271
24719
46741
24718
14076
24795
24794
24797
24796
24711
24799
24710
24798
24713
24712
10438
24791
24790
24793
24792
45095
76
5914
24726
24725
24728
24727
24729
24720
17074
20406
24722
24721
24724
24723
11899
36815
56648
