12273
25345
25344
25347
25346
25349
25348
24811
38948
38949
29143
3916
31631
25341
25340
25343
25342
38940
38941
38942
11189
38943
38944
30666
38945
38946
38947
18145
25356
25355
25358
25357
25359
24823
24701
38937
38938
25350
38939
30135
25352
25351
25354
25353
7723
38930
38931
38932
38933
38934
14502
38935
38936
15240
18631
25323
25322
25325
25324
25327
25326
22699
25329
25328
24590
38929
25321
414
25320
15642
8828
16185
36574
25334
25333
25336
25335
25338
23435
24886
25337
25339
24085
32136
25330
26661
25332
25331
13750
10760
25309
25308
17126
9667
17240
9149
25301
25303
3285
25302
25305
25304
25307
25306
25381
25380
25383
16959
25382
25384
10057
11147
4527
18978
18345
25319
38970
38972
38971
37883
20706
25312
28789
23255
25311
25314
25313
25316
25315
2083
20304
25318
25317
12922
25310
843
38974
38973
10500
13140
22933
16411
38961
12054
38960
25367
25366
25369
25368
25361
25360
25363
25362
25365
25364
38963
37598
38962
38965
4821
38964
38967
38966
38969
38968
27839
38950
25378
25377
2384
25379
21736
25370
38959
25372
25371
25374
25373
25376
25375
38952
38951
38954
38953
38956
38955
38958
34516
38957
