19621
41550
12273
25345
25344
25347
25346
25349
25348
24811
26271
3916
25341
25340
25343
25342
52299
4726
39583
25356
25355
25358
25357
25359
51490
24701
57358
10700
25350
25352
25351
25354
25353
15240
18631
25323
25322
25325
25324
25327
25326
59381
22699
25329
25328
24590
22172
25321
414
25320
15642
16185
25334
25333
25336
25335
25338
23435
24886
25337
25339
58349
24085
25330
25332
25331
56840
13750
44472
10760
58905
25309
5581
8696
25308
9667
17240
46884
25301
25303
3285
25302
25305
25304
49917
25307
25306
25381
25380
31431
25383
25382
53983
25384
36963
11147
4527
18345
25319
20706
25312
25311
25314
25313
25316
25315
2083
25318
25317
12922
25310
15995
10500
13140
12054
25367
25366
25369
1041
25368
25361
25360
25363
25362
50890
25365
25364
52676
4821
38393
25378
25377
26103
2384
25379
58265
25370
25372
25371
25374
25373
25376
25375
