8771
18131
25466
40986
25465
40985
25468
40984
25467
23049
25469
40989
40988
40987
25460
10812
3917
13929
25462
25461
23164
25464
25463
15423
17450
25477
25476
19230
25479
25115
25478
482
1191
25471
25470
25473
25472
25475
25474
30137
30412
15241
41011
41010
39298
41013
41012
25444
25443
25446
25445
25448
26779
25447
25449
28793
25440
25442
25441
7975
41000
41004
41003
41002
41001
25455
41008
25454
41007
25457
41006
25456
41005
25459
25458
40833
41009
147
25451
25450
1761
25453
25452
38632
10761
25429
38465
25389
25422
25388
25421
40424
3286
25424
25423
25426
21504
25425
25428
7085
25427
31159
25385
22031
25387
25420
25386
4249
4528
39716
21630
40891
22440
23133
25433
25399
25432
25435
29998
25434
25437
2084
25436
25439
25438
25392
25391
25394
25393
25396
25395
25398
25431
11718
25397
25430
6799
5105
25390
25408
5361
25407
25409
22419
16377
25400
25402
25401
25404
25403
25406
25405
25480
25482
25481
25484
25483
3059
25486
25485
26299
10274
14878
16419
19405
22789
25419
25418
40993
40992
40991
40990
25411
40997
25410
40996
25413
40995
25412
40994
25415
25414
25417
40999
25416
40998
11659
11375
6858
14922
3989
