20334
8771
18131
25466
25465
25468
25467
25469
25460
3917
13929
25462
25461
36005
25464
25463
15423
48339
49428
17450
25477
25476
19230
25479
25115
25478
25471
25470
25473
25472
25475
23176
25474
33922
15241
11043
25444
25443
25446
25445
25448
40847
25447
25449
25440
25442
25441
7975
17154
25455
25454
25457
25456
25459
25458
42458
49480
48270
25451
25450
1761
25453
25452
10761
20532
25429
49599
25389
25422
25388
25421
3286
22552
25424
25423
25426
21504
25425
25428
7085
25427
49590
25385
22031
25387
25420
25386
49598
49597
49596
4249
49595
49594
49593
49592
4528
49591
21871
46235
49589
49588
23133
25433
25399
25432
25435
25434
25437
2084
25436
25439
26803
25438
44219
25392
25391
25394
25393
25396
25395
25398
25431
25397
25430
6799
49587
5105
49586
25390
4935
36835
25408
5361
25407
25409
22419
16377
11241
25400
25402
25401
25404
25403
25406
25405
25480
25482
25481
25484
25483
25486
25485
10274
14878
22789
25419
25418
44430
44397
49600
40990
25257
25411
25410
25413
8081
25412
25415
25414
42139
25417
25416
11659
11375
4039
31800
