25628
37293
38140
21940
25627
38141
38142
25629
38143
38144
38145
12275
38146
38147
2672
21707
25620
25587
25586
25622
25589
25621
25588
25624
25623
25626
25625
25581
11901
25580
25583
25582
25585
35036
25584
38148
38149
30547
38130
38131
38132
38133
38134
38135
38136
25631
25598
25630
25597
25633
25632
25599
25635
21317
25634
21954
22523
25636
29836
25590
25592
31225
25591
25594
14909
25593
25596
25595
38137
38138
38139
17732
12326
25606
25605
25608
38120
25607
38121
38122
25609
38123
38124
21241
38125
25565
25564
25567
25600
25566
25602
25569
25568
25601
25604
25603
136
1510
25561
25560
25563
25562
415
778
38126
8825
38127
38128
7977
38129
25617
16186
25616
25619
25618
38110
14683
38111
38112
38113
38114
25576
25575
25611
25578
25610
25577
25613
25612
25579
23436
25615
25614
25570
32378
25572
25571
25574
25573
10000
38115
38116
38117
38118
17831
38119
7087
37133
3288
35110
36286
25549
25548
11704
25022
5698
10054
16953
11148
19789
9436
25554
25553
19395
25556
25555
25558
25557
25559
25550
25552
25551
9669
5363
16773
13141
5917
30845
14879
17625
38151
38152
79
19256
2385
20408
25135
28369
34071
38150
11376
