25628
21940
25627
25629
12275
2672
21707
25587
25620
42769
25586
25589
25622
25588
25621
25624
25623
25626
55041
25625
25581
41828
11901
25580
25583
25582
25585
25584
29261
27816
25598
25631
25597
25630
25633
25599
25632
25635
21317
25634
25636
25590
57237
25592
35700
25591
25594
25593
25596
25595
51013
17732
25606
25605
25608
25607
25609
25565
25564
25567
25600
25566
25569
25602
25568
25601
25604
25603
57402
55343
57921
57526
25561
25560
25563
53200
25562
415
778
7977
50458
25617
16186
25616
25619
25618
14683
25576
25575
25578
25611
25577
25610
25613
25579
25612
23436
25615
25614
55993
25570
25572
25571
25574
25573
10000
17831
7087
3288
25549
25548
30587
25022
55368
15986
11148
4144
25554
25553
25556
57154
25555
25558
25557
25559
25550
25552
26366
25551
9669
5363
41173
16773
13141
293
5917
20470
53249
14879
17625
59191
79
59192
42097
2385
20408
58944
22020
11376
10202
