2672
2793
2671
2792
2670
2791
2790
2669
2668
2789
2667
2788
2666
2787
2665
2786
2664
2785
2663
2784
2662
2783
2309
2683
2682
2681
2680
2679
2678
2799
2677
2798
2676
2797
2675
2796
2674
2795
7
2673
2794
2694
2693
2692
2691
2690
2689
2688
2687
2686
2685
2684
2699
2698
2697
2696
2332
2695
5601
2595
2594
2593
2592
2591
1380
3559
4764
718
2599
2598
2597
2596
7922
5869
6741
3231
2019
1061
7610
2042
1084
8718
328
9601
9602
9600
695
9612
9613
9610
9611
9605
9606
9603
9604
9609
9607
9608
9620
9502
9503
9500
9501
351
9616
9617
9614
9615
9618
9619
9510
4185
9513
9514
9511
9512
6488
9506
9507
9504
9505
9508
9509
9520
7340
9400
9521
9403
9524
9404
9525
9401
9522
9402
9523
9517
9518
9515
9516
30
9519
9410
9531
8201
9411
9532
9530
9414
8446
9535
5299
9415
9536
9412
9533
9413
9534
9407
9528
9408
9529
9405
9526
9406
9527
9409
6153
9421
9542
9422
9543
9540
9420
9541
9425
9546
9426
9547
9423
9544
2909
9424
9545
5061
2900
2908
9418
9539
2907
9419
2906
9416
9537
2905
9417
9538
2904
2903
2902
2901
9432
9553
9433
9554
9430
9551
9431
9552
9436
9557
9437
9558
9434
9555
9435
9556
9550
2911
2910
9429
1708
9427
9548
2916
9428
9549
2915
2914
2913
2912
9443
9564
9444
9565
9441
9562
9442
9563
9447
9568
9448
9569
9445
9566
9446
9567
9560
9440
9561
2801
2800
2809
2808
2807
9438
9559
2806
9439
2805
2804
2803
2802
9333
9454
9575
9334
9455
9576
9452
9573
9453
9574
9337
9458
9579
9338
9459
7036
9335
9456
9577
9336
9457
9578
9450
9571
9451
9572
9570
2812
2811
2810
2819
2818
9449
2817
2938
2816
2815
2814
2813
9344
9465
9586
9345
9466
9587
9342
9463
9584
9343
9464
9585
9348
9469
9349
9346
9467
9588
9347
9468
9589
9340
9461
9582
9341
9462
9583
9580
9460
9581
2702
2823
2701
2822
2700
2821
2820
2709
2708
2829
9339
2707
2828
2706
2827
2705
2826
2704
2825
2703
2824
9355
9476
9597
9356
9477
9598
9353
9474
9595
9354
9475
9596
9359
9357
9478
9599
9358
9479
9590
9351
9472
9593
9352
9473
9594
9470
9591
9350
9471
9592
2713
2834
2712
2833
2711
2832
2710
2831
2830
2719
2718
2839
2717
2838
2716
2837
2715
2836
2714
2835
9366
9487
9367
9488
9364
9485
9365
9486
9368
9489
9369
9480
9362
9483
9363
9484
9360
9481
9361
9482
2603
2724
2845
2602
2723
2844
2601
2722
2843
2600
2721
2842
2720
2841
2840
2609
2608
2729
2607
2728
2849
2606
2727
2848
2605
2726
2847
2604
2725
2846
9377
9498
9378
9499
9375
9496
9376
9497
9379
9490
9370
9491
9373
9494
9374
9495
9371
9492
9372
9493
2614
2735
2856
1403
2613
2734
2855
2612
2733
2854
2611
2732
2853
2610
2731
2852
2730
2851
2850
2619
2618
2739
2617
2738
2859
2616
2737
2858
2615
2736
2857
9388
9389
9386
9387
2870
9380
9381
9384
9385
9382
9383
2625
2746
2867
2624
2745
2866
2623
2744
2865
2622
2743
2864
2621
2742
2863
2620
2741
2862
2740
2861
2860
2629
2628
2749
2627
2748
2869
2626
2747
2868
9399
9397
9398
2760
2881
9391
2880
9392
9390
9395
9396
9393
9394
2636
2757
2878
2635
2756
2877
2634
2755
2876
2633
2754
2875
2632
2753
2874
2631
2752
2873
2630
2751
2872
2750
2871
2639
2638
2759
2637
2758
2879
2650
2771
2892
2770
2891
2890
9042
2647
2768
2889
2646
2767
2888
2645
2766
2887
2644
2765
2886
2643
2764
2885
2642
2763
2884
2641
2762
2883
2640
2761
2882
2649
2648
2769
2661
2782
2660
2781
2780
2658
2779
2657
2778
2899
2656
2777
2898
2655
2776
2897
2654
2775
2896
1685
2653
2774
2895
2652
2773
2894
2651
2772
2893
3863
2659
