13481
20859
26272
26271
26274
58439
26273
58438
26276
50792
11903
26275
35432
26270
19505
44257
20585
19233
58440
22882
58442
19075
58441
26207
26206
26209
26208
2676
58443
21708
49785
17734
7981
26258
26257
26259
23788
26250
26252
26251
26254
26253
26256
26255
13345
39579
6802
26093
20165
26269
26268
29414
26261
26260
1765
26263
26262
26265
26264
26267
22186
26266
13751
52402
54828
9389
17241
26236
26114
26235
26238
21506
26237
26239
2867
26230
55088
26232
26231
11829
26234
26233
11661
28094
26247
26246
26249
26248
26241
26240
26243
58125
22283
26242
26245
26244
7664
21320
48521
26214
26213
22013
26216
26215
26218
26217
26219
56753
37917
26210
26212
26211
16777
12058
4825
46457
14882
2386
26225
26224
27316
26227
26226
26229
9297
26228
25096
26221
26220
26223
26222
51115
82
46296
11379
32854
