5389
26555
26554
26557
26556
26559
26558
21425
26551
26550
26553
26552
17846
19235
6243
19117
7694
26566
26565
26568
26567
26569
2679
26560
26562
26561
26564
26563
17979
14465
9089
15085
13346
15643
1130
22189
31565
28288
22033
26632
33295
26631
33296
26634
33293
26633
33294
26636
33291
26635
33292
23800
26637
33290
27164
33299
26630
33297
33298
7119
33284
33285
33282
33283
33280
33281
12924
33288
33289
33286
33287
26618
26617
26619
26610
33273
33274
26612
33271
26611
33272
26614
26613
33270
26616
26615
33279
33277
33278
33275
33276
32623
26629
7395
26628
26621
33262
26620
33263
26623
33260
26622
33261
26625
26624
26627
26626
33268
33269
33266
28126
33267
33264
33265
16591
33251
23563
33252
33250
33259
33257
33258
33255
33256
33253
11905
33254
20173
26607
22922
26606
17455
26609
26608
26601
26600
26603
25755
26602
26605
26604
33248
33249
33246
33247
33245
13533
31628
19517
5680
7983
15243
23439
14288
27913
782
13754
26599
26598
26591
26590
26593
26592
26595
26594
26597
26596
3951
25837
21230
3292
1786
12527
24714
7420
26577
26576
26579
26578
33314
33315
26571
33312
26570
33313
26573
33310
26572
33311
26575
26574
13940
12059
33318
33316
33317
29281
22309
26588
26587
26589
26580
33303
33304
26582
33301
26581
33302
26584
26583
33300
12508
26586
26585
5920
33309
33307
33308
2418
33305
33306
