41790
16591
26555
23563
26554
26557
26556
26559
57060
26558
21425
26551
26550
26553
11905
26552
37213
30703
49156
15032
26607
19235
26606
17455
19117
26609
43324
26608
8423
26566
26565
26568
26601
26567
26600
26603
26569
26602
26605
26604
2679
26560
52064
26562
26561
28104
26564
26563
13533
17979
14465
9089
7983
15243
13346
37159
15643
38920
46021
18762
23439
1130
22189
46539
782
27630
37823
13754
35923
22033
26599
26632
26598
26631
26634
26633
26636
26635
26637
26591
26590
26593
26592
26595
59049
57387
26594
52499
26597
26630
26596
32804
25837
3292
58481
12924
26618
49617
26617
26619
26577
26610
26576
26579
26612
26578
26611
26614
26613
26616
26615
26571
26570
26573
26572
26575
26574
12059
54734
26629
7395
26628
22309
41686
36376
26588
26621
59078
26587
26620
59077
26623
26589
26622
59079
36131
26625
26624
26627
26626
26580
26582
26581
26584
26583
53654
12508
26586
26585
5920
