26838
26837
46328
16592
26839
39473
5543
26797
26830
26796
26799
26832
26798
26831
26834
26833
26836
26835
14618
22190
26791
26790
26793
26792
27884
26278
26795
26794
6985
12279
26849
26848
26841
26840
26843
26842
26845
25117
26844
26847
26846
57875
57876
57877
57514
57878
1466
21709
28189
56421
57874
14466
57879
19118
50328
26816
26815
9881
20278
26818
37031
26817
26819
15364
49138
7984
18750
26775
26774
26777
26810
57880
26776
57881
26779
26812
26778
26811
26814
26813
26771
57882
26770
26773
26772
47232
35819
418
6805
26827
26826
26829
26828
26786
26785
26788
26821
26787
26820
26823
26789
26822
26825
26824
26780
26782
26781
26784
26783
10002
10765
4252
48026
24057
26755
26757
26756
26759
26758
26470
56577
34422
22791
11664
18459
16317
26805
26804
26807
18347
26806
26809
26808
26764
26763
26766
26765
26768
26801
26767
26800
26803
26769
26802
10503
30695
2998
10986
10901
26760
26762
26761
16721
13144
17980
49973
23342
26852
26851
26854
26853
26856
26855
26858
26857
4828
26850
41680
56006
7667
6218
51877
