26838
26837
16592
26839
26797
26830
26796
57065
26799
26832
26798
26831
26834
26833
26836
26835
22190
38828
26791
57866
26790
26793
36127
26792
26278
26795
26794
50551
12279
26849
26848
21793
26841
26840
26843
26842
26845
25117
26844
26847
26846
1466
21709
14466
19118
18751
26816
26815
20278
26818
26817
26819
7984
26775
26774
26777
26810
26776
26779
26812
26778
26811
26814
26813
50292
26771
26770
26773
26772
418
6805
26827
26826
26829
26828
26786
26785
26788
26821
26787
26820
26823
26789
26822
26825
26824
26780
26782
26781
26784
26783
10002
52005
10765
45282
4252
26755
26995
26757
26756
26759
26758
26470
11822
56453
54433
57389
22791
51321
11664
18459
14811
26805
26804
26807
18347
26806
26809
26808
26764
58088
26763
58087
26766
26765
58089
26768
26801
26767
26800
26803
58086
26769
26802
58085
10503
2998
10986
26760
53752
52147
26762
32351
26761
58090
13144
17980
23342
26852
26851
26854
26853
26856
26855
26858
26857
4828
26850
56356
51748
15574
8401
16144
54222
1964
33301
7667
6218
10168
