45875
8776
23564
59366
59365
59008
24492
30389
5657
57506
12280
27018
27019
2681
27016
27017
25637
27014
27015
27012
27013
13534
14270
37397
20031
6807
27065
27066
27063
27064
27069
27067
27068
27061
27062
15646
27060
16187
9931
40830
35525
27074
27075
9091
666
27072
27073
51712
50227
27070
27071
15069
4254
17243
21507
27049
26638
27043
27044
27041
27042
27047
27048
27045
1133
27046
49235
55801
27040
38299
2000
56583
9395
2999
27054
56621
27055
27052
27053
25550
27058
27059
27056
27057
57038
27050
27051
37647
19488
27029
27027
27028
1040
27021
27022
55783
27020
27025
27026
56992
57201
27023
27024
37877
16933
6462
7397
55709
27038
27039
16380
27032
27033
35569
27030
27031
27036
27037
27034
21609
27035
7668
14884
48594
6219
