27807
27808
27805
27806
8777
16234
27809
16595
27766
21827
27767
27800
27764
27765
27803
27804
21943
27768
27801
27769
27802
31632
27762
27763
27760
24495
27761
39876
39875
37456
39878
18938
19905
39877
39910
39879
34868
27818
27819
27816
27817
15431
27777
27810
27778
27811
27775
27776
27814
27815
8260
27779
27812
27813
39906
27770
39905
39908
13539
39907
27773
27774
39909
27771
3003
27772
30494
39900
39902
39901
39904
3923
12721
39903
14273
21247
8832
27744
36189
32382
27745
27748
27749
33072
27746
27747
2685
11442
27182
20169
27755
27756
27753
9093
27754
27759
27757
27758
27751
27752
27750
17246
11384
31156
26472
26870
1819
4885
9156
37088
3052
10989
33687
27455
16963
14470
39890
17983
39892
39891
23904
39894
39893
39896
39895
27788
27821
27789
27822
27786
27787
27820
27823
27780
27781
15848
27784
27785
27661
27782
27783
34760
39898
31934
39897
12970
39899
19404
5373
39881
39880
39883
39882
39885
10283
39884
27799
27797
27798
21217
23359
27791
27792
27790
27795
27796
3620
27793
27794
39887
39886
39889
37501
4832
39888
