23605
27644
28055
28056
28053
28054
28059
28057
28058
28051
28052
28050
23732
44536
28066
35944
28067
28064
28065
28068
28069
7206
28062
28063
28060
17735
28061
28039
28033
28034
28031
28032
28037
28038
28035
28036
28030
13350
27997
27998
27996
27999
28044
28045
28042
28043
28048
28049
28046
32098
28047
10087
28040
28041
14689
28019
28017
18691
28018
28011
28012
28010
28015
28016
36203
28013
28014
11387
23935
28028
28029
43646
28022
28023
28020
28021
12928
28026
28027
26641
28024
28025
4535
19763
28118
28119
28116
28117
27824
28110
28111
27267
28114
28115
28112
28113
13541
16935
10284
28008
28009
28006
23235
28007
43747
28000
28001
28004
28005
28002
28003
5662
21263
28107
28108
28105
43607
28106
28109
3925
28100
28103
28104
28101
28102
36875
14276
20711
32146
18635
15497
33340
40554
1767
424
7986
41514
40428
28099
28097
28098
28091
28092
28090
28095
28096
28093
28094
3297
19273
4257
46077
30612
48127
48125
48126
8072
25487
2093
28077
28078
28075
28076
28079
23066
6326
48123
28070
48124
48121
48122
28073
28074
48120
28071
28072
7673
48118
48119
48116
48117
48114
48115
28088
28089
28086
28087
3622
28080
39645
48112
28081
48113
48111
28084
28085
905
5924
28082
28083
