27644
28055
28056
28053
28054
28059
28057
28058
28051
28052
28050
28066
28067
28064
28065
28068
28069
28062
28063
28060
17735
28061
28039
53161
28033
28034
28031
28032
28037
28038
28035
28036
28030
4085
13350
27997
27998
27996
41924
27999
28044
28045
28042
28043
28048
28049
28046
28047
28040
28041
14689
17364
28019
28017
28018
28011
28012
28010
28015
28016
28013
28014
11387
21996
28028
28029
28022
28023
48094
28020
28021
12928
28026
28027
26641
28024
28025
4535
43080
19763
36540
18552
28118
28119
28116
28117
27824
28110
51580
28111
27267
28114
28115
28112
28113
44283
13541
54619
16935
10284
28008
28009
28006
23235
28007
28000
28001
28004
28005
28002
28003
5662
17681
7833
42079
15152
28107
28108
28105
28106
22126
28109
3925
28100
38817
28103
28104
28101
28102
14276
20711
27229
18635
9250
24767
1767
54783
54787
54786
424
54785
54784
7986
54789
54788
51951
54790
28099
54794
54793
28097
54792
28098
54791
28091
28092
28090
28095
28096
28093
28094
19039
3297
42955
23094
4257
50409
25487
2093
28077
28078
28075
28076
28079
28070
28073
28074
28071
28072
7673
28088
28089
28086
28087
3622
225
28080
28081
51633
28084
28085
5924
28082
18725
28083
