16596
18134
28338
28339
28336
28337
21944
28297
28330
34228
28298
28331
34227
28295
34226
28296
34225
28334
34224
28335
28299
28332
117
28333
8802
28290
28293
28294
10534
28291
28292
34229
28349
1472
23695
28347
28348
10305
28341
28342
2711
28340
28345
3005
28346
28343
28344
13779
4857
20032
9127
15088
27744
28316
28317
28314
28315
16050
28318
34280
28319
28312
28313
26652
28310
28311
18636
16188
28327
33064
34275
28328
34274
28325
34273
27996
28326
34272
34271
34270
28329
10008
28286
28287
28320
28284
28285
26023
26386
28323
34279
28324
34278
28288
28321
34277
28289
28322
34276
17835
32814
28282
28283
21091
28280
28281
9420
12074
34264
25388
34263
34262
34261
34260
34269
34268
34267
34266
34265
11388
20490
31712
9398
28305
28943
34253
28306
34252
28303
34251
28304
34250
28309
28307
28308
34259
34258
28301
34257
12929
28302
34256
34255
28300
34254
14702
31304
4537
11158
19764
20598
17460
30839
34242
34241
26216
34240
28352
28353
34249
28350
34248
28351
34247
30960
34246
34245
28354
34244
34243
6568
16385
16781
34231
34230
19372
27831
21218
34239
34238
34237
34236
34235
34234
34233
1166
34232
12744
4835
11414
87
