46325
49437
16596
18134
28338
28339
28336
28337
43619
21944
28297
28330
28298
28331
28295
35315
28296
28334
28335
28299
28332
30022
28333
16513
28290
52855
28293
28294
28291
53549
28292
45226
28349
1472
23695
28347
28348
28341
28342
28340
28345
3005
28346
28343
28344
39468
10145
20032
27744
28316
28317
28314
28315
41815
28318
28319
49490
28312
28313
28310
28311
29520
18636
41120
16188
28327
28328
28325
27996
28326
28329
10008
28286
28287
28320
28284
28285
26023
28323
28324
28288
28321
3146
28289
28322
17835
28282
28283
21091
28280
28281
45954
25388
11388
20490
9398
28305
28306
28669
28303
28304
28309
28307
28308
53473
28301
12929
28302
28300
52308
4537
6956
11158
19764
17460
42426
28077
28352
28353
28350
28351
55700
28354
55704
55703
49179
55702
49332
55701
55708
55707
55706
55705
16385
16781
45523
55709
19372
21218
22666
55711
55710
16303
55713
55712
1605
4835
87
