50826
9100
29029
29024
29023
29022
29021
29028
29027
29026
29025
53025
13762
29020
19599
8782
15432
12286
26207
12726
29035
29034
29033
3007
3927
29032
29039
29038
29037
29036
32717
5667
29031
29030
13930
33801
47999
4113
11163
23024
29009
29008
29007
29002
29001
29000
29006
28676
29005
29004
29003
18639
21480
10991
15801
13073
29019
31283
29018
29013
29012
29011
29010
29017
3302
29016
29015
29014
42163
47739
793
40816
27563
21185
29182
17251
44694
4540
5113
26645
28425
28264
31827
16530
28998
25641
28999
28996
30161
28997
2096
9682
40923
29046
57567
29045
57568
29044
57569
29043
28994
28995
29049
29048
57565
28993
29047
57566
47670
8509
29042
29041
619
29040
5377
41288
44310
57570
57571
57572
57573
23237
5926
29057
55399
29056
29055
29054
29059
29058
4678
29053
29052
29051
29050
