9100
29029
29024
29023
29022
59407
29021
34621
29028
29027
29026
29025
13762
29020
27818
49945
8782
15432
12286
26207
12726
29035
29034
54089
29033
3007
3927
29032
25110
29039
29038
52741
29037
29036
48333
5667
29031
17216
29030
13930
11163
23024
29009
29008
29007
35096
29002
29001
29000
29006
29005
29004
29003
18639
10991
13900
15801
47863
2583
29019
29018
33180
29013
29012
29011
29010
29017
3302
29016
29015
29014
26195
793
27563
17251
4540
5113
41342
57394
26645
50086
53756
46107
28998
56470
25641
28999
28996
59223
28997
2096
9682
56072
41614
29046
29045
29044
29043
28994
28995
29049
29048
33671
28993
29047
30043
36666
8509
29042
29041
29040
5377
23237
44316
5926
29057
29056
29055
52283
29054
32298
29059
29058
29053
29052
29051
29050
