19587
8132
18258
14692
29307
27646
29306
29305
29304
21428
29309
16191
29308
28694
29303
29302
29301
19909
24891
29300
7679
43051
32846
20862
19238
24708
29318
29317
29316
24664
29315
29319
29277
29310
29276
29275
29274
3928
29314
50440
29313
2399
29279
29312
29278
29311
5788
12289
13932
29273
18944
2690
29244
1474
21894
40278
44991
49927
29133
27078
30515
41235
24975
1932
29343
29342
29341
29340
796
56057
56058
56059
14019
13051
21512
11393
56063
56064
56060
56061
56062
11672
11277
7266
17463
29329
29328
27269
29327
26611
29326
55263
29288
29321
29287
29320
29286
29285
28356
29325
29324
29323
29289
29322
6964
14996
29280
51468
29284
29283
29282
29281
46730
29339
29338
29337
54182
3626
29299
29332
29298
29331
12625
29297
29330
29296
29336
29335
29334
29333
23908
29291
29290
46452
29295
29294
29293
29292
