9586
18258
14692
29307
27646
29306
29305
29304
42926
21428
29309
16191
29308
46605
28694
57745
29303
29302
29301
51366
50794
19909
24891
29300
7679
20862
19238
24708
42473
29318
29317
29316
29315
29319
29277
29310
29276
29275
29274
3928
29314
29313
2399
29279
29312
29278
29311
12289
13932
29273
34859
18944
1988
21803
2690
35019
1474
32549
53846
29133
58986
26540
27078
58985
57137
52522
51677
24575
27445
29343
29342
29341
29340
796
34267
21512
7890
11393
1029
11672
32359
17463
29329
29328
27269
29327
29326
29288
29321
29287
29320
29286
29285
28356
29325
29324
29323
29289
29322
29280
29284
49297
29283
29282
29281
38432
29339
29338
29337
38150
3626
29299
29332
29298
29331
29297
29330
29296
29336
29335
55039
29334
29333
23908
29291
29290
29295
33428
29294
29293
58949
29292
