17564
38142
30818
24498
28614
29387
29420
29386
56413
29385
29384
55689
29389
29422
29388
29421
4840
10010
1618
50313
29383
29382
29381
45194
29380
20863
8784
24425
29398
29397
29396
29395
26287
3929
29399
29390
56949
29273
29394
29393
29392
29391
22613
20035
29406
29405
23025
29404
29403
6093
29409
29408
29407
10514
29365
29364
29363
29362
29369
29402
29368
29401
51022
29367
29400
29366
55103
11288
15803
29361
29360
22506
57092
23959
29417
23794
29416
29415
29414
29419
35083
29418
29376
29375
29374
29373
29413
29379
29412
29378
29411
29377
29410
29372
29371
29370
48787
26477
29349
29348
29347
27565
29346
29345
51685
29344
42162
12634
50513
57273
29359
26646
57270
57271
9273
57272
29354
53594
54046
29353
29352
29351
29358
43917
29357
29356
29355
1949
15357
29350
19123
25923
56995
13549
5115
53926
14085
24321
21613
5927
23909
16786
