43730
45753
29549
29548
29547
29546
16192
28451
29541
29540
29545
29544
56255
24892
29543
29542
10651
34904
5792
45865
4982
3010
29552
29397
29551
29550
35148
29553
13933
19239
39574
11164
29527
24596
29526
29525
29524
29529
29528
29486
29485
12933
29484
29483
29523
29489
29522
29488
29521
29487
29520
29482
29481
29480
21897
41360
15651
29538
29537
29536
29535
49929
25216
29539
29497
29530
29496
29495
3304
29494
29534
29533
29499
29532
29498
29531
56607
56608
428
36698
29493
29492
56604
29491
56605
29490
56606
29505
29504
29503
29502
28936
29509
29508
29507
29506
29501
55920
29500
1772
4401
16038
17252
4541
36793
11394
29516
25553
29515
29514
29513
29519
29518
29517
1940
29479
29512
29511
29510
7406
19644
47556
15166
8511
21326
32905
42652
22704
47668
13550
22421
54581
28000
5928
16706
5522
37987
3628
18207
