7682
29829
29824
24893
29823
29822
21429
29821
29828
29827
29826
29825
58954
34502
58953
26553
58952
58951
3630
5379
4841
47370
13490
14222
8786
29835
29834
29833
29832
21714
29839
29838
29837
29836
57755
29831
27015
29830
18947
35824
9403
37035
29889
29888
29887
12935
15807
29882
29881
29880
31697
29886
29885
29884
58611
29883
11166
56838
55108
3932
7994
29899
29898
51391
29893
29892
29891
58109
29890
29897
29896
26025
29895
27079
29894
13354
29909
29908
29907
29906
29868
29901
29867
29900
28534
29866
29865
29905
29904
29903
44506
29869
29902
29860
431
29864
29863
29862
29861
29062
4262
46356
49501
29879
29912
29878
29911
29877
29910
58123
29876
29916
29915
29914
29913
29871
48490
51052
12009
29870
29875
26363
27334
29874
29873
1144
29872
4138
11398
18432
29846
29845
29844
29843
3185
29849
29848
29847
51064
29842
28357
29841
29840
19771
12065
37740
29857
29856
29855
29854
29859
29858
29853
29852
29851
29850
58423
48871
8515
