9102
48902
10090
48901
48900
14694
48909
48908
48907
48906
25865
48905
48904
48903
30024
30023
30026
30025
22194
30020
28695
30022
30021
6227
37972
3631
5930
30028
30027
30029
36406
21831
21035
46158
11908
27016
41028
30013
30012
30015
30014
30011
30010
15313
30017
30016
30019
19912
30018
21006
20037
27907
43155
2692
18350
27746
30002
30001
30004
30003
30000
30009
37436
10994
30006
30005
30008
3934
30007
42575
23837
48314
7995
25218
47749
541
28961
9405
17837
28283
29989
29988
29987
29986
12517
34303
29985
36204
48899
48898
48897
48896
48895
29999
29998
29997
24743
29992
29991
13615
29990
29996
29995
29994
29993
48773
48894
47167
48893
48892
48891
48890
9685
39493
48889
48888
48887
22099
30040
30046
30045
2402
30047
30042
31252
30041
30044
30043
17108
15696
36495
14087
30035
30034
30037
30036
30031
30030
34993
30033
30032
44272
13552
30039
30038
