47652
31193
31192
31195
29821
31194
31191
23448
31190
10779
28213
31197
31196
31199
31198
54597
58719
58716
19869
58718
58717
8268
31182
57350
31181
31184
57990
31183
31180
31189
47080
31186
31185
31188
31187
58445
22918
36476
803
37392
22618
5564
31171
31170
18591
31173
31172
57364
31179
31178
31211
1478
3017
31175
57640
31174
31177
31210
31176
56835
15255
31160
31162
10919
31161
39283
31168
31201
31167
31200
31203
1643
31169
31202
31164
31163
31166
31165
15810
31209
31208
31205
31204
31207
31206
12070
16791
27729
43134
26478
31151
31150
31157
31156
31159
31158
31153
31152
31155
31154
439
38334
26648
31146
31145
31148
31147
16602
38732
31149
36318
45930
18796
15440
44728
28359
25121
35698
4269
14477
12215
40358
58023
25491
57974
100
27399
27156
30956
17634
