43333
49559
10095
49558
31509
49557
49556
43452
49555
28699
22238
25062
31511
31510
33775
22197
31517
49554
31516
49553
31519
49552
31518
49551
31639
31513
31512
31515
27082
31514
24947
13771
25752
31500
31506
31505
31508
31507
30655
31502
805
31501
31504
31503
23702
17780
20717
27469
17260
20438
40846
3019
31735
11170
42577
22101
6818
31564
31563
31560
31681
545
31562
31561
18645
16792
18698
6553
31553
32764
31552
31555
31554
31551
31550
36685
15506
31557
31556
31559
31558
42790
48775
7412
1153
26923
31542
11679
31541
31544
31543
31540
31549
46471
31546
31545
16604
31548
31547
19247
4272
18952
38443
28998
31498
31531
30320
31497
31530
31533
31499
31532
33552
31539
31538
45492
31535
31534
35617
31537
31536
17113
22705
37100
49567
49566
26502
22425
31520
31522
31521
31528
49565
31527
49564
49563
31529
49562
31524
49561
31523
49560
31526
31525
