5383
24815
40068
16199
31591
31590
24898
31597
30540
31596
31599
31598
31593
31592
31595
54994
31594
14696
9111
19513
31619
57592
31580
26842
24427
29277
31586
31585
11913
31588
31621
31587
31620
31582
31581
31584
30252
31583
31627
7689
31626
31623
31589
31622
31625
31624
31609
37154
31608
31575
31574
31577
31610
31576
31571
31570
31573
31572
31616
31615
31618
31617
31579
31612
31578
31611
48680
31614
31613
11171
55192
41402
39280
31566
31565
34553
58501
31605
31604
52404
31607
15257
31606
31568
31601
31567
31600
15812
31603
31569
31602
21226
42168
21066
58078
52132
51166
2103
15587
48262
18465
3178
29757
27336
25392
441
55770
26761
11830
21192
19128
46986
12295
19482
56635
12211
12732
9696
19774
58543
58542
58545
58544
13158
30957
49683
