5384
38384
6236
22198
3482
2700
51763
29558
23450
10781
36993
48331
23307
42620
17262
11680
34043
31690
31696
31299
31695
31698
31697
25286
31692
31691
31694
31693
18877
31699
20043
32490
27911
31685
31684
31687
31686
31681
31680
31683
31682
52765
31689
31688
9409
39276
13160
14892
6554
31674
55520
31673
31676
2105
31675
57388
31672
52898
31678
29184
31677
31679
16044
47449
42431
18466
8983
16200
57030
31704
31703
31705
31700
36315
31702
31701
56749
15441
28999
23985
51060
57845
53124
14479
18953
36700
57846
57847
57848
57849
36370
17995
22706
28765
56363
24325
57853
57854
57855
57856
25494
57850
57851
57852
17636
