19740
29824
32283
32284
31074
32281
32282
32280
32289
32287
32288
32285
32286
14699
17844
31877
24308
48612
5675
32272
32273
32270
32271
57470
13937
32278
32279
32276
32277
32274
32275
6238
49145
10023
52347
21520
37793
17265
32261
32262
1482
3022
32260
59383
32269
32302
32303
32267
32300
32268
32301
32265
32266
32263
32264
11686
32304
40032
11172
9413
32250
32251
55197
44910
7592
32258
3826
10524
32259
32256
32257
32254
32255
29136
32252
32253
14095
56173
23127
32247
32248
32245
32246
32243
32244
59444
32241
58116
32242
58236
16558
10296
32249
18468
16046
59330
22046
56585
1669
18798
20871
47038
4553
48126
1160
52153
13308
20591
19649
32294
32295
32292
32293
32290
32291
34753
32298
56089
32299
32296
32297
52687
5129
30951
