3638
32324
32325
32322
32323
32320
32321
28575
32328
36403
32329
31878
32326
45073
32327
48336
48335
9116
48334
40733
1230
22920
32313
32314
32311
23172
32312
32310
48333
48332
32319
48331
6239
48330
32317
32318
32315
807
32316
8794
18355
48329
48328
38362
48327
6014
48326
48325
48324
48323
1483
8274
29000
33595
5676
14951
48322
10593
48321
32308
36621
48320
32309
11687
32306
30005
32307
32305
48319
48318
7112
48317
48316
9414
48315
48314
22622
3946
33986
27598
20718
15657
18171
32360
32361
25425
20413
32366
32364
32365
32362
24451
32363
10297
44578
34770
32350
32072
42315
32357
32358
32355
32356
37807
32353
32354
32351
25155
32352
43240
32359
12523
41693
42021
23987
31894
32346
32347
32344
32345
32342
32343
32340
32341
12298
7416
32348
32349
8002
17115
44157
24326
32335
32336
2414
32333
32334
32331
32332
30274
32330
32339
32337
32338
