49836
49835
49834
43611
49833
49832
49831
49830
28856
29664
35674
912
13003
2706
49826
49825
49824
49823
21431
49822
49821
49820
25753
23610
49829
49828
49827
11915
10026
49815
17267
49814
49813
49812
49811
8797
9120
49819
49818
49817
49816
49098
13623
7114
14287
20287
49127
22348
32896
32897
32894
32895
30075
32892
1487
32893
32890
32891
32898
32899
32919
32917
16397
32918
22553
32885
3317
32886
32883
32884
3719
32881
32882
32880
36687
6822
32922
32889
32923
32920
32887
39959
32129
32921
32888
43401
32908
32909
32906
32907
26764
41624
28702
32073
12803
31146
32874
32875
32872
32873
32870
32871
1783
29598
447
32915
32916
32913
32914
38855
32878
32911
12525
32879
32912
32876
32877
32910
8596
19920
27948
20592
39257
1162
32621
32863
32864
32861
30322
32862
32860
32904
32905
32869
32902
32903
7419
14757
32867
32900
32868
32901
32865
32866
8083
26504
10602
13837
46691
