3516
12715
3515
3514
3513
3512
3511
3510
3519
3518
3517
20584
3530
21319
24702
3406
3527
3405
3526
3404
3525
3403
3524
3402
3523
3401
3522
2311
3400
3521
3520
9
3409
3408
3529
3407
3528
3420
22610
3417
3538
26096
3416
3537
26095
3415
3536
26098
3414
3535
26097
3413
3534
3412
3533
26099
3411
3532
3410
3531
26090
26092
26091
3419
26094
3418
3539
26093
3310
3431
3430
3307
3428
3306
3427
3305
3426
1126
3304
3425
3303
3424
3302
3423
3301
3422
3300
3421
3309
3308
3429
4531
3321
3442
3320
3441
3440
1382
2592
3318
3439
26074
3317
3438
26073
3316
3437
26076
3315
3436
26075
3314
3435
26078
3313
3434
26077
3312
3433
3311
3432
26079
26070
26072
3319
26071
3211
3332
3453
3331
3452
3330
3451
3450
3329
26085
3328
3449
26084
3327
3448
26087
3326
3447
12923
26086
3325
3446
26089
3324
3445
26088
3323
3444
3322
3443
26081
26080
26083
10985
26082
3222
3343
3464
3221
3342
3463
26059
3220
3341
3462
3340
3461
3460
3219
26052
3218
3339
26051
3217
3338
3459
26054
3216
3337
3458
26053
3215
3336
3457
26056
3214
3335
3456
26055
3213
3334
3455
26058
3212
3333
3454
26057
26050
3233
3354
3475
3232
3353
3474
2021
3231
3352
3473
3230
3351
3472
3350
3471
3470
26063
3229
26062
3228
3349
26065
3227
3348
3469
26064
3226
3347
3468
26067
3225
3346
3467
26066
3224
3345
3466
26069
3223
3344
3465
26068
26061
26060
3244
3365
3486
3243
3364
3485
3242
3363
3484
1063
3241
3362
3483
3240
3361
3482
3360
3481
3480
3239
3238
3359
3237
3358
3479
3236
3357
3478
3235
3356
3477
3234
3355
3476
3255
3376
3497
3254
3375
3496
3253
3374
3495
3252
3373
3494
3251
3372
3493
3250
3371
3492
3370
3491
3490
3249
3248
3369
3247
3368
3489
3246
3367
3488
3245
3366
3487
3266
3387
3265
3386
3264
3385
3263
3384
3262
3383
3261
3382
3260
3381
3380
3259
3258
3379
3257
3378
3499
3256
3377
3498
7979
3390
3277
3398
3276
3397
3275
3396
3274
3395
3273
3394
3272
3393
3271
3392
3270
3391
23437
781
3269
3268
3389
3267
3388
3280
3288
3287
3286
3285
3284
3283
3282
3281
3279
22790
3278
3399
3291
3290
3299
3298
3297
3296
3295
3294
3293
3292
3289
5366
330
697
15426
18934
14463
17977
22032
9674
11151
2917
11378
26038
26037
26039
21821
26030
26032
26031
26034
26033
26036
26035
26049
26048
26041
26040
26043
26042
26045
26044
26047
26046
15242
20707
26027
26026
26029
26028
26021
26020
26023
26022
26025
26024
9388
26111
26110
26113
25024
26112
12057
16775
26104
26103
26106
26105
26108
26107
26109
3505
3504
3503
1687
3502
3501
26100
3500
26102
26101
3509
3508
3507
3506
