21949
33130
33131
25225
33138
33139
27085
33136
33137
33134
33135
33132
33133
12950
8008
15824
20502
13939
32958
10300
10028
19516
17268
8799
18475
23709
3024
16051
25561
12531
818
22624
1495
34396
34395
34394
20725
34393
33181
34392
33182
34391
34390
33180
26384
34435
1489
34434
34433
34432
34399
34398
34431
34397
34430
9422
13165
13562
33174
34385
33175
34384
29987
33172
34383
33173
33170
20415
33171
34426
34425
34424
34423
29347
33178
34389
34422
33179
34388
34421
33176
34387
34420
33177
34386
7118
14897
30903
6824
31710
34429
34428
34427
33163
33164
33161
26765
33162
33160
34415
34414
33169
34413
34412
33167
34411
33168
34410
33165
28784
33166
34419
34418
34417
34416
23988
27828
7422
13781
10031
33152
33153
33150
33151
25128
21722
31498
34404
12738
34403
30961
33158
34402
33159
34401
33156
34400
33157
33154
33155
10791
15446
34409
34408
34407
34406
34405
8003
4562
14484
22708
23991
33141
33142
33140
33149
28364
33147
33148
33145
33146
33143
33144
12745
17998
