20174
30784
51486
13368
10410
7695
38495
38770
6244
19594
43562
33361
33362
33360
32676
33365
33363
33364
56707
4853
33350
33351
33358
33359
33356
33357
33354
33355
33352
33353
812
3775
35813
49803
46773
33340
29810
33347
57017
33348
57018
33345
57019
33346
33343
50066
33344
52642
55996
23032
33341
33342
53614
18800
33349
52807
9266
12072
19382
57020
29988
33336
33337
33334
22270
33335
33332
33333
53500
33330
33331
13563
3952
46480
33338
17801
33339
25718
16047
26767
33325
33326
33323
27570
33324
33321
52784
33322
33320
33329
33327
16207
33328
41330
25125
45817
56352
11001
52557
26290
33319
23912
17474
28006
24206
28363
4279
12740
5249
11410
