22515
20298
5146
33372
33373
27401
33370
33371
33413
33414
112
33378
33411
33379
33412
33376
33377
33410
33374
34068
1177
33375
2708
10530
33419
34629
7716
33417
33418
35837
12951
13369
33415
33416
7696
37168
33369
33402
33403
33367
33400
33368
33401
33366
5940
13378
19518
33408
4854
33409
10785
33406
33407
33404
33405
37392
37393
37394
17269
37395
37396
37397
4871
37398
37399
23145
18470
27346
24598
37390
131
37391
34687
37381
37382
37383
37384
37385
37386
37387
9138
37388
37380
15818
30598
31841
23033
37389
37370
7120
37371
37372
37373
17482
37374
37375
37376
37377
34141
28012
28135
37378
834
37379
36964
37360
37361
37362
37363
37364
37365
37366
25315
30176
33683
37400
37367
37401
37368
37369
24715
19249
33394
33395
33392
25126
33393
33390
33391
10799
30323
33398
33431
33399
33432
33396
33397
33430
30966
37357
37358
37359
19528
9718
7433
8004
33020
33383
33384
33381
33382
33380
4280
33424
33425
33389
33422
33423
33387
33420
33388
33421
33385
33386
16943
12741
33428
11411
33429
33426
33427
