17168
33890
43857
52330
52333
52334
2421
31353
52331
52332
5137
33817
52337
15820
33818
52338
33815
52335
33816
52336
33813
10531
33814
33812
9233
33886
10788
33887
33884
33885
33882
33883
33880
31462
33881
48178
33888
33889
21523
9125
15520
33875
41808
33876
29484
33873
33874
22051
33871
33872
33870
33879
817
938
33877
33878
20047
23035
33582
33864
33865
33862
33863
33860
33861
33868
33869
33866
33867
34834
17640
23801
16796
12594
33853
33854
1259
33851
33852
33850
9418
33859
30985
33857
51328
33858
46085
33855
33856
26927
30172
22564
28704
33842
33843
33840
31301
33841
33848
39427
16049
33849
33846
33847
33844
33845
24717
24958
27789
2491
37070
33831
33832
3739
33830
33839
33837
33838
33835
33836
33833
33834
19136
18049
49603
43985
33819
8005
23079
28127
19251
27957
33820
51195
33821
35722
33828
52326
33829
52327
33826
52324
7702
33827
52325
13437
33824
33825
33822
52328
12743
33823
52329
