22518
36881
41672
25226
27402
2423
34861
34860
12310
38027
45350
17847
16996
8009
28293
33813
8805
5394
39460
4860
40852
2713
34855
122
34854
34853
33764
34852
26562
34851
42905
34850
13013
34859
34858
32678
34857
34856
42989
28315
34844
34843
3415
34842
34841
34840
34849
34848
50855
34847
50854
34846
50857
34845
50856
50859
50858
14164
19570
21658
9492
34833
34832
34831
34830
33583
50860
31440
11694
50862
50861
47981
824
34839
50864
34838
50863
34837
50866
29096
34836
50865
34835
50868
34834
50867
50869
23804
19782
34822
34821
34820
25264
50871
50870
50873
34829
50872
34828
34827
34826
34825
34824
34823
34944
21234
34890
25437
1789
14704
26484
34819
34818
34817
34816
19438
34815
50800
24430
32509
5758
6340
44277
25931
47949
30278
