0
2330
4762
3557
716
600
601
602
603
7920
604
605
606
5867
607
608
609
8909
8907
8908
610
611
612
613
8901
614
8902
615
616
8900
617
8905
618
8906
619
8903
8904
8920
3229
8918
8919
620
621
500
622
501
623
502
624
503
8912
625
504
8913
626
505
8910
627
506
8911
628
507
8916
629
508
8917
509
6739
8914
8915
8930
8810
8931
8808
8929
630
8809
631
510
632
511
512
633
513
634
514
635
8802
8923
515
636
8803
8924
516
637
8800
8921
517
638
8801
8922
518
639
8806
8927
519
8807
8928
8804
8925
8805
8926
8820
8941
8821
8942
8940
2040
640
8819
520
641
521
642
400
522
643
401
523
644
402
524
645
403
525
646
404
8813
8934
526
647
405
8814
8935
527
648
406
8811
8932
528
649
407
8812
8933
529
408
8817
8938
409
8818
8939
8815
8936
7608
8816
8937
8831
8952
8832
8953
8950
8830
8951
1082
650
530
651
531
652
410
532
653
411
533
654
412
534
655
413
535
656
414
536
657
415
8824
8945
537
658
416
8825
8946
538
659
417
8822
8943
539
418
8823
8944
419
8828
8949
8829
8826
8947
8827
8948
8960
8721
8842
8963
8722
8843
8964
8840
8961
8720
8841
8962
660
540
661
541
662
420
542
663
421
543
664
422
544
665
423
545
666
424
546
667
425
547
668
426
8835
8956
4477
548
669
427
8836
8957
549
428
8833
8954
429
8834
8955
8718
8839
8719
8837
8958
8717
8838
8959
8970
8850
8971
8732
8853
8974
8733
8854
8975
8730
8851
8972
8731
8852
8973
670
550
671
551
672
430
552
673
431
553
674
432
554
675
433
555
676
434
556
677
435
557
678
436
558
679
437
8725
8846
8967
559
438
8726
8847
8968
439
8723
8844
8965
8724
8845
8966
8729
8727
8848
8969
8728
8849
8860
8981
8740
8861
8982
8980
8743
8864
8985
8744
8865
8986
8741
8862
8983
8742
8863
8984
680
560
681
561
682
440
562
683
441
563
684
442
322
564
685
443
323
565
686
444
324
566
687
445
325
567
688
446
326
568
689
447
327
569
448
8736
8857
8978
328
449
8737
8858
8979
329
8734
8855
8976
8735
8856
8977
8738
8859
8739
8750
8871
8992
8751
8872
8993
8990
8870
8991
8754
8875
8996
8755
8876
8997
8752
8873
8994
8753
8874
8995
570
571
450
330
572
451
331
573
452
332
574
453
333
575
454
334
576
455
335
577
456
336
578
457
337
579
458
338
459
8747
8868
8989
5599
339
8748
8869
8745
8866
8987
8746
8867
8988
8749
8761
8882
8762
8883
8880
8760
8881
8765
8886
8766
8887
8763
8884
8764
8885
580
581
460
340
582
461
341
583
462
342
584
463
343
585
464
344
586
465
345
587
466
346
588
467
347
589
468
348
469
349
8758
8879
8759
8756
8877
8998
8757
8878
8999
8772
8893
8773
8894
8770
8891
8771
8892
8776
8897
8777
8898
8774
8895
8775
8896
590
591
470
8890
592
350
471
593
351
472
594
352
473
595
353
474
596
354
475
597
355
476
598
356
477
599
357
478
358
479
359
8769
8767
8888
8768
8889
8783
4183
8784
8781
8782
8787
8788
6486
8785
8786
480
360
481
8780
361
482
362
483
363
484
364
485
365
486
366
487
367
488
368
489
369
8778
8899
8779
8794
8795
8792
8793
8798
8799
28
8796
8797
490
370
491
8790
371
492
8791
372
493
373
494
374
495
375
496
376
497
377
498
378
499
379
7338
8789
5297
8444
5059
380
381
382
383
384
385
386
387
388
389
390
391
392
393
394
6151
395
396
397
398
399
1706
7034
2936
9003
9004
9001
9002
9007
9008
9005
9006
9000
9014
9015
9012
9013
9018
9019
9016
9017
9010
9011
2611
1401
9009
9025
9026
9023
9024
9029
9027
9028
9021
9022
9020
9036
9037
9034
9035
9038
9039
9032
9033
9030
9031
8199
9040
9041
3861
