6350
35792
28458
47819
27087
10537
24252
33135
26035
8923
15268
2428
16481
22804
25599
26325
25876
3649
31461
35269
16404
52228
45217
22055
35493
20798
16619
26770
12535
37319
18001
46893
3031
19290
3427
14966
41355
23807
35595
35594
26513
35593
35592
35591
35590
28891
35599
35598
35597
35596
45943
38213
35584
35583
22563
35582
35581
35580
14707
35589
35104
35588
2114
35587
567
35586
25034
35585
3960
52305
52308
52309
52306
52307
35573
20879
35579
35578
35577
52311
35576
52312
35575
35574
52310
52315
52316
52313
52314
52319
52317
52318
19653
17477
38950
7708
27275
29452
35602
35601
35600
52322
52323
52320
52321
15458
51753
48475
