20295
42406
25228
20734
35955
35954
35953
35952
2302
35951
35950
59488
32560
15666
4569
35959
35958
35957
35956
22927
59496
59498
35944
35943
35942
35941
30130
35940
15830
35949
35948
35947
35946
35945
48687
22298
25844
35933
11327
58216
35653
27342
35939
16214
35938
35937
35936
57924
35935
35934
27754
33584
11696
827
42566
37652
58073
11427
25380
37880
35980
29636
58008
30174
31780
33321
27576
57674
3202
35982
35981
31308
52425
6834
57957
50647
43597
11919
58250
35977
35976
29286
35975
35974
35973
35972
35971
1672
35970
35979
35978
45486
49049
40115
25933
35966
32732
35965
35964
29571
35963
35962
35961
25013
31881
35960
49202
35969
35968
35967
