14296
36244
20617
36243
36242
36241
36240
33532
36249
36248
36247
36246
36245
34509
18656
39914
5950
27656
36233
36232
36231
36230
3370
10822
36239
36238
36237
36236
35388
36235
36234
15831
39105
12562
18821
13810
7462
35933
36108
36229
36228
36227
28554
36226
27587
35531
3652
13586
39560
43148
22627
32372
2456
18805
31449
11732
36280
44103
21860
34385
36285
36284
36283
36282
36281
12750
38690
7131
5991
22729
36277
36276
36275
36274
36273
36272
36271
19390
36270
34138
35105
36279
1540
36278
44173
29070
44172
44175
44174
44171
44170
44169
17500
20199
44166
44165
44168
16650
44167
36266
36265
36264
36263
36262
36261
36260
36269
36268
36267
44162
44161
44164
44163
13789
44160
44159
44158
22945
20761
44155
44154
10042
44157
44156
23353
36255
36254
1174
36253
36252
36251
36250
24724
31080
36259
36258
36257
27673
36256
44153
5404
7427
44152
