3760
3640
3761
22511
3638
3759
4848
3639
3630
3751
3631
3752
3632
3753
3633
3754
3634
3755
3635
3756
3636
3757
3637
3758
3770
3650
3771
3651
3772
18262
3649
2312
3641
3762
3642
3763
3643
3764
3644
3765
3645
3766
3646
3767
3647
3768
3648
3769
23703
3780
3660
3781
3661
3782
3662
3783
3541
3540
30480
17261
3652
3773
3653
3774
3654
3775
3655
3776
3656
3777
3657
3778
3658
3779
3659
3790
3670
3791
3671
3792
3672
3793
3673
3794
3552
3551
3550
3549
3548
3547
2699
3546
6819
3545
3544
3543
3542
3663
3784
3664
3785
3665
3786
3666
3787
3667
3788
10521
3668
3789
3669
3680
3681
3682
3683
3684
3563
3562
1383
2593
3561
3560
3559
3558
3557
2104
3556
31670
3555
3554
3553
31671
3674
3795
3675
3796
3676
3797
3677
3798
3678
3799
3679
3690
3691
3692
3693
3694
3695
3211
3574
3573
3572
3571
3570
21516
31663
31662
3569
31665
3568
31664
3567
3566
3565
31661
3564
31660
3685
3686
3687
3688
3689
31667
31666
31669
31668
4550
3585
3584
3583
3582
3581
3580
31652
31651
31654
3579
31653
3578
3577
3576
31650
3575
3696
3697
31659
3698
3699
31656
31655
31658
31657
19775
3596
2022
3595
3594
3593
3592
3591
3590
31641
31640
31643
31642
3589
3588
3587
3586
31649
31648
31645
31644
28360
31647
31646
1064
3599
3598
3597
7413
25927
331
698
6235
10
29710
26649
2918
16938
24202
28215
31630
31632
31631
31638
31637
31639
31634
31633
31636
31635
3803
3804
3805
3806
3807
3808
3809
31629
31628
3800
3801
3802
3814
3815
3816
3817
3818
3819
3810
3811
3812
3813
3704
3825
3705
3826
3706
3827
3707
3828
3708
3829
3709
3820
3941
3700
3821
3701
3822
18646
3702
3823
3703
3824
3715
3836
3716
3837
3717
3838
3718
3839
3719
3830
3710
3831
3711
3832
3712
3833
3713
3834
3714
3835
27337
3604
3726
3603
3727
28782
3602
3728
3601
3729
3600
3840
3720
3841
3609
3721
3842
3608
3722
3843
3607
3723
3844
3606
3724
3605
3725
3615
3737
3614
3738
3613
3739
3612
3611
3610
26212
3730
3731
3732
3619
3733
3618
3734
3617
3735
3616
3736
17994
3750
3626
3748
3625
3749
1688
3624
3623
3622
3621
3620
3740
3741
13159
3742
3743
3744
3629
3745
3628
3746
3627
3747
