41151
8534
17320
32203
12319
29784
34067
45101
46312
21551
33918
36750
21839
36111
9195
14904
32310
28860
36751
36752
527
36753
8812
36754
36755
36756
1505
28556
19163
12539
36748
47191
36749
47192
47190
16217
36740
46660
47199
36741
36742
47197
36743
47198
36744
47195
36745
47196
36746
47193
36747
47194
6262
7474
26389
36737
36738
36739
33066
36730
11179
36731
36732
36733
36734
36735
36736
47218
47219
47216
47217
47214
19143
47215
47212
14495
18970
47213
36726
36727
36728
13209
36729
5456
47210
38984
47211
36720
36721
16837
36722
36723
36724
36725
47207
47208
47205
47206
47203
47204
47201
47202
47209
2119
36717
36718
31384
36719
32079
36399
47200
13178
11038
25649
11008
34488
34881
4026
9716
18168
21732
8881
20882
29733
24602
29298
27276
6578
46052
