37051
4294
37052
6595
37053
37054
37055
4573
8018
37056
37057
37058
35276
35392
20611
37050
32687
27481
31235
33254
37059
36488
13800
37045
37046
37047
28468
29832
1194
16807
37048
37049
8537
15834
41495
41494
41493
41492
41499
41498
41497
41496
28712
40725
2720
35532
31572
34287
5952
41491
41490
16218
8288
41484
41483
41482
38076
41481
41488
41487
41486
41485
41489
13191
23711
8041
27758
16624
41480
31844
41473
21346
41472
41471
41470
41477
41476
41475
41474
40303
36044
41479
41478
41508
19669
20423
37084
37085
41503
29999
41502
41501
41500
37080
41507
37081
41506
37082
41505
37083
41504
30056
3967
37073
37074
37075
37076
37077
37078
41179
37079
38201
37070
37071
3061
37072
35339
13948
32743
11923
14512
12338
19407
10313
20885
37062
37063
13390
37064
37065
37066
37067
5410
37068
37069
26866
37060
37061
29572
