37293
37294
11182
37295
37296
30938
37297
37330
37298
37331
37299
37332
37333
22630
57348
31357
28296
58559
55722
23043
37334
37335
33815
37336
37337
18810
37338
37339
50711
15274
37320
37321
37322
58561
58560
58563
58562
27658
58569
58568
58565
58564
58567
58566
8538
37323
37324
37325
37326
37327
37328
37329
25728
37310
37311
9000
36229
2722
36103
37312
37313
37314
37315
37316
37317
37318
37319
17399
37300
43387
8160
37309
57811
31202
32376
33069
58225
37301
55913
37302
37303
37304
37305
16627
37306
37307
29490
37308
4131
13285
16150
1016
3039
28134
50991
2869
15194
21113
52789
57719
54326
37350
37351
31928
37352
37353
37354
37355
27021
10315
26293
29045
55940
37356
24725
9574
37340
37341
37342
37343
37344
25652
22388
34479
27277
37345
11011
37346
37347
37348
49320
10048
37349
53816
