22713
4296
37450
37451
37452
4574
20054
37453
37454
17040
42925
57022
3040
28297
53781
55446
1178
56015
49079
30820
19308
10896
20300
37440
46631
37441
48139
37442
7137
37443
25316
21436
29430
54562
32312
2434
57399
37444
37445
37446
12322
37447
27171
37448
37449
6691
47956
41332
36387
57482
57483
57484
56472
57485
26658
20678
57480
54293
57481
52196
57486
3335
57487
29686
37434
37435
37436
36821
37437
5956
30720
37438
51668
37439
17278
27717
7551
16222
31082
54064
262
21733
34070
31762
34513
30791
15736
10049
