21303
54908
20055
37695
5147
37696
18095
42767
37738
37739
34864
55600
37697
37730
37698
37731
37699
37732
37733
37734
37735
37736
34229
37737
47883
20506
8020
45628
5827
37727
30133
37728
56787
37729
2435
31224
56668
16809
25232
4576
27091
37720
49025
37721
37722
15836
37723
37724
37725
37726
24475
37716
37717
134
37718
37719
37710
37711
37712
37713
37714
35934
37715
39284
50619
18484
8164
37705
37706
37707
37708
37709
1806
4875
37700
37701
37702
37703
37704
1022
3043
28013
836
36966
38296
7138
19393
57034
45140
10189
12007
21840
46222
47319
58811
58810
57327
55540
3336
34927
37740
32290
26868
37741
4434
37742
37743
37744
56929
14405
32735
37745
37746
37747
37748
