46689
4298
37058
24933
26392
15303
45593
11741
29140
7718
46712
46713
46710
44534
46711
6885
15276
40693
46714
46715
33766
520
14747
34979
44885
46701
46702
37790
37791
46700
37792
37793
37794
32819
37795
46709
46707
46708
46705
46706
26935
27108
29925
46549
46703
890
46704
32145
37796
35935
37780
44479
37781
37782
5454
5696
37783
37784
28726
37785
1807
37786
31728
37787
4876
37788
37789
37770
37771
37497
37772
37773
21625
35194
9141
32643
36606
29500
37774
37775
37776
37777
13602
37778
37779
12086
37760
9434
37761
37762
24624
25317
25152
27173
28384
37763
37764
37765
37766
37767
37768
37769
9720
37750
14110
37751
27940
22810
3337
36828
37752
37753
37754
37755
37756
37757
37758
37759
24604
46699
17753
46697
46698
46695
46696
20886
42779
37749
25133
46693
46694
46691
46692
46690
