38020
38021
39870
38022
38023
39872
38024
39871
7446
16233
38025
39874
39632
21021
38026
39873
10807
27923
474
26394
12553
38027
38028
5414
38029
30668
18146
38010
38011
5155
38012
39861
8546
18660
38013
39860
38014
39863
38015
39862
29835
12969
30493
25233
38016
39865
38017
39864
17859
38018
39867
38019
39866
7727
39869
39868
13183
24517
24912
39850
39852
39851
34440
26774
27347
2723
14715
8824
11441
21240
39854
39853
38007
39856
38008
39855
38009
39858
33638
39857
39859
39841
5697
39840
38070
142
29773
1808
39843
39842
39845
39844
39847
39846
39849
39848
38063
38064
19788
38065
38066
38067
19660
38068
38069
27841
25943
38060
38061
38062
39839
11703
4884
14499
12756
39838
38052
20301
38053
38054
38055
38056
38057
38058
38059
17491
38050
38051
11715
33324
24340
7143
38041
38042
38043
13380
38044
38045
38046
38047
38048
38040
23460
3971
32629
38049
38030
38031
38032
38033
38034
38035
9731
38036
38037
7152
29215
30792
38038
38039
