39076
38020
38021
38022
38023
38024
38025
38026
27923
26394
38027
38028
5414
38029
38010
38011
38012
18660
38013
38014
38015
29835
26602
29793
52100
52101
38016
38017
17859
38018
38019
13183
21762
34440
26774
27347
38805
2723
14715
25442
52079
8824
21240
6644
38007
38008
38009
16857
5211
5697
11053
52080
38070
52083
52084
52081
52082
52087
52088
52085
32532
52086
3423
25692
52089
29773
1808
16106
38063
38064
19788
38065
38066
38067
41598
19660
38068
38069
52090
52091
52094
38060
52095
38061
52092
38062
52093
52098
52099
52096
11703
52097
14499
12756
38052
20301
38053
38054
38055
38056
38057
38058
41981
38059
18183
38050
38051
33324
7143
38041
38042
42421
38043
13380
21564
38044
38045
38046
46500
38047
38048
40802
48926
38040
23460
3971
38049
36303
18711
38030
38031
38032
38033
38034
38035
38036
37069
38037
34997
29215
30792
38038
38039
49167
51238
39926
