43698
14298
17281
57066
57583
27924
35559
58316
52571
58315
58314
27244
58313
35838
7297
57191
46951
18661
48456
27539
44932
51091
53792
2436
14500
31226
29926
5959
19607
3659
18486
38190
38191
38192
38193
23712
38194
32134
51671
15018
12546
38184
38185
38186
38187
38188
38189
34143
38180
24216
38181
38182
38183
2865
11705
55643
38501
11301
18219
38173
38174
38175
38176
38177
19396
38178
38179
19790
38170
38171
38172
24061
840
52545
22932
38162
38163
38164
7144
38165
9568
38166
38167
38168
9721
38169
57043
38160
38161
10316
4302
14910
19257
38153
38154
38155
38156
38157
38158
21735
11090
28527
467
38159
31006
