7440
38261
38262
38263
38264
38265
8414
38266
38267
38300
7720
38268
38301
18093
38260
31630
38269
38302
38303
38304
38305
38306
38307
38308
1339
38250
38251
18269
38252
8023
38253
38254
38255
38256
38257
26569
58680
33488
14628
57119
38258
38259
13893
16408
49140
38242
38243
38244
5960
38245
38246
28558
22213
54498
38247
38248
38249
36866
24409
42335
58463
57376
47063
12547
18973
58070
22716
35111
3045
58474
43779
12757
28137
16954
38294
38295
38296
20420
38297
38298
9437
38299
21593
24068
40533
38290
38291
38292
38293
33684
51731
14820
11431
21842
38283
38284
7145
38285
38286
38287
38288
38289
58255
38280
38281
38282
27022
55662
56916
32229
34801
38272
38273
38274
38275
38276
38277
38278
38279
26869
38270
38271
57217
25099
27278
26187
11014
