12550
37696
994
33894
52057
36367
52218
45193
8542
38890
38891
38892
38893
8664
37046
38894
18662
38895
57237
57238
57239
57233
57234
57235
56025
28465
57236
38896
38897
38898
38899
5702
2439
38880
49933
38243
38881
38882
38520
38883
38884
57240
57241
57242
57243
41537
38926
38927
38928
258
38885
38886
37798
38887
38920
38888
38921
32944
38889
38922
38923
38924
38925
21531
4880
38873
38915
38916
38917
28560
38918
38919
38874
38875
53735
38876
38877
38910
38878
38911
18008
38879
38912
38913
38914
22437
45313
42687
9148
57021
38904
38905
38906
38907
38908
38909
34144
38900
38901
47691
38902
38903
38051
30332
35867
56588
3047
19719
13575
46351
55938
37597
45818
15280
20118
16811
10156
37116
9439
6847
5531
32051
4675
9726
38436
11015
