41153
39111
39110
39113
39112
39115
39114
33895
39117
39116
39119
39118
49947
49946
39100
49945
38891
49944
8028
39102
49943
39101
49942
48853
39104
49941
48059
39103
49940
29838
3405
39106
39105
39108
7724
39107
39109
14503
49936
49935
49934
49933
49932
49931
49930
49939
28714
49938
49937
25040
14958
33599
2729
8829
28391
49925
49924
49923
49922
49921
4881
49920
17155
2184
49929
49928
49927
49926
31442
3665
15899
17489
19663
44860
40269
44746
16270
31312
18979
39142
39141
39144
39143
42951
19792
19278
27579
39140
33325
27211
39307
11710
39098
39131
39097
39130
9441
39133
39099
39132
39135
39134
39137
39136
23463
26697
33274
15281
39096
47836
39095
32864
15843
30967
39139
37599
39138
31931
13424
39120
4042
37064
39122
39121
39124
39123
49568
39126
39125
36253
7150
186
10603
39128
39127
39129
34758
