39230
39232
39231
39234
7443
39233
17286
39236
39235
33250
35790
471
22633
26395
28053
36007
27762
39238
47133
39237
48342
39239
50835
5419
50837
39064
50836
39221
50839
39220
50838
39223
39222
39225
39224
26963
10547
39227
50840
39226
7725
39229
50842
39228
50841
50844
50843
5704
50846
27093
50845
50848
50847
39210
50849
39212
39211
39214
39213
38929
39216
50851
39215
50850
39218
50853
39217
50852
39219
1516
4627
14558
37715
12381
21533
39201
39203
39202
41523
1887
29378
26662
39205
39204
39207
31848
39206
3667
39209
39208
41595
552
29740
15469
16677
32649
17127
24748
7494
43402
16960
18980
36717
15282
12330
17342
34481
8351
24952
40405
33554
32466
39241
39240
25938
39243
39242
39244
21737
9727
6339
19019
