17288
15145
47499
472
49150
23161
33896
18664
5154
8544
47521
30491
1587
36917
30812
5705
12096
48840
22330
24911
8030
1910
31575
35416
51540
35497
38007
53600
53601
53329
37261
38593
35248
24760
36212
32419
6935
10127
36736
46767
39551
39550
39553
39552
7247
39554
25940
28499
11264
5216
53589
21116
39540
39542
10061
39541
39544
39543
40137
53590
53591
9151
45947
11438
53594
53595
53592
53593
53598
53599
53596
53597
39546
48531
39545
846
39548
39547
39549
9443
39531
39530
39533
39532
18271
39535
39534
16413
39537
51348
39536
39539
39814
39538
16813
2802
39522
39521
33380
39524
39523
39526
39525
39528
39527
39529
