16231
39630
39750
39632
39631
26398
39634
39633
39636
39635
39638
39637
39639
11192
8545
39740
39742
39741
28466
39744
39743
39746
39745
39748
7726
39747
39749
21246
39331
39731
12098
39730
33190
31576
39733
39732
39735
38008
39734
1518
39737
39736
27180
39739
39738
18488
15095
37660
39720
27478
141
38073
32137
39729
32010
32011
39722
39721
39724
39723
39726
29492
39725
18009
39728
39727
39670
19664
39672
39671
39674
39673
39676
39675
21629
24731
25942
39719
39718
28016
39678
39677
39679
37659
39717
39716
39661
39660
39663
39662
39665
39664
17490
9153
23258
33686
11439
30058
31026
24220
35343
13576
39667
39666
39669
847
16962
39668
37404
14305
39650
39652
39651
13383
39654
39653
18272
18273
25404
10550
39656
39655
39658
39657
15846
39659
30723
30722
39641
39640
6588
39643
39642
21739
34074
32457
35443
39645
39644
39647
39646
39649
19932
39648
