16231
46722
39630
39750
38422
26398
12155
9510
11192
36351
39740
38530
39742
16485
39741
28466
39744
31747
37720
39743
48179
39746
39745
39748
39747
39749
39331
39731
39730
41418
39733
39732
39735
39734
1518
39737
39736
39739
39738
18488
15095
37660
48711
36694
39720
27478
27516
39729
23396
28322
32011
39722
39721
39724
39723
39726
29492
39725
18009
39728
39727
20654
24731
25942
39719
39718
51681
52773
28016
52774
52772
52777
52778
52775
52776
39717
52779
39716
39262
38571
6046
49985
23258
52780
52781
33686
31026
52784
52785
15919
24220
36158
52782
35343
52783
13576
52788
52789
51576
52786
52787
13383
18273
52791
52792
52790
52795
52796
52793
51101
52794
10550
30723
13029
6588
14362
21739
34074
32212
