39990
46444
36761
40623
40622
40621
40620
40627
40626
40625
40624
40619
40618
40617
48465
16639
46281
7450
39587
17291
36233
40612
40611
40610
40616
40615
40614
40613
40609
11756
40608
40607
40606
27499
5424
11233
21248
45851
33073
40605
40604
26130
2444
14158
15125
45692
48836
48835
48834
48833
46257
48832
5970
48831
48830
24367
48838
48837
33987
2736
48825
48824
48823
48822
48821
9789
48820
17760
48829
48828
48827
48826
31158
24452
39557
21754
48814
19433
44579
3056
17492
29359
48819
48818
6280
48817
48816
48815
27850
38698
32878
31028
33449
40641
40640
40645
18150
40644
40643
40642
45939
20635
42788
40646
40639
13829
12972
37358
20191
12335
40630
16265
40634
40633
40632
33140
40631
40638
40637
40636
40635
40629
40628
25254
31524
11931
14920
