23922
43972
20696
40740
15101
48147
34341
40744
43935
40743
40742
40741
40748
40747
6591
40746
40745
40739
25382
40738
58751
315
36762
39678
48463
52336
51967
7451
50319
3057
40733
40732
20748
40731
40730
40737
40736
40735
40734
40729
40728
40727
28543
9946
32519
5425
4459
36755
56867
12767
39296
24519
21960
13188
42341
59101
28716
40726
59140
40725
6729
52476
853
38522
14510
51823
49011
16417
38074
40751
40750
3673
3354
34231
40755
22221
40754
40753
40752
28848
34392
11019
11932
15617
29054
33027
40749
58587
58983
3987
59518
