40861
43175
40860
22990
40865
40864
40863
40862
40869
40868
40867
23206
40866
42922
10811
56775
56776
56777
40859
56778
16238
56779
39912
39065
40850
40854
35660
40853
28864
40852
56780
40851
56781
480
40858
40857
40856
40855
40849
27097
40848
56782
11995
51935
30932
39297
44760
40843
40842
40841
40840
40847
40846
40845
48849
40844
40839
40838
40837
45055
5714
43828
40836
40835
40834
40833
52483
36852
53975
44225
45678
20892
32481
40423
23362
36720
49354
24109
40890
42158
19795
39147
11717
19713
16968
18278
20113
20750
40883
40882
4310
40881
40880
40887
3463
40886
40885
40884
40889
40888
52394
27662
39413
39778
53645
16418
20244
40872
40871
40870
7159
38312
40876
40875
40874
40873
40879
40878
40877
49849
56368
12101
37502
49680
14921
