49835
22638
4453
39994
57061
13802
29148
3996
29719
7456
41661
53036
55977
34219
5164
493
57404
16974
38403
58979
42057
42053
42054
42055
42056
59432
21810
32016
59038
25574
16349
38633
42050
42051
42052
1528
7904
42046
42047
42048
42049
42042
14651
15860
42043
42044
42045
49599
57141
30183
45714
58195
58756
32520
42040
42041
31316
42035
22724
42036
42037
42038
42031
42032
17495
42033
42034
42039
24228
9031
28021
42030
38979
42024
42025
42026
42027
42020
42021
42022
42023
34483
42028
42029
57722
58419
32747
42013
42014
21851
42015
42016
40595
6466
6862
27558
35440
58384
26227
42017
42018
42019
27392
9607
