42482
46048
46604
13489
42480
54514
54910
42481
36767
42475
42476
42477
53828
42478
42471
42472
42473
42474
42479
7171
25470
53435
42470
39902
41374
42464
4591
35091
42465
42466
42467
42460
41135
42461
42462
42463
42468
24117
42469
34289
35895
26134
29762
14314
12771
38525
55107
42453
8168
42454
42455
42456
14043
42451
36970
42452
42457
42458
42459
58900
58347
47218
19540
36562
30068
33971
14930
38469
51962
32800
39384
46355
21916
21634
1028
32631
32913
6712
34933
41180
12977
14517
1830
34764
21853
22943
26745
12109
58943
58942
58945
58944
35564
57455
14127
58947
58946
58948
