42520
42521
18017
42522
42406
42527
42528
42529
42523
42524
42525
42526
32566
30265
33257
2302
59488
3999
42510
42511
39101
42516
59496
42517
42518
59498
42519
42512
42513
42514
42515
40607
42509
37604
42344
48687
21120
42505
22298
42506
42507
42508
11327
58216
7458
11201
12772
57924
42563
21742
42564
42565
42566
15861
42560
42561
37652
42562
42567
58073
42568
25380
2742
10330
17767
8849
42552
42553
42554
42555
37880
42550
42551
32195
35980
29636
42556
42557
42558
42559
58008
57674
3202
52425
4897
57957
50647
42541
43597
42542
18159
42543
42544
42540
42549
42545
42546
27669
42547
42548
58250
28870
34765
1672
42530
42531
42532
42533
45486
13394
49049
42538
42539
40115
2140
42534
42535
42536
42537
1201
25013
49202
14128
31889
