42882
42883
42884
42885
42880
42881
29029
42886
42887
42888
42889
13804
33259
31110
36884
7176
42871
42872
42873
42874
43688
20342
8304
42870
41701
42879
42875
42876
42877
42878
52189
9505
42862
42863
41375
42868
42869
2450
25327
42864
42865
42866
42867
38405
52517
52518
10116
11204
52519
13990
3430
26941
8560
32254
52520
52521
32891
52524
39842
52525
52522
52523
52528
5725
52529
27191
31966
52526
31448
32415
52527
39794
28811
46807
44748
40305
155
28892
17649
47201
22565
26407
4899
35626
45015
18398
45773
23467
20755
14519
41849
39812
19801
42893
48515
19413
42890
39247
42891
42892
35044
51591
49281
10566
