37051
49837
24538
49839
49838
34982
13004
39634
47376
913
6629
18389
23178
23611
32390
35786
9749
30418
42460
24919
32263
38470
42970
42971
42972
42973
28963
42974
42975
42976
42977
21251
36971
11455
42960
42961
42962
46365
42967
42968
42969
42963
42964
41516
42965
42966
28374
29863
30187
10334
14931
32766
44181
46910
42950
42951
49864
49863
42956
32196
42957
42958
42959
42952
42953
42954
22964
42955
32632
36837
42949
49862
49861
49860
18988
7781
49859
49858
49857
42940
49856
49855
49854
49853
49852
43750
42945
20518
41579
42946
29723
42947
42948
42941
42942
42943
42944
12979
42938
42939
38566
49851
49850
6603
34529
29161
19802
49848
9455
41560
42894
49847
39881
49846
49845
49844
49843
49842
49841
42935
40478
42936
42937
49849
31089
49840
31527
38557
34519
38316
