47777
21541
27768
49271
49270
28576
6900
38788
49277
49276
33538
49275
49274
49273
49272
21037
9750
49269
42638
25513
34291
11757
35663
37961
49268
49267
30419
49266
49265
49264
46392
49263
49262
49261
43036
45973
43032
43033
43034
43035
43156
2177
11727
29082
43030
43031
43025
45721
43026
39683
43027
43028
43021
48436
43022
43023
43024
44112
43029
25854
36730
43020
5726
43014
43015
43016
43017
43010
43011
43012
43013
43018
43019
44745
28375
156
43006
47723
5750
35460
43007
43008
43009
48419
30850
28389
25431
18989
15289
21442
48887
20637
31090
37190
29444
35575
32869
1835
36251
28648
21854
35447
34873
15699
35609
16429
38439
