42322
8853
44188
5982
43210
19266
43211
41159
54031
54030
20897
54035
54034
54033
54032
54039
54038
54037
54036
39635
14977
41194
36888
10335
43201
43202
20069
43203
50718
43204
19155
16289
9753
11791
43200
43209
32592
24346
25797
43205
25953
43206
43207
54040
43208
37928
39149
37723
46590
23506
39452
42587
21123
43197
44089
43198
20197
43078
43199
18673
28954
31890
35610
50099
25241
43193
218
2808
37676
43194
43195
8306
43196
1837
1914
30569
38848
43192
44115
42411
43424
36330
43067
5170
53494
24440
12345
16501
51756
31603
