57340
57341
57342
54199
57343
57344
25464
57345
45197
47096
36768
8143
20463
7179
27933
33489
32791
55213
10820
43280
43278
43279
43274
39299
43275
43276
43277
37554
43270
43271
43272
43273
14318
8046
43267
43268
42213
43269
43263
43264
19058
43265
43266
24921
29892
43260
43261
7867
34959
43262
50984
11457
43256
43257
43258
43379
43259
43252
8854
43253
19542
43254
43255
26874
28259
35592
32522
56336
1534
2744
41509
56574
50596
54432
43250
43251
16716
50514
10336
43245
43246
43247
49109
43248
30729
43241
43242
43243
19156
43244
25954
43249
53871
43240
37888
43234
43235
43236
43237
37078
43238
43239
34082
28471
52431
1838
37912
42495
29219
7549
10567
12346
