55048
16756
19749
36768
25914
7331
51926
7179
35386
57231
27933
36914
58722
33489
55576
10820
43280
42860
43278
43279
43274
39299
43275
43276
43277
5282
37554
43270
4742
43271
43272
43273
14318
57926
8046
43267
43268
42213
43269
8441
43263
43264
43265
43266
24921
26549
24083
31562
13114
43260
43261
52489
43262
37548
11457
43256
43257
43258
43259
43252
8854
43253
19542
43254
43255
26874
32522
1534
2744
41509
43250
5855
43251
10336
43245
43246
43247
43248
30729
43241
43242
43243
19156
43244
25954
43249
31703
10222
43240
37888
58806
43234
43235
43236
43237
43238
43239
34082
28471
54578
1838
58814
29219
57855
10567
12346
