49956
21542
18571
21781
23928
16430
40942
28416
16070
26674
49310
14934
13963
31239
43322
43323
28828
43324
39066
43325
12560
43320
17650
42034
43321
43326
43327
43328
19192
53671
56305
600
39589
8855
52028
1307
18674
43311
43312
43313
43314
50805
4595
10072
18990
16134
5521
43310
43319
28798
22531
43315
43316
43317
43318
26492
35735
26450
7855
56519
19803
26827
49969
9458
13396
24046
43308
22265
43309
26942
40038
36051
44439
56522
56523
55232
56524
56525
27234
984
56520
26783
56521
867
7746
56526
31688
56527
30876
