24616
16074
19941
5265
7003
42604
43815
43816
43817
23887
41907
39718
56535
56657
36808
35278
5016
14135
6869
11940
52737
17404
51407
36769
43840
43566
43841
43842
6443
18221
5433
18024
43640
34011
57076
282
20427
43843
23534
43844
43845
31660
58808
10340
58807
58809
30973
43830
44964
18677
43831
18430
43836
43837
42628
43838
43839
43832
43833
7460
43834
43835
35612
28197
40639
43829
31133
34442
16734
12776
58618
8564
43468
43820
21253
28921
43825
43826
43827
34151
43828
43821
26305
43822
43823
43824
32610
43818
43819
17879
45682
29294
11458
