43850
17168
43851
6870
43852
43853
43858
43859
43854
43855
43856
43857
52330
52333
52334
52331
52332
52337
52338
52335
43570
52336
31635
9233
41662
43847
43848
43849
34293
33081
43846
31462
48178
16647
10073
15520
41808
41409
27586
938
4902
5175
25856
28564
39207
34834
39031
12594
43815
2746
1259
25144
15105
30985
51328
15868
46085
43883
43880
43881
43882
22564
10341
15479
39427
32637
43872
43873
43874
24958
43875
43870
43871
27789
40125
43876
2491
37070
43877
43878
43879
3739
19807
33838
43861
43862
18049
43863
43864
49603
43985
43860
24443
43869
23079
21857
27957
43865
43866
43867
43868
51195
35722
31240
35046
52326
52327
52324
52325
13437
52328
52329
