44027
41032
44026
44029
44028
46447
44023
44022
48985
44025
18376
44024
26711
40345
34983
46320
36885
44021
44020
30424
44016
44015
44018
43600
44017
18540
44019
15711
31900
8310
10074
17144
40688
21129
11207
36869
25046
27222
13585
38408
24924
5176
39167
31326
50626
27844
25269
37419
35118
3437
35237
12353
3690
16284
37408
13857
53235
53236
53239
53237
53238
43235
44048
6298
16250
44045
44044
44047
44046
3068
29725
21965
53242
53243
53240
53241
53246
24032
53247
53244
53245
30208
44041
44040
44043
53248
44042
53249
32108
48480
44038
44037
44039
45249
44034
48876
44033
38036
44036
44035
36011
53250
53253
32974
53254
53251
53252
51594
53255
5489
44030
44032
13399
44031
