47659
23729
37177
11460
22232
35671
43975
40988
30426
35540
40612
2164
27412
34295
35780
27771
21031
11479
37968
38882
10359
26493
10076
5436
44353
44352
15496
37266
42451
44354
36057
34153
32257
3708
44351
44350
44346
44345
44348
44347
44342
44341
44344
44343
25146
44349
40426
31038
16437
46363
14138
44340
47292
44335
38691
44334
18500
44337
47326
3691
44336
21354
44331
15871
44330
44333
44332
44339
162
44338
32872
25154
39304
17778
44324
44323
44326
47678
44325
47679
38562
44320
47676
47677
44322
47674
44321
47675
44328
44327
44329
23064
34486
47672
47430
47673
47670
47671
47669
47667
47668
47665
47666
47663
15693
47664
18163
44319
28880
34875
38797
47661
47662
47660
16825
33823
