44665
44664
44667
44666
44661
45079
44660
6874
11461
44663
44662
44669
44668
48180
44654
20620
30809
44653
44656
44655
44650
44652
48213
21274
44651
17171
24149
44658
44657
44659
10825
2795
18823
9763
33909
41019
44647
44646
30080
44649
44648
17309
10078
46261
49923
20320
32534
25330
34399
37301
944
4370
17882
18851
44864
43816
31790
13966
30500
14139
34823
52819
30608
40895
1266
27299
52821
42391
52822
10343
52820
40094
52825
52826
37802
52823
52824
52829
52827
52828
16653
47951
42264
40402
30683
37519
52832
52833
52830
52831
36942
52836
52837
52834
52835
20764
38791
52838
52839
15330
17353
33147
52840
28244
44670
52841
14769
