42365
44786
44785
44788
44787
37330
44782
44781
44784
44783
56098
44789
50270
29780
512
44780
14736
44775
44774
44777
44776
45188
44773
44772
44779
44778
55053
53391
2833
34730
54645
53958
11994
12566
44805
44804
41534
27105
35371
44801
44800
44803
44802
28671
4908
31977
33910
13199
33589
27355
52001
25331
30633
41083
45676
47733
25148
24735
12355
5732
16439
52537
17373
17770
33443
14388
15873
32999
13457
16132
20112
38440
40127
31892
16654
44797
44796
44799
44798
18285
44793
44792
44795
44794
56361
56362
56363
42414
1844
30551
56364
56365
17918
56366
29850
56367
44791
12981
44790
30799
