45237
45236
45239
17324
45238
24939
45233
45232
45235
45234
45913
29781
45231
45230
21556
45226
18026
45225
45228
45227
45222
18385
45221
11230
45224
36871
45223
45229
1866
18826
45220
45215
45214
45217
36581
45216
7466
45211
15122
45213
45212
45219
45218
25966
4345
45296
5439
21258
35241
27197
11736
22954
24737
41473
44106
48268
48269
41758
29221
33695
26231
29225
30340
48266
48267
48264
48265
48262
48263
30503
48260
10577
12996
48261
7771
23936
48259
8865
48257
48258
1546
46909
48255
48256
15874
48253
48254
48251
48252
48250
20632
42786
44325
25248
21966
3697
12576
39419
43069
46338
42896
38793
44672
24446
10843
31521
2772
45240
45241
35848
