16195
30381
30380
4727
4606
30387
4728
4607
30386
4608
4729
30389
4609
30388
30383
30382
30385
30384
4720
4721
4600
4722
4601
4843
4723
4602
4724
4603
4725
4604
4726
4605
4740
30370
4617
4738
30376
4618
4739
30375
2315
4619
30378
30377
30372
30371
30374
30373
4730
4610
4731
4611
4732
4612
4733
4613
4734
4614
4735
30379
4615
4736
4616
4737
4630
4507
4628
30365
4508
4629
12936
30364
4509
30367
30366
10518
30361
1476
30360
30363
30362
4620
4741
4500
4621
4742
4501
4622
4743
4502
4623
4744
4503
4624
4745
30369
4504
4625
4746
30368
4505
4626
4747
4506
4627
4748
4640
4520
4641
2100
4518
4639
30354
4519
30353
30356
28285
30355
30350
30352
3542
30351
701
4510
4631
4511
4632
4512
4633
4513
4634
4514
4635
30358
4515
4636
30357
4516
4637
4517
4638
30359
4650
4530
4651
4531
4652
4529
30343
30342
30345
30344
30341
30340
4521
4642
4522
4643
4523
4644
4524
4645
4525
4646
30347
4526
4647
30346
4527
4648
30349
4528
4649
30348
4660
4540
4661
4541
4662
4542
4663
21514
30332
30331
30334
30333
30330
1386
2596
4532
4653
4533
4654
30339
4534
4655
4535
4656
4536
4657
30336
4537
4658
30335
4538
4659
30338
4539
30337
4670
4671
4550
4672
4551
4673
4552
4674
4553
30321
30320
30323
30322
3214
4543
4664
30329
17109
4544
4665
30328
4545
4666
4667
4546
4668
4547
30325
4669
4548
30324
19646
4549
30327
30326
4680
4681
4560
4682
4561
4683
4562
4684
4563
4685
4564
28002
4675
4554
30318
4676
4555
4677
4556
4678
4557
30319
4679
4558
4559
4690
4691
4570
4692
4571
4693
4572
4694
4573
4695
4574
4696
4575
2025
4686
4565
4687
4566
4688
4567
4689
4568
4569
4580
4581
4582
4583
4463
4584
4464
4585
4465
4586
1067
4697
4576
4698
4577
4699
4578
4579
4590
4470
4591
4471
4592
4472
4593
4473
4594
4474
4595
4475
4596
27908
4476
4597
4466
4587
4467
4588
4468
4589
4469
4480
4481
4482
4483
4484
4485
4486
4487
4477
4598
4478
4599
4479
4491
4492
4493
4494
4495
4496
4497
4498
4490
435
4488
4489
4499
21327
334
5117
11402
4168
30390
30392
30391
30398
30397
30394
30393
30396
30395
28616
6229
13
15435
2921
16936
24322
13553
14887
9105
28210
3937
18643
3846
14475
4705
2404
4706
4707
4708
4709
4700
4701
4702
4703
4704
1691
4716
4717
4718
4719
4710
4711
4712
4713
4714
4715
