9221
43973
44826
24137
32322
1211
22351
38702
37616
918
22646
44533
45468
48854
27936
32032
22087
50204
48176
50203
50206
50205
50208
50207
50209
27106
42508
50211
3377
50210
50213
42061
50212
14554
50214
18520
24527
20441
45684
45683
45565
45686
45685
43548
1881
45680
548
5446
45682
36732
45681
45677
45676
16273
45679
8573
45678
45673
45672
45675
45674
29864
31793
37896
45671
45670
19676
45666
19279
45665
45668
45667
45662
45661
45664
41100
45663
45669
20788
46517
165
10348
27690
28148
45660
29592
42262
35452
18390
8907
5756
8088
22948
18287
2779
23071
29730
37466
