42365
45677
45676
43973
45679
47733
8573
45678
37330
45673
45672
45675
45674
44826
56098
50270
32322
1211
31793
37896
45671
45670
52537
19676
22646
44533
45468
45666
45665
45668
45667
45662
17373
45188
45661
45664
41100
45663
27936
45669
55053
53391
165
2833
10348
34730
28148
22087
14388
45660
54645
29592
32999
53958
11994
13457
16132
20112
27106
35452
41534
42508
35371
28671
3377
42061
31977
24527
45684
22948
45683
18287
45686
45685
56361
56362
56363
43548
56364
56365
17918
29730
52001
56366
56367
37466
45680
5446
45682
44790
45681
30633
41083
