47777
49271
49270
28576
25860
6900
49277
49276
49275
49274
49273
49272
21037
27937
45740
49269
42638
45508
25513
11757
49268
49267
6878
49266
49265
49264
46392
29151
49263
49262
49261
45732
45731
45973
45734
45733
45730
43156
2177
45739
45736
45735
45738
45737
32143
45721
45720
45723
45722
48436
44112
45729
45728
45725
45724
45727
45726
7469
36730
37665
5447
39032
8058
43011
45718
45719
21747
44745
32641
11948
38692
47723
15113
16444
5750
12360
35460
48419
10349
29593
28389
25431
31946
8871
45535
48887
20637
37190
28478
29444
5999
41840
43100
22541
36251
42777
28648
15699
33824
