46569
38263
46567
46568
46565
14332
36880
46566
46563
46564
8093
25862
40986
36408
50671
50670
26311
50673
50672
46561
50675
46562
50674
50677
46560
50676
32208
46558
46559
46556
46557
46554
46555
46552
41265
46553
40610
35789
46550
46551
6636
18029
37670
43550
46549
31453
10352
36348
44357
49128
9490
21657
34712
29498
32770
20774
17522
27203
35193
41911
551
27041
25420
8605
10610
35622
35466
11036
34938
50523
12128
14943
8875
46466
22091
28232
31530
26056
46580
4945
19016
24846
28806
46578
46579
46576
46577
49205
46574
46575
27038
37508
3104
29852
50662
50661
46572
50664
46573
50663
46570
50666
46571
50665
30677
50668
50667
50669
