46723
46724
45558
46721
46722
46720
40980
44740
42605
46729
46727
59481
24018
26635
46728
42008
46725
17081
40503
46726
29660
58714
58512
59248
55968
21261
11860
12234
36603
41382
42511
43644
4022
19551
46750
40176
46751
20627
46718
46719
46716
46717
55173
40657
59251
28385
58920
51372
521
46550
30977
4611
36874
30611
11037
19679
46745
46746
46743
46744
46741
42340
46742
46740
56074
59069
46749
46747
46748
31494
59147
59301
58410
26497
50850
7594
15692
46734
46735
46732
46733
46730
40794
46731
49962
45604
46738
46739
46736
46737
36619
25055
22780
39801
37307
