39598
1220
26150
34584
15304
11500
49550
49549
49548
49547
39343
49546
49545
42353
49544
27415
21558
14346
49543
49542
49541
49540
32833
49539
9486
23827
11042
36585
3384
35777
36620
46780
6021
46778
46779
46776
7199
46777
46774
46775
46772
46773
27359
40557
20209
30193
41917
16987
46770
46771
17317
46767
46768
19425
39155
46765
46766
46763
46764
38983
46761
49479
46762
23487
45559
46769
20776
35355
37411
46760
46756
46757
20784
46754
46755
46752
4023
41069
46753
19552
48774
24744
44218
46758
46759
29595
35503
40762
40088
28479
22654
23061
26694
1553
27420
42380
42135
42258
28485
29853
