42484
31596
25340
29665
13005
47494
47495
15308
47492
47493
49670
37615
46280
47490
47491
47489
47487
47488
43848
41269
9197
3406
27497
47485
47486
47483
47484
47481
47482
47480
15120
14150
4352
47478
39211
47479
12132
47476
47477
23940
25689
31456
28037
897
47474
47475
1879
15494
41880
44511
45689
36056
28964
35129
547
32937
16989
49999
49998
49997
49996
49995
22830
41517
32644
12993
49994
49993
49992
49991
49990
15900
34090
47329
49989
49988
49987
13210
49986
49985
49984
41106
25677
8582
14946
50000
12805
50002
50001
49983
50004
49982
50003
3720
49981
49067
174
13824
27422
33553
38209
19014
40474
29857
31804
