39395
5460
26716
45159
45511
46126
47730
29106
47093
52176
23480
53867
14778
44335
47603
8069
47604
47601
8584
47602
43285
45662
47600
26687
43724
47605
34092
32037
2511
27498
1861
54487
50125
38613
13974
42068
43312
20233
42984
48602
47599
36342
47597
47598
21647
20436
13826
34644
17509
34883
47595
54538
47596
54537
47593
9835
47594
47591
47592
8947
47590
54539
18169
43104
39121
47305
47588
47589
47586
39488
47587
28329
54541
6619
54540
54265
3707
54545
54544
54543
20916
27596
54542
47584
53459
50741
47585
54547
54228
16665
54546
29171
