44148
17322
45997
47698
47699
7567
47696
47697
40989
53261
24294
25582
29940
57542
54631
47694
47695
47692
47693
47690
47691
56736
4923
32326
13690
47689
41026
47687
47688
46354
47685
39345
43365
47686
35781
26689
25679
36957
11957
57954
24067
28267
58049
47683
19958
47684
7769
47681
47682
47680
47317
58091
39056
9002
21487
11480
14750
32260
26417
55225
26057
53245
20005
47702
47703
37185
39562
47700
43820
47701
15374
58662
20329
23830
47706
47704
47705
57018
24360
1565
26265
58664
58663
56365
53651
55477
46053
31249
56922
