26958
20212
15309
33772
49279
12796
49278
3090
42350
27778
27419
40219
40614
1226
3403
24021
49301
49300
13414
44646
36061
31731
2167
38126
15127
16458
44084
30008
45563
40552
7479
10086
26145
16671
22835
47854
47852
47853
47850
47851
21869
21866
31795
32761
34025
48420
37414
37416
32645
30348
43366
47845
17894
47846
47843
47844
47841
47842
44211
46113
47840
44859
47849
47847
47848
8338
30979
14547
47834
47835
44326
47833
42384
40005
47838
47839
47836
47837
2768
49293
49292
49291
49290
34884
49299
49298
49297
49296
49295
49294
37060
49282
49281
49280
32697
19819
49289
49288
49287
35849
49286
49285
26061
49284
49283
