49914
9782
37971
43574
1020
25468
57385
2272
53380
30145
58756
13607
56897
58755
11747
58757
58754
58753
14335
38985
47892
47893
47890
47891
21798
47889
47887
47888
47885
40497
47886
41068
47883
47884
49786
35220
23533
45627
28343
47881
6710
7205
7568
12367
44095
47882
15752
36996
38734
47880
4614
10589
47878
4030
14152
37393
44323
47879
47876
47877
40201
47874
47875
21363
47872
38642
47873
8070
28436
33875
47191
39938
57168
26058
28157
33034
47870
47871
47867
47868
47866
41366
44110
28645
45848
47869
31289
32577
20917
49321
36974
36777
