0
14904
1
14905
2
14902
3
14903
11637
4
14908
5
14909
6
14906
7
14907
8
9
14900
14901
13909
2351
4783
15043
15042
15041
15040
7939
3577
736
14970
14858
14979
14859
14852
14973
14853
14974
14971
14851
14972
14856
14977
14857
14978
14854
14975
14855
14976
14980
14860
14981
14869
14863
14984
14864
14985
14861
6757
14982
14862
14983
14867
14988
12689
14868
14989
14865
14986
14866
14987
5320
10471
14959
14957
14958
14951
14952
14950
14955
14956
14953
12897
14954
14968
300
14969
301
302
303
304
305
14962
306
10241
14963
307
14960
308
14961
309
14966
14967
14964
14965
14937
14938
310
14935
311
14936
312
313
314
14939
315
316
317
14930
13720
318
319
14933
14934
14931
14932
8740
14948
320
14949
200
321
14946
201
14947
202
203
204
205
206
14940
207
14941
208
209
14944
14945
14942
14943
14915
210
14916
211
14913
212
14914
213
14919
214
215
14917
216
14918
217
218
219
14911
14912
14910
220
14926
100
221
14927
101
222
14924
102
223
14925
103
224
104
225
105
226
14928
106
227
14929
107
228
108
229
109
14922
14923
14920
14921
13121
230
110
231
111
232
112
233
113
234
114
235
115
236
116
237
117
238
118
239
119
10
11
12
13
14
15
16
17
18
19
240
120
241
121
242
122
243
123
244
124
245
125
246
126
247
127
248
128
249
129
20
21
22
23
24
25
26
27
28
29
250
371
130
251
131
252
132
253
133
254
134
255
135
256
136
257
137
258
138
259
139
30
31
32
33
34
35
36
37
38
39
260
140
261
141
262
142
263
143
264
144
265
145
266
146
267
147
268
148
269
149
12026
40
41
42
43
44
45
46
47
48
14892
49
14893
14890
14891
270
150
271
151
272
152
273
153
274
154
275
155
276
156
277
157
278
158
279
159
14896
14897
14894
50
14895
51
52
53
14898
54
14899
55
56
57
8462
5076
58
59
280
160
281
161
282
162
283
163
284
164
285
165
286
166
287
167
288
14429
168
289
169
60
61
8218
62
63
64
65
66
67
68
69
14870
14992
14871
14991
14990
290
170
291
171
292
172
293
6171
173
294
174
295
175
296
176
297
177
298
178
299
179
14874
14996
70
14875
14995
71
14872
14994
72
14873
14993
73
14878
74
14879
14999
75
14876
14998
76
14877
14997
77
78
79
14881
14882
14880
180
181
182
183
184
185
186
187
188
189
80
14885
81
14886
82
14883
1729
83
14884
84
14889
85
86
14887
87
14888
88
15021
89
15020
15025
15024
15023
15022
190
191
192
193
194
195
196
197
198
199
90
91
15029
92
15028
93
15027
94
15026
95
96
97
98
99
15032
15031
7054
15030
15036
15035
15034
15033
9352
2955
15039
15038
15037
15003
15002
15001
15000
15007
15006
15005
15004
15009
15008
15010
15014
15013
15012
15011
15018
15017
15016
15015
15019
1423
2632
