45513
20331
8898
27124
50310
53669
47251
45348
42518
49709
28902
51894
36637
48206
13220
14155
11040
48687
48686
32261
33197
25687
24238
55861
23382
55865
55864
55863
55862
48685
55869
48684
55868
37710
48683
55867
4348
45450
48682
55866
48681
48680
48679
48678
48677
48676
48951
48675
55871
55870
48674
48673
48672
10089
48671
48670
34319
23405
49517
43258
48669
48668
18692
48667
48666
48665
41199
48664
49590
29226
48663
48662
48661
48660
48659
48658
27619
44215
48657
7774
48656
20667
53870
55650
38578
48135
27290
46866
16130
18033
34886
50011
36267
19008
49053
45525
45766
1297
48639
26981
31523
39527
