43851
48989
48988
48987
19188
39597
48986
48985
48984
48983
33091
41438
52052
31592
48982
3754
14585
46038
45741
14187
32271
42117
41702
49706
16297
19843
43314
44242
31050
2175
31454
44481
49013
49012
14955
49011
49010
36505
42576
43940
49009
49008
39046
49007
49006
49005
24368
542
54941
54940
49004
54945
9529
49003
54944
49002
54943
49001
54942
49000
54949
54948
54947
54946
44620
30739
48545
7523
18694
13043
46641
26238
54952
54951
54950
54956
54955
54954
6668
54953
3714
54957
29879
3450
42677
34093
51970
26883
2475
4933
52306
12170
37474
22254
42948
33038
32340
37238
48999
48998
48997
48996
48995
48994
51351
48993
48992
48991
48990
