43655
12395
13001
10096
26434
44948
25867
29386
3717
29861
30504
46364
44186
8928
21872
7213
22848
46994
6049
49622
43244
49621
25514
21559
22248
26605
34654
31263
27210
15315
49620
52744
42387
49617
19961
39570
40042
49616
23627
49615
37197
49614
47434
49613
5486
49612
49611
46421
49610
23069
27946
53084
53085
22655
42107
49619
45418
49618
53083
53088
32589
53089
26890
53086
32983
53087
11524
49606
49605
47546
49604
49603
49602
49601
49369
8082
43947
53090
24645
49609
49608
49607
13637
27112
13994
16866
34837
32417
48271
