41591
5465
20218
29904
53583
25063
26595
50110
50112
1650
50111
38505
41270
51921
30942
22966
48657
43683
44454
49863
56220
54086
46759
58888
58887
4938
58889
1983
58884
58886
53794
58885
6910
33923
3409
14348
29193
45536
42461
43352
42221
58890
58098
44649
50093
50092
50095
50094
50097
27141
50096
50099
35972
50098
39458
4621
13624
56911
39285
38671
9216
45244
45961
35562
44639
47629
21458
30277
58868
26064
58300
50101
50100
50103
50102
50105
55878
17519
50104
33989
47184
50107
50106
49042
50109
50108
52769
