50429
47377
56097
56098
56099
33413
25065
50431
50430
50433
50432
50435
50434
50437
50436
50439
50438
28903
50440
50442
50441
50444
6633
50443
50446
50445
50448
49021
50447
14349
50449
9488
17664
19280
50451
50450
50453
50452
50455
50454
50457
50456
32702
50459
50458
17159
25456
44916
50460
10405
50462
50186
50461
50463
9803
47980
49246
13874
10884
28162
31325
38758
48274
21985
45798
29506
13840
28825
56104
30298
27294
27691
56100
56101
56102
27057
56103
48253
19437
7267
17186
15320
41453
28512
33796
55264
50411
11764
5517
34889
36549
20642
46853
49845
53012
55678
10608
1609
36533
18205
54508
50428
51913
