41154
46889
58390
21146
42522
40221
46968
51480
11505
50550
24372
35675
50552
24693
50551
59325
30505
50554
50553
50556
50555
55206
50558
51768
50557
53428
50559
20984
23614
49348
59058
7491
54240
23975
48815
34217
50561
50560
59414
57598
59413
15998
37649
48208
7222
41097
16850
32580
59300
56954
30044
13104
45451
17948
34407
14557
11765
14163
50539
59270
59399
58541
26428
25292
37828
50541
50540
39326
50543
6336
37544
50542
50545
12146
50544
50547
36932
46250
50546
49163
50549
29094
48151
50548
