18531
51838
51837
46842
50509
43457
46367
6079
21661
42681
19025
56174
23763
38180
43898
47817
54232
31275
50157
45352
19828
29382
52419
18736
4980
49743
6642
37564
25598
41228
40413
43728
27859
240
32433
54560
54643
51574
42590
51018
52505
20111
44485
37277
56272
56273
29525
56274
56275
53041
56271
55067
56276
56277
56278
56279
39810
3733
30369
51825
51824
51827
51826
51829
4362
51828
36692
8920
47666
56283
56280
39162
56281
40437
56282
50341
23077
51830
14567
51832
11255
51831
51834
51833
44193
51836
51835
