5140
5261
5141
5262
5142
5263
5143
5264
5144
5265
5145
5266
5146
5267
5147
5268
59485
4170
5260
5137
5258
5138
5259
5139
58839
5151
5272
5152
5273
5153
5274
5154
5275
15
5155
5276
5156
5277
5157
5278
5158
5279
5270
5150
5271
2317
59139
5148
5269
5149
5162
5283
5163
5284
5164
5285
5165
5166
5167
5047
5168
5048
5169
5280
5160
5281
5161
5282
4749
59026
5159
18117
5052
5173
5053
5174
5054
5175
7596
5055
5176
5056
5177
5057
5178
5058
5179
5059
5170
5050
5171
5051
5172
3544
5049
46253
703
5063
5184
5064
5185
47219
5065
5186
5066
5187
5067
5188
5068
5189
5069
5180
5060
5181
5061
5182
5062
5183
5074
5195
5075
5196
5076
5197
5077
5198
5078
5199
48414
5079
47564
43881
5190
24587
5070
5191
5071
5192
5072
5193
5073
5194
37083
58888
1388
2598
5085
5086
5087
5088
5089
5080
5081
5082
5083
5084
3216
59502
2923
5096
5097
5098
5099
5090
5091
5092
5093
5094
5095
58549
2027
4464
15396
1069
16005
5200
5201
5202
47747
5210
5211
5212
5213
59318
5203
47067
5204
5205
5206
5207
5208
5209
5220
5100
5221
32919
5101
5222
5102
5223
5103
5224
32240
5214
5215
38589
5216
5217
5218
5219
5230
5110
5231
5111
5232
5112
5233
5113
5234
5114
5235
25831
3848
5104
5225
5105
5226
5106
5227
5107
5228
5108
5229
5109
36713
5240
5120
5241
5121
5242
5122
5243
5123
5244
5124
5245
5125
5246
336
5115
5236
5116
5237
5117
5238
5118
5239
5119
5250
46613
5130
5251
5131
5252
5132
5253
5133
5254
5134
5255
5135
5256
5136
5257
1693
58147
59479
5126
5247
5127
5248
5128
5249
5129
29053
