26717
49515
7521
9821
14574
46203
17363
48500
44585
27963
53062
53063
53060
53061
53066
53067
23083
53064
35677
53065
3434
27048
33652
52730
53068
27365
14971
45473
53622
13448
53868
20543
43521
45540
47688
16684
26444
42876
24548
42757
35468
32991
1585
51698
50566
10389
38219
21886
19840
49816
52230
31970
50096
51465
53641
38764
54739
54738
31899
46896
20803
53051
25975
53052
35207
53055
1920
53056
53053
53054
51199
53059
54743
54742
53057
54741
53058
54740
14005
49488
54746
51950
54745
49243
54744
947
