42121
46289
11819
56373
46529
47938
50075
52736
19478
38450
43523
20661
36431
44816
22364
57072
33169
50880
52664
51651
54124
57839
54800
57835
57836
1626
57837
57838
50408
16692
39694
28917
10393
43079
54093
1285
54092
54091
28678
54097
9880
54096
54095
54094
30882
57842
57843
54099
57844
53120
54098
57840
23660
57841
16535
54459
39734
51226
45885
44952
49966
15178
20561
42297
49885
22980
43986
54101
57336
54100
51350
1323
24681
54105
54104
24286
54103
54102
54108
15533
38954
53578
54107
37623
54106
17358
49242
