5382
5383
5384
5385
23727
5386
46169
5387
5388
46167
5389
46168
5380
4171
5381
1694
5379
46165
46166
46163
46164
46161
39758
46162
46160
5393
5394
5395
5396
5397
46158
16
5398
46159
5399
46156
46157
9191
5390
5391
5392
13817
2318
5286
5287
5288
4750
5047
5289
5294
5295
5296
5297
5298
5299
5290
5291
5292
5293
45968
3545
704
37095
40264
2464
5510
5508
5509
1389
2599
5500
5501
11033
5502
5503
34937
5504
5505
5506
5507
11952
5520
5400
5521
5519
3217
5511
5512
5513
5514
5515
5516
2924
5517
5518
25418
44155
5530
5410
5531
5411
5532
5409
5401
5522
6612
5402
5523
5403
5524
5404
5525
5405
5526
5406
5527
5407
5528
5408
5529
5540
4331
5420
5541
5300
5421
5542
5301
5422
5543
2028
5412
5533
5413
5534
31637
5414
5535
5415
5536
5416
5537
5417
5538
5418
5539
5419
5550
5430
5551
5310
5431
5552
5311
5432
5553
4465
5312
5433
5554
1070
5302
5423
5544
5303
5424
5545
5304
5425
5546
5305
5426
5547
5306
5427
5548
5307
5428
5549
5308
5429
5309
5560
5440
5561
5320
5441
5562
5321
5442
5563
5322
5443
5564
42066
5323
5444
5565
33591
5313
5434
5555
5314
5435
5556
5315
5436
5557
43151
5316
5437
5558
5317
5438
5559
5318
5439
5319
5570
5450
5571
5330
5451
5572
5331
5452
5573
5332
5453
5574
5333
5454
5575
5334
5455
5576
36295
7196
5324
5445
5566
38357
5325
5446
5567
5326
5447
5568
5327
5448
5569
5328
5449
5329
5580
5460
5581
5340
5461
5582
5341
5462
5583
5342
5463
5584
5343
5464
5585
5344
5465
5586
5345
5466
5587
35192
5335
5456
5577
5336
5457
5578
5337
5458
5579
5338
5459
5339
36723
5470
5350
5471
5351
5472
5352
5473
5353
5474
5354
5475
5355
5476
5356
5477
3849
5346
5467
5588
5347
5468
4017
5348
5469
5349
14942
5360
5481
5361
5482
5362
5483
5363
5484
5364
5485
5365
5486
5366
5487
5367
5488
5480
46180
31378
337
5357
5478
5358
5479
5359
46181
5371
5492
5372
5493
5373
5494
5374
5495
42016
5375
5496
5376
5497
5377
5498
46178
5378
5499
46179
5490
5370
5491
32695
5368
5489
46176
5369
46177
46174
46175
46172
46173
46170
46171
