26719
49676
24971
54075
11548
55520
54798
55524
54797
55523
50156
54796
55522
54795
55521
51004
55527
55526
54799
55525
49990
35956
44336
21671
38135
31819
22127
29518
47280
53430
51496
16129
54802
54801
967
54800
38899
51699
54806
54805
54804
54803
18553
19841
54809
54808
14590
54807
41531
22253
33350
45618
34040
41814
29882
53880
34842
32343
55026
48046
54810
28071
12611
25081
43862
6386
43582
13870
28408
55153
21779
44118
53693
50781
51952
55517
9527
21050
46010
32538
2814
8639
15537
16505
55519
55518
