43059
28817
19189
44343
34660
40349
48947
275
53269
55049
12433
3797
36602
54717
55849
20665
4383
46039
46675
55050
58484
58483
3451
30293
43926
58486
58485
55054
57192
58480
55053
55052
58482
22128
55051
58481
55058
55057
55056
55055
58488
32475
58487
35420
55059
58489
50369
5503
57516
41132
42467
38486
40288
55061
55060
57440
55065
27705
55064
58490
42547
49938
55063
55062
38729
10637
30641
45522
44711
39962
42814
45648
26624
54266
58029
36739
26740
52403
229
49003
52646
54701
37425
1925
35728
41161
48392
