46522
29107
23962
230
34667
55169
19707
32606
52215
30104
6947
36648
18300
22129
13250
38330
43765
48578
10140
23210
34251
35142
45824
55098
55097
55096
55095
28188
32039
55099
44929
53954
57718
57719
47363
39704
5505
47480
14030
19601
39893
36420
49852
43959
24038
41539
23865
47759
31058
55102
57721
55101
57722
55100
57723
57724
55106
55105
55104
55103
57720
49058
55109
55108
55107
51107
32425
37913
41290
51428
7872
41606
57093
44712
55113
55112
55111
55110
34114
35643
55115
55114
2819
49641
8119
6417
33944
