43690
45746
0
2799
33406
47901
11979
6932
4645
10626
600
601
602
603
604
605
606
607
608
609
610
611
612
613
614
615
616
617
618
619
620
500
621
501
622
502
623
503
624
504
625
505
626
506
627
507
628
508
629
509
630
510
631
511
632
512
633
513
634
514
635
515
636
516
637
517
638
518
639
519
640
520
641
400
521
642
401
522
643
402
523
644
403
524
645
404
525
646
405
526
647
406
527
648
407
528
649
408
529
409
26812
650
530
651
410
531
652
411
532
653
412
533
654
413
534
655
414
535
656
415
536
657
416
537
658
417
538
659
418
539
419
53329
660
53330
540
661
53331
420
541
662
421
542
663
422
543
664
53334
423
544
665
53335
424
545
666
53332
425
546
667
53333
426
547
668
53338
427
548
669
53339
428
549
53336
429
53337
47614
670
550
671
53341
430
551
672
53342
431
552
673
432
553
674
53340
433
554
675
434
555
676
435
556
677
53343
436
557
678
437
558
679
438
559
439
43248
44331
680
560
681
440
561
682
441
562
683
442
563
684
322
443
564
685
323
444
565
686
53235
324
445
566
687
325
446
567
688
326
447
568
689
327
448
569
328
449
329
9824
570
450
571
330
451
572
331
452
573
332
453
574
333
454
575
334
455
576
335
456
577
336
457
578
337
458
579
30285
338
459
339
44681
580
460
581
340
461
582
5491
341
462
583
342
463
584
343
464
585
344
465
586
345
466
587
346
467
588
347
468
589
348
469
349
590
470
591
350
471
592
351
472
593
352
473
594
353
474
595
354
475
596
355
476
597
356
477
598
357
478
599
358
479
359
12160
480
360
481
361
482
362
483
363
484
364
485
365
486
366
487
367
488
36116
368
489
369
490
370
491
371
492
372
493
373
494
374
495
375
496
376
497
377
498
378
499
379
380
381
382
383
384
385
386
387
388
389
35365
11260
390
391
392
26515
393
394
395
396
397
398
399
38859
8364
32707
48481
49687
27430
