6593
6592
6595
22516
4175
6594
6597
6596
6599
6598
6591
6590
1698
6589
6483
6482
6485
6484
6487
6486
6489
6488
6481
6480
33523
33524
33521
33522
33520
6479
20
33525
10786
6494
15087
6493
6496
6495
6498
6497
5289
6499
6490
6492
6491
33512
33513
33510
22050
33511
2322
33518
814
33519
33516
33517
33514
33515
6143
5051
3549
33501
33502
33500
33509
4754
33507
33508
33505
33506
33503
708
33504
7121
14099
19780
6708
6707
6709
6700
6702
6701
30902
9417
6704
6703
6706
5859
6705
6720
1393
6719
6718
6711
6710
6713
6712
6715
6714
6717
6716
6731
6610
6730
29208
32184
3221
21724
6609
6729
6608
6722
6601
6721
6600
2928
6724
6603
6723
6602
6726
6605
6725
6604
6728
6607
6727
6606
6500
6621
6620
28007
6619
6612
6732
6611
6614
6613
6616
6615
6618
6617
6630
6511
6632
6510
6631
33493
33494
2032
33491
33492
33490
6509
33499
33497
33498
33495
33496
6502
6623
6501
6622
6504
6625
6503
6624
6506
6627
6505
6626
6508
6629
6507
6628
22923
6520
6641
6640
6522
6643
6521
6642
1074
33488
33489
33486
33487
33484
33485
6513
6634
6512
6633
6515
6636
6514
6635
6517
6638
6516
6637
6519
6518
6639
6650
9122
6531
6652
6530
6651
6533
6654
6532
6653
2603
6524
6645
6523
6644
6526
6647
4469
6525
6646
6528
6649
6527
6648
6529
6540
6661
6660
20046
6542
6663
6541
6662
6544
6665
6543
6664
6535
6656
6534
6655
6537
6658
6536
6657
6539
6538
6659
6670
6551
6672
6550
6671
6553
6674
6552
6673
6555
6676
6554
6675
29989
6546
6667
6545
6666
6548
6669
6547
6668
6549
5591
6560
6681
6680
6562
6683
6561
6682
6685
6564
6684
6563
6687
6566
6686
6565
22202
31147
6557
6678
449
6556
6677
6559
9702
6558
6679
6692
6571
6691
6570
6694
6573
6693
6572
6696
6575
20595
6695
6574
6698
6577
6697
6576
6690
6689
6568
6688
6567
3853
6569
15449
13941
6582
6581
6584
6583
5133
6586
6585
6588
6587
6580
4281
341
6579
6699
6578
17639
11413
