907
908
909
910
911
912
913
914
915
916
917
918
919
1
920
800
921
801
922
802
923
803
924
804
925
805
926
806
927
807
928
808
929
809
1000
2326
930
810
931
811
932
812
933
813
934
814
935
815
936
816
937
817
938
818
939
819
1011
1010
1008
7907
1007
7906
1006
7909
1005
7908
1004
940
1003
820
941
1002
700
821
942
1001
701
822
943
702
823
944
703
824
945
7901
704
825
946
7900
705
826
947
7903
706
827
948
7902
707
828
949
4758
7905
708
829
1009
7904
709
1022
1021
1020
1019
1018
7917
1017
1016
950
1015
830
951
1014
710
831
952
1013
711
832
953
1012
3553
712
833
954
7910
713
834
955
714
835
956
7912
715
836
957
7911
716
837
958
7914
717
838
959
7913
718
839
7916
719
7915
1033
1032
1031
1030
7808
1029
7807
1028
1027
960
7809
1026
840
961
1025
720
841
962
1024
721
842
963
722
843
964
1023
723
844
965
7800
5863
724
845
966
725
846
967
7802
726
847
968
7801
727
848
969
7804
728
849
7803
729
7806
7805
7820
1044
1043
1042
1041
1040
7819
7818
1039
970
1038
850
971
1037
730
851
972
1036
731
852
973
1035
732
853
974
1034
733
854
975
1397
734
855
976
7811
735
856
977
7810
736
857
978
7813
737
858
979
7812
738
859
7815
739
7814
7817
7816
7710
7831
7830
1055
1054
1053
1052
1051
1050
7709
980
7708
7829
860
981
1049
740
861
982
1048
741
862
983
1047
742
863
984
3225
1046
743
864
985
1045
744
865
986
745
866
987
7701
7822
746
867
988
7700
7821
747
868
989
7703
6735
7824
748
869
7702
7823
749
7705
7826
7704
7825
7707
7828
7706
7827
7840
7721
7842
7720
7841
990
870
991
7719
750
871
992
751
872
993
752
873
994
753
874
995
754
875
996
1056
755
876
997
756
877
998
7712
7833
757
878
999
7711
7832
758
879
7714
7835
759
7713
7834
7716
7837
7715
7836
7718
7839
7717
7838
7730
7851
7850
7732
7853
7611
7731
7852
7610
880
760
881
7609
761
882
762
883
763
884
764
885
765
886
2036
766
887
767
888
7723
7844
768
889
7722
7843
769
7725
7846
7724
7845
7727
7848
7606
7726
7847
7605
7729
7608
7728
7849
7607
7860
7741
7862
4473
7620
7740
7861
7743
7864
7622
7742
7863
7621
890
770
891
771
892
772
893
773
894
774
895
775
896
776
897
777
898
1078
778
899
7734
7855
7613
779
7733
7854
7612
7736
7857
7615
7735
7856
7614
7738
7859
7617
7737
7858
7616
7619
7739
7618
7750
7871
7870
7752
7873
7631
7751
7872
7630
7754
7875
7633
7753
7874
7632
780
781
782
783
784
785
786
787
788
789
7745
7866
7624
7744
7865
7623
7747
7868
7626
7746
7867
7625
7749
7628
7748
7869
7627
7629
7880
7761
7882
7640
7760
7881
7763
7884
7642
7762
7883
7641
7765
7886
7644
7764
7885
7643
790
791
792
793
794
795
796
797
798
799
7756
7877
7635
7755
7876
7634
7758
7879
7637
7757
7878
7636
7639
7759
7638
7770
7891
7890
7772
7893
7651
7771
7892
7650
7774
7895
5595
7653
7773
7894
7652
7776
7897
7655
7775
7896
7654
322
7767
7888
7646
7766
7887
7645
7769
7648
7768
7889
7647
7649
7781
7660
7780
7783
7662
7782
7661
7785
7664
7784
7663
7787
7666
7786
7665
690
691
692
693
694
695
696
697
698
699
7778
7899
7657
7777
7898
7656
7659
7779
7658
7792
7671
7791
7670
7794
7673
7793
7672
7796
7675
7795
7674
7798
7677
7797
7676
7790
345
7789
7668
7788
7667
7669
7682
7681
7684
7683
7686
7685
7688
7687
4179
7680
7679
7799
7678
7693
7692
6482
7695
7694
7697
7334
7696
7699
7698
7691
7690
7689
24
5055
6147
5293
1702
7030
2932
2607
3857
900
901
902
903
904
905
906
