2426
22520
34976
30485
2324
3551
4756
5861
19783
20417
710
1395
33964
3325
3223
6733
2034
20293
12314
1076
4471
5687
5593
24509
9712
7301
7300
7303
7302
7310
7312
7311
7314
7313
343
7305
7304
7307
7306
7309
7308
7200
7321
7320
7202
7323
4177
7201
7322
7204
7325
7203
7324
7316
7315
7318
7317
7319
7330
7211
7332
7210
7331
7213
7212
7333
7215
7214
35265
35264
35263
35262
35261
35260
6480
35268
35267
35266
7206
7327
7205
7326
16403
7208
7329
7207
7328
7209
22
7220
7101
7222
7100
7221
7103
7224
6255
7102
7223
7105
7226
7104
7225
35254
35253
35252
35251
35250
23149
35259
35258
35257
35256
35255
7217
7216
7219
7218
7110
7231
5053
7230
7112
7233
7111
7232
7114
7235
6145
7113
7234
7116
7237
7115
7236
35243
35242
35241
35240
5291
35249
35248
35247
35246
35245
35244
7107
7228
7106
7227
7109
7108
7229
7121
7242
7120
7241
7123
7244
7122
7243
7246
7125
7124
7245
7248
7127
7247
7126
35232
7240
35239
35238
35237
35236
35235
35234
35233
7118
7239
7117
7238
7119
7253
7132
7252
7131
7255
7134
7254
7133
7257
7136
7256
7135
7259
7138
7258
7137
7251
7130
7250
1700
23250
7129
7249
7128
7264
7143
7263
7142
7266
7145
7265
7144
7268
7147
7267
7146
7149
7269
7148
7260
7262
7141
7261
7140
7139
13784
7033
7275
7154
7032
7274
7153
7035
7277
7156
7034
7276
7155
7037
7279
7158
7036
7278
7157
7039
7038
7159
7271
7150
7270
7031
7273
7152
7030
7272
7151
2930
23351
7029
7044
7286
7165
7043
7285
7164
7046
7288
7167
7045
7287
7166
7048
7169
7047
7168
7289
15265
7049
28217
7280
7040
7282
7161
7281
7160
7042
7284
7163
7041
7283
7162
24099
7055
7176
7297
7054
7175
7296
7057
7178
7299
7056
7177
7298
7059
7058
7179
7170
7291
7290
7051
7172
7293
7050
7171
7292
7053
7174
7295
7052
7173
7294
2714
7066
7187
7065
7186
7068
7189
7067
7188
7069
7060
7181
7180
7062
7183
7061
7182
7064
7185
7063
7184
2605
7077
7198
7076
7197
7079
7078
7199
7190
7071
7192
7070
7191
7073
7194
7072
7193
7075
7196
7074
7195
31843
7088
7087
7089
7080
7082
7081
7084
7083
7086
7085
16798
7099
7098
7091
7090
7093
7092
7095
7094
7097
7096
26122
17749
3855
14489
17999
