12952
33761
33760
5941
10301
4856
18472
33754
33755
33752
2325
33753
33750
33751
30483
815
33758
33759
33756
33757
3552
33743
33744
33741
33742
33740
29137
33749
33747
4757
33748
33745
33746
5862
3320
33732
6828
33733
33730
33731
711
33738
33739
33736
33737
33734
33735
1396
33721
33722
33720
33729
33727
33728
33725
33726
33723
33724
33709
1164
33710
33711
33718
33719
33716
33717
33714
33715
33712
33713
17475
21618
33700
3224
33707
7700
33708
33705
6734
33706
33703
33704
33701
33702
7600
8800
1077
2035
7602
7601
7604
7603
4472
7501
7500
7510
7512
7511
7503
7502
7505
7504
7507
7506
7509
7508
7400
7521
7520
7402
7523
7401
7522
33691
33692
33690
33699
29066
33697
33698
33695
33696
33693
33694
7514
7513
7516
7515
7518
7517
7519
7530
5594
7411
7532
7410
7531
7413
7534
7412
7533
33680
33681
33688
33689
33686
33687
33684
33685
33682
33683
7404
7525
7403
7524
7406
7527
7405
7526
7408
7529
7407
7528
7409
7420
7541
7540
20596
7422
7543
7421
7542
7424
7545
7423
7544
33677
33678
7415
7536
7414
7535
7417
7538
7416
7537
7419
7418
7539
33679
7550
7431
7552
7430
7551
7433
7554
7432
7553
7435
7556
7434
7555
19250
344
7426
7547
7425
7546
7428
7549
7427
7548
7429
7440
7561
7560
7442
7563
7441
7562
7444
7565
7443
7564
4178
7446
7567
7445
7566
7437
7558
7436
7557
7439
7438
7559
7451
7572
7450
7571
7453
7574
7452
7573
6245
7334
7455
7576
7454
7575
7336
7457
7578
7335
7456
7577
6481
7570
5392
7448
7569
7447
7568
7449
7341
7462
7583
23
7340
7461
7582
7343
7464
7585
7342
7463
7584
7345
7466
7587
7344
7465
7586
7347
7468
7589
7346
7467
7588
7460
7581
7580
7338
7459
7337
7458
7579
7339
7352
7473
7594
7351
7472
7593
5054
7354
7475
7596
7353
7474
7595
6146
7356
7477
7598
7355
7476
7597
7358
7479
7357
7478
7599
7590
5292
7350
7471
7592
7470
7591
7349
7348
7469
7363
7484
7362
7483
7365
7486
7364
7485
7367
7488
7366
7487
7369
7368
7489
7480
7361
7482
7360
7481
7359
7374
7495
7373
7494
7376
7497
7375
7496
7378
7499
7377
7498
7379
7370
7491
7490
7372
7493
7371
7492
1701
7385
7384
7387
7386
7389
7388
7381
7380
7383
7382
7396
7395
7398
7397
7399
7390
7392
7391
7394
7393
2931
7029
16944
26032
20500
21951
8279
2606
30403
25394
19921
3856
17997
