8530
8651
8531
8652
8650
8534
8655
8535
8656
43572
8532
8653
8533
8654
46967
36928
8527
8648
8528
8649
8525
8646
8526
8647
8529
8541
8662
8542
8663
6485
8660
9199
8540
8661
8545
8666
8546
8667
8543
8664
8544
8665
4182
1225
8538
8659
8539
8536
8657
8537
8658
8552
8673
8553
8674
8550
8671
8551
8672
8556
8677
27
8557
8678
8554
8675
8555
8676
8670
8549
7337
8547
8668
8548
8669
2329
8563
8684
8564
8685
5296
8561
8682
8562
8683
8446
8567
8688
8326
8447
8568
8689
4761
5058
8444
8565
8686
8445
8566
8687
8680
8560
8681
8558
8679
8559
8453
8574
8695
8454
8575
8696
8451
8572
8693
8452
8573
8694
8457
8578
8699
8458
8579
40266
8455
8576
8697
8456
8577
8698
8570
8691
8450
8571
8692
6150
8690
7919
3556
8448
8569
37413
715
8449
8464
8585
8465
8586
8462
8583
8463
8584
8468
8589
44056
8469
47325
8466
8587
41101
8467
8588
8460
8581
8461
8582
25678
8580
8459
5866
1705
8475
8596
8476
8597
8473
8594
8474
8595
8479
8477
8598
8478
8599
8471
8592
8472
8593
8590
8470
8591
7033
8486
8487
8484
8485
8488
47542
8489
47543
8482
8483
8480
8481
3228
47540
47541
2935
6738
33702
8497
47537
8498
47538
8495
47535
8496
47536
47533
47534
8499
47531
47532
8490
8493
45912
8494
8491
47539
8492
47530
9476
47526
47527
47524
47525
47522
4342
8700
47523
47520
47521
41666
47528
47529
2039
7607
42983
8710
8711
4476
47519
1081
47518
8709
898
8703
8704
8701
8702
8707
8708
8705
8706
8600
8601
1400
2610
8714
8715
8712
8713
8716
8611
8612
8610
33337
8604
8605
8602
8603
8608
8609
8606
8607
22449
8501
8622
8502
8623
46753
8620
5598
8500
8621
19270
31386
8615
7766
8616
8613
8614
8619
8617
8618
8630
8198
8512
8633
8513
8634
8510
8631
3860
8511
8632
41734
18031
2765
13825
8505
8626
8506
8627
8503
8624
8504
8625
8509
8507
8628
8508
8629
8640
8520
8641
8523
8644
8524
8645
8521
8642
8522
8643
348
8516
8637
8517
8638
8514
8635
8515
8636
8518
8639
8519
