9069
9067
9188
9068
9189
3881
9061
9182
9062
9183
9180
9060
9181
9065
9186
9066
9187
9063
9184
9064
9185
9078
9199
9079
9072
9193
9073
9194
9070
9191
9071
9192
9076
9197
9077
9198
9074
9195
9075
9196
11635
9190
11874
9089
2331
9083
9084
9081
9082
9087
9088
9085
9086
9080
9094
9095
9092
9093
9098
9099
9096
9097
9090
9091
5600
2349
3558
4763
717
4782
7921
5868
3575
6740
3230
10724
10962
14618
14619
14616
14617
4202
14610
14611
14614
14615
6508
14612
11347
14613
2041
3251
14508
14629
7609
14509
11118
14506
14627
14507
14628
6755
14500
14621
14501
14622
14620
14504
14625
14505
14626
14502
14623
14503
14624
10470
2055
1083
5318
14607
14608
14605
14606
14609
7624
4478
14600
14603
14604
14601
8717
14602
4493
8739
13719
9969
14570
14452
14573
14453
14574
14450
14571
14451
14572
350
14456
14577
14457
14578
14454
14575
14455
14576
14458
14579
14459
14580
4184
14460
14581
6487
14463
14584
14464
14585
14461
14582
14462
14583
14467
14588
14468
14589
14465
14586
14466
14587
14469
14430
14551
14431
14552
29
14550
14434
14555
14435
14556
14432
14553
9636
7339
14433
14554
14438
14559
14439
14436
14557
14437
14558
8200
5298
14441
14562
14442
14563
14560
8445
14440
14561
14445
14566
14446
14567
14443
14564
14444
14565
14449
14447
14568
14448
14569
9300
6152
9301
9304
14650
9305
14530
14651
9302
9303
5060
14539
14533
14654
7359
14534
14655
14531
14652
14532
14653
14537
14658
14538
14659
14535
14656
14536
14657
9311
9312
9310
9315
14540
14661
9316
14541
9313
6169
9314
14660
14429
9308
14544
12244
9309
14545
1707
9306
14542
9307
14543
14548
14428
14549
14546
14547
9322
9201
9323
9202
9320
9321
9200
9326
9205
9327
9206
9324
9203
9325
9204
14519
14517
14638
14518
14639
9319
14511
14632
14512
14633
9317
14630
9318
14510
14631
14515
14636
14516
14637
14513
14634
14514
14635
9212
9213
7035
9331
9210
9332
9211
9216
9217
14640
9214
9215
9330
14528
14649
14529
9209
14522
14643
14523
14644
9328
9207
14520
14641
9329
9208
14521
14642
2937
14526
14647
14527
14648
14524
14645
14525
14646
9223
9102
9224
9103
9221
9100
9222
9101
9227
9106
9228
9107
9225
9104
9226
9105
9220
9218
9219
9234
9113
9235
9114
9232
9111
9233
9112
9238
9117
9239
9118
9236
9115
9237
9116
9230
9231
9110
9350
2953
9229
9108
9109
9245
9124
9246
9125
9243
9122
9244
9123
9249
9128
9129
9247
9126
9248
9127
9241
9120
9242
9121
9240
9119
9256
9135
9257
9136
9254
9133
9255
9134
9139
9258
9137
9259
9138
9252
9131
9253
9132
9250
9251
9130
1402
2612
9267
9146
14492
9268
9147
14493
9265
9144
14490
9266
9145
14491
14496
14497
9269
9148
14494
9149
14495
9260
9263
9142
9264
9143
9261
9140
9262
9141
14498
14499
9278
9157
9279
9158
9276
9155
9277
9156
9159
9270
9271
9150
9274
9153
9275
9154
9272
9151
9273
9152
2631
9047
9289
9168
14470
14591
9048
9169
14471
14592
9045
9287
9166
9046
9288
9167
14590
14474
14595
14475
14596
9049
14472
14593
14473
14594
9281
9160
9282
9161
9280
9043
9285
9164
9044
9286
9165
9283
9162
9042
9284
9163
14478
14599
14479
14476
14597
14477
14598
9058
9179
14481
9059
14482
9056
9298
9177
9057
9299
9178
14480
14485
14486
14483
14484
9050
9292
9171
9051
9293
9172
9290
9291
9170
9054
9296
9175
9055
9297
9176
9052
9294
9173
9053
9295
9174
14489
3862
14487
14488
