18257
13931
29129
29128
29123
29122
29121
29120
29127
29126
29125
29124
29132
29131
2332
5601
28282
29130
29109
29108
29107
29106
29101
3559
29100
29105
29104
29103
29102
4764
718
29119
29118
29117
29112
29111
29110
29116
29115
29114
29113
7922
5869
17461
6741
3231
24890
7610
2042
3008
2398
20034
1084
29089
29088
29087
29082
29081
29080
29086
29085
29084
29083
7990
29099
29098
29093
29092
29091
29090
8718
29097
29096
29095
29094
29068
29067
794
29066
29065
29069
29060
29064
29063
29062
29061
5114
29079
29078
29077
29076
29071
29070
11671
4259
7405
29075
29074
29073
29072
9601
9602
9600
9612
9613
9610
9611
9605
9606
9603
9604
9609
9607
9608
9620
9502
9503
9500
9501
351
19907
28850
26552
9616
9617
9614
9615
9618
9619
9510
4185
9513
9514
9511
6488
9512
9506
9507
9504
9505
15433
9508
9509
9520
7340
9400
9521
9403
9524
9404
9525
9401
9522
9402
9523
9517
9518
9515
9516
30
9519
9410
9531
8201
9411
9532
9530
8446
9414
9535
5299
9415
9536
9412
9533
9413
9534
9407
9528
9408
9529
9405
9526
9406
9527
9409
6153
9421
9542
9422
9543
9540
9420
9541
9425
9546
9426
9547
9423
9544
9424
9545
5061
22039
9418
9539
9419
9416
9537
9417
9538
9432
9553
9433
9554
9430
9551
9431
9552
9436
9557
9437
9558
9434
9555
9435
9556
9550
9429
1708
9427
9548
9428
9549
9443
9564
9444
9565
9441
9562
9683
9442
9563
9447
9568
9448
9569
9445
9566
9446
9567
9560
9440
9561
9438
9559
9439
9333
9454
9575
9334
9455
9576
9452
9573
9453
9574
9337
9458
9579
7036
9338
9459
9335
9456
9577
9336
9457
9578
24200
9450
9571
9451
9572
9570
9449
2938
10287
9344
9465
9586
9345
9466
9587
9342
9463
9584
9343
9464
9585
9348
9469
9349
9346
9467
9588
9347
9468
9589
9340
9461
9582
9341
9462
9583
9580
9460
9581
28693
9339
9355
9476
9597
9356
9477
9598
9353
9474
9595
9354
9475
9596
9359
9357
9478
9599
9358
9479
9590
9351
9472
9593
9352
9473
9594
9470
9591
9350
9471
9592
26285
9366
9487
9367
9488
9364
9485
9365
9486
9368
9489
9369
9480
9362
9483
9363
9484
9360
9481
9361
9482
26377
9377
9498
9378
9499
9375
9496
9376
9497
9379
18640
9490
9370
9491
9373
9494
9374
9495
9371
9492
9372
9493
1403
2613
9388
9389
9386
9387
9380
9381
9384
9385
9382
9383
27564
9399
9397
9398
9391
9392
27459
9390
9395
9396
9393
9394
9042
3625
3863
