29140
33766
34979
35935
2333
4876
5602
3560
21625
719
5870
27173
7923
22810
3337
6742
3232
20886
5300
7718
9910
7611
2043
9908
9909
9902
9903
9900
9901
9906
9907
9904
9905
9920
9800
9921
1085
26935
9919
9913
9914
9911
9912
9917
9918
9915
9916
9810
9931
9811
9932
5696
9930
9809
9803
9924
9804
9925
4479
9801
9922
9802
9923
9807
9928
8719
9808
9929
9805
9926
9806
9927
9700
9821
9942
9701
9822
9943
9940
9820
9941
36606
9814
9935
9815
9936
9812
9933
9813
9934
9818
9939
9819
9816
9937
9817
9938
9950
9711
9832
9712
9833
9830
9951
9710
9831
9952
9704
9825
9946
9705
9826
9947
9702
9823
9944
9703
9824
9945
9708
9829
9709
9706
9827
9948
9707
9828
9949
9840
9843
9722
9844
9723
9841
9720
9842
9721
9715
9836
9716
9837
9713
9834
9714
9835
9719
9717
9838
9718
9839
9850
9730
9851
24604
9733
9854
9734
9855
9731
9852
9732
9853
9847
9726
9848
9727
9845
9724
9846
9725
9728
9849
9729
9740
9861
9741
9862
9860
9623
9744
9865
4298
9624
9745
9866
9621
9742
9863
9622
9743
9864
352
9737
9858
9738
9859
9735
9856
9736
9857
9739
9630
9751
9872
9631
9752
9873
9870
4186
9750
9871
9634
9755
9876
9635
9756
9877
6489
9632
9753
9874
9633
9754
9875
9627
9748
9869
9628
9749
9625
9746
9867
9626
9747
9868
9629
7341
9641
9762
9883
9642
9763
9884
9760
9881
37790
9640
9761
9882
37791
9645
9766
9887
37792
9646
9767
9888
37793
9643
9764
9885
37794
9644
9765
9886
37795
9880
29925
9638
9759
37796
9639
9636
9757
9878
9637
9758
9879
31
9652
9773
9894
9653
9774
9895
9650
9771
9892
9651
9772
9893
37780
9656
9777
9898
37781
9657
9778
9899
37782
8202
9654
9775
9896
37783
9655
9776
9897
37784
9890
9770
9891
9649
37785
1807
37786
9647
9768
9889
37787
9648
9769
37788
37789
9663
9784
9664
9785
9661
9782
6154
9662
9783
9667
9788
37770
9668
9789
37771
9665
9786
37772
9666
9787
37773
9780
9660
9781
5062
37774
37775
9658
9779
37776
9659
37777
37778
37779
9674
9795
9675
9796
9672
9793
9673
9794
9678
9799
9679
37760
9434
9676
9797
37761
9677
9798
37762
9670
9791
9671
9792
9790
25317
1709
37763
37764
9669
37765
37766
37767
37768
37769
9685
9686
9683
9684
9689
9687
37750
9688
37751
9681
9682
9680
37752
37753
37754
37755
37756
37757
37758
37759
9333
9696
9697
9694
9695
7037
9698
9699
9692
9693
9690
9691
37749
2939
26392
15276
32819
1404
2614
37497
9141
12086
14110
9043
17753
25133
3864
