907
908
909
54110
910
911
912
913
914
915
916
917
918
919
1
920
800
921
801
922
802
923
803
924
804
925
805
926
806
927
807
928
808
929
809
22856
1000
930
810
931
811
932
812
933
813
934
32429
814
935
815
936
816
937
817
938
818
939
819
1011
1010
1008
1007
1006
1005
1004
940
1003
820
941
1002
700
821
942
1001
701
822
943
702
823
944
703
824
945
704
825
946
705
826
947
706
827
948
707
828
949
708
829
1009
709
1022
1021
1020
2230
1019
1018
1017
1016
33852
950
1015
830
951
1014
710
831
952
1013
711
832
953
1012
712
833
954
713
834
955
714
835
956
715
836
957
716
837
958
717
838
959
718
839
719
1033
1032
1031
1030
1029
1028
31544
960
1027
840
961
1026
720
841
962
1025
721
842
963
1024
722
843
964
1023
723
844
965
724
845
966
725
846
967
726
847
968
727
848
969
728
849
729
1044
1043
1042
1041
40488
1040
970
1039
850
971
1038
730
851
972
1037
731
852
973
1036
732
853
1035
974
733
854
1034
975
734
855
976
735
856
977
736
857
978
737
858
979
738
859
739
1055
1054
1053
1052
1051
1050
980
860
981
740
861
1049
982
741
862
1048
983
742
863
1047
984
743
864
1046
985
744
865
1045
986
745
866
987
746
867
988
747
868
989
748
869
749
23200
990
870
991
750
871
992
751
872
993
752
873
994
753
874
995
754
875
996
755
876
1056
997
1298
756
877
998
757
878
999
758
879
759
7852
880
760
881
761
882
762
883
763
884
764
885
765
886
766
887
767
888
768
889
15952
769
25608
890
770
891
771
892
772
893
773
894
774
895
775
896
776
897
777
898
778
899
779
780
781
782
783
784
785
786
787
788
789
43375
790
791
792
793
54430
794
795
796
797
798
799
322
55898
54688
55897
55896
55895
55899
34538
690
691
692
693
694
695
696
697
698
699
49558
35256
55902
55901
55900
55905
55904
55903
49634
48783
50236
36421
48640
32712
29885
35074
49333
12180
26340
900
901
902
903
904
905
906
