2662
21314
4520
2334
5603
3561
4765
5871
720
10981
7924
19898
3233
20402
2378
5644
10130
10019
10018
10139
10011
10132
6743
10010
10131
10013
10134
10012
10133
10015
10136
10014
10135
10017
10138
10016
10137
23339
10020
10141
10140
2044
23333
23334
23335
23336
23337
23338
10029
10022
10143
10021
10142
406
10024
10145
10023
10144
10026
10147
10025
10146
10028
10149
10027
10148
16922
10269
23427
23428
23429
23420
1086
23421
23422
23423
23424
23425
23426
10118
10117
773
10119
10110
7612
10112
10111
10114
10113
10116
10115
4241
8720
10008
10129
10007
10128
10009
10000
10121
10120
10002
10123
10001
10122
10004
10125
10003
10124
10006
10127
10005
10126
23405
23406
23407
23408
23409
23400
23401
23402
23403
3281
23404
10217
10216
10219
10218
10211
10210
10213
10212
10215
10214
23416
23417
5351
23418
23419
9953
9954
23410
23411
23412
23413
23414
23415
10107
10106
10109
10108
10220
10101
10222
10100
10221
10103
10224
10102
10223
10105
10104
10225
9960
9961
9964
9965
9962
9963
22414
9957
9958
9955
7658
9956
6209
9959
9971
9972
9970
8765
9975
9976
9973
9974
10206
10205
10208
10207
10209
9968
9969
9966
10200
9967
10202
10201
10204
10203
9982
10091
9983
10090
9980
10093
9981
10092
9986
10095
9987
10094
9984
10097
9985
10096
353
9979
10099
10098
9977
9978
9993
9994
9991
9992
4187
9997
9998
9995
9996
9990
9988
9989
10190
10071
10192
7342
10070
10191
10073
10194
10072
10193
10075
10196
10074
10195
23386
23387
23388
23389
6490
23380
23381
23382
23383
23384
23385
10077
10198
10076
10197
9999
10079
10078
10199
14678
32
10080
10082
10081
10084
8447
10083
10086
8203
10085
23397
23398
23399
23390
23391
23392
23393
23394
23395
23396
10088
10087
10089
5063
6155
10170
10051
10172
10050
10171
10053
10174
11142
10052
10173
23364
23365
23366
23367
23368
23369
23360
23361
23362
23363
10055
10176
10054
10175
10057
10178
10056
10177
10059
10058
10179
10060
10181
10180
10062
10183
10061
10182
10064
10185
10063
10184
23375
23376
23377
23378
23379
23370
23371
23372
23373
23374
10066
10187
10065
10186
10068
10189
10067
10188
10069
7387
10150
10031
10152
10030
10151
23342
23343
23344
23345
23346
23347
23348
23349
1710
23340
23341
10033
10154
10032
10153
10035
10156
10034
10155
14873
10037
10158
10036
10157
10039
10038
10159
9334
8248
10040
10161
10160
10042
10163
7038
10041
10162
23353
23354
23355
23356
23357
23358
23359
23350
23351
23352
10044
10165
10043
10164
10046
10167
10045
10166
10048
10169
10047
10168
10049
2940
22904
1405
2615
14259
4812
18624
9044
5910
3865
