11180
11182
11181
8655
11184
11183
11186
11185
2790
11188
4720
11187
11189
11191
11190
11193
11192
18941
11195
11194
11197
11196
3526
31584
11199
11198
5162
11160
11281
11280
11162
11283
11161
11282
11164
11285
11163
11284
28032
25681
2563
3894
11166
11287
9518
11165
11286
11168
11289
11167
11288
31458
11169
30921
11290
13470
11171
24805
11170
11173
11172
11175
11174
11177
11176
11179
11178
46
37097
37098
11140
11261
37099
11260
11142
11263
11141
11262
11144
11265
6941
11143
11264
11146
11267
11145
11266
11148
11269
11147
11268
5616
11149
7013
11270
11151
11272
11150
11271
11153
11274
11152
11273
11155
11276
11154
11275
11157
11278
11156
11277
11159
11158
11279
32514
8594
9326
5882
11120
11241
11240
34363
1283
1040
7261
11129
11122
11243
11121
11242
11124
11245
11123
11244
4426
11126
11247
11125
11246
11128
11249
11127
11248
11250
11131
11252
36892
11130
11251
5092
28804
2013
11133
11254
14522
11132
11253
11135
11256
11134
11255
11137
11258
11136
11257
7707
11139
7948
11138
11259
6079
9104
23566
11108
11229
11228
2941
11109
35432
11221
11220
11223
11222
31518
11225
17204
11224
11227
11226
11230
3253
11119
11118
11239
10702
524
27497
11111
11232
11110
11231
11113
11234
5789
11112
11233
11115
11236
11114
11235
11117
11238
11116
11237
2295
11207
11206
11209
11208
779
11201
11200
11203
11202
11205
11204
17790
3033
21811
22227
11218
11217
11219
302
10927
11210
7502
11212
11211
11214
11213
11216
11215
36736
4252
9269
10451
7639
18622
9712
5355
8863
3174
11438
16687
6573
37110
37111
9962
31809
1555
22308
37100
8400
37101
37102
27793
3982
37103
37104
37105
37106
3744
37107
33429
37108
37109
