8656
24498
24497
2791
24499
24490
24492
24491
24494
24493
24496
24495
4048
4721
21679
5163
24476
22176
24475
24478
24477
24479
24470
10518
24472
24471
2564
24474
1111
24473
4505
9519
11292
11291
9777
11294
11293
11296
11295
24487
24486
24489
24488
24481
24480
24483
24482
24485
24484
11298
11297
11299
13234
21863
11380
47
11382
11381
11384
11383
21506
24459
11386
11385
11388
11387
11389
5617
11391
11390
11393
11392
11395
8225
11394
24465
24464
24467
24466
24469
24468
24461
24460
24463
3322
24462
11397
11396
11399
11398
10982
8476
11360
11481
11480
15046
11362
11483
11361
11482
20639
1284
22015
7262
11364
11485
11363
11484
11366
11487
11365
11486
11368
11489
11367
11488
11369
11490
11371
11492
11370
11491
11373
11494
11372
11493
7708
22261
2014
11375
11496
11374
11495
11377
11376
11497
4316
11379
11378
7949
12227
11340
11461
18771
11460
10928
11108
11349
11342
11463
11341
11462
6625
11344
11465
11343
11464
11346
11467
11345
11466
11348
11469
11347
11468
20742
11470
11351
11472
11350
11471
3254
6080
10703
525
11353
11474
11352
11473
11355
11476
11354
11475
11357
11478
11356
11477
11359
11358
11479
24517
19840
24516
24519
24518
19960
2296
24511
24510
24513
24512
24515
24514
11328
11449
11327
11448
11329
11320
11441
11440
11322
11443
11321
11442
11324
11445
11323
11444
8705
11326
11447
11325
11446
21138
16345
11450
24520
3034
24521
780
11339
11338
11459
16904
303
7503
11331
11452
11330
11451
11333
11454
11332
11453
11335
11456
11334
11455
11337
11458
11336
11457
23408
17522
4253
7765
2075
23886
11306
11427
11305
11426
11308
11429
11307
11428
11309
15348
11300
11421
10452
11420
6308
11302
11423
11301
11422
11304
11425
11303
11424
24506
24505
24508
24507
8864
24509
5356
22562
24500
24502
24501
24504
24503
10228
11317
11438
11316
11437
11319
11318
11439
11430
6798
11311
11432
11310
11431
11313
11434
11312
11433
11315
11436
11314
11435
6574
15200
9963
24398
11405
11404
1556
1798
11407
11406
11409
11408
9713
11401
11400
11403
11402
7554
8401
11416
11415
11418
11417
11419
3983
11410
11412
13833
11411
11414
4957
11413
