8656
2791
4721
37699
37578
11985
18385
38895
18260
241
5163
7466
13340
17382
2564
31336
4505
9519
11292
11291
11294
11293
11296
11295
23710
11298
11297
11299
11380
47
11382
11381
11384
20890
11383
2232
11386
11385
11388
11387
11389
5617
11391
11390
11393
11392
11395
11394
11397
38731
11396
11399
11398
18469
39010
39011
11360
11481
11480
11362
11483
11361
11482
1284
7262
33279
11364
11485
11363
11484
11366
11487
11365
11486
38844
11368
11489
11367
11488
38846
11369
11490
11371
11492
11370
11491
11373
11494
11372
11493
15292
7708
2014
11375
11496
12344
11374
11495
11377
11376
11497
11379
11378
7949
11340
11461
11460
10928
11108
11349
11342
11463
11341
11462
8129
11344
11465
11343
11464
11346
11467
11345
11466
11348
11469
34109
11347
11468
20620
4462
11470
11351
11472
11350
11471
35661
3254
6080
10703
525
11353
11474
11352
11473
11355
11476
11354
11475
6759
11357
11478
11356
11477
11359
11358
11479
24516
38487
32020
2296
11328
11449
11327
11448
11329
11320
11441
11440
11322
11443
11321
11442
11324
11445
11323
11444
11326
11447
11325
11446
11450
3034
22100
780
11339
11338
11459
303
7503
11331
11452
11330
11451
11333
11454
38238
11332
11453
11335
11456
11334
11455
11337
11458
11336
11457
4253
11306
11427
11305
11426
11308
11429
11307
11428
11309
11300
11421
10452
11420
6308
11302
11423
11301
11422
11304
11425
9938
11303
11424
24869
8864
37122
5356
10228
11317
11438
11316
11437
11319
11318
11439
11430
6798
11311
11432
11310
11431
11313
11434
11312
11433
30610
11315
11436
11314
11435
6574
9963
22412
11405
11404
1556
1798
11407
11406
11409
11408
9713
11401
11400
11403
11402
37220
8401
25930
11416
11415
11418
11417
11419
3983
11410
11412
11411
11414
4957
11413
