2792
11504
11625
35713
11503
11624
35712
11506
11627
35711
11505
11626
35710
11508
11629
11507
11628
11509
4722
11500
11621
11620
11502
11623
11501
11622
11515
11636
35702
11514
11635
35701
11517
11638
35700
11516
11637
11519
11518
11639
35709
8657
11630
35708
35707
11511
11632
35706
11510
11631
35705
11513
11634
35704
11512
11633
35703
9520
5164
11603
29123
31454
11602
11605
11604
11607
2565
11606
11609
11608
28030
11601
4506
4627
11600
11291
15650
11614
11613
11616
11615
33984
11618
11617
11619
13597
11610
32416
11612
11611
8573
5618
7014
34493
27738
34255
7263
9327
1285
1041
32621
35699
35698
35697
7950
19893
1170
26868
7709
2015
32178
11498
11499
11580
11582
9105
11581
10929
11584
11583
11586
11585
11225
11588
11587
11589
11591
11590
11593
11592
3255
6081
35541
11595
15953
526
11594
11597
11596
11599
11598
19516
8155
11560
2297
11569
31053
11562
31858
11561
11564
11563
11566
11565
11568
11567
35081
14041
11571
11570
3035
25855
9253
781
663
33462
33341
11573
11572
11575
7504
11574
11577
11576
11579
11578
4130
24738
4254
11548
11669
32005
11547
11668
11549
11540
11661
11660
10453
11542
11663
11541
11662
11544
11665
30622
11543
11664
31710
11546
11667
11545
11666
17894
8865
11670
11559
11558
6799
11551
11550
11553
11552
11555
11554
11557
11556
6575
9964
11526
11647
1557
1799
11525
11646
11528
11649
11527
11648
11529
5357
11520
11641
9714
11640
11522
11643
11521
11642
11524
11645
11523
11644
8402
4958
11416
11537
11658
11536
11657
11539
32333
11538
11659
11650
3984
11531
11652
11530
11651
11533
11654
11532
11653
11535
11656
16549
11534
11655
