2793
35033
22993
11746
11745
11748
11747
235
11749
11740
4723
11742
11741
11744
11743
12162
26567
3527
11757
11756
11759
11758
24262
11751
11750
11753
11752
11755
38539
11754
9521
5165
4192
38084
4507
11724
11845
11723
11844
11726
11847
11725
11846
2566
11728
11849
11727
11848
11729
6800
11720
11841
11840
32549
11722
11843
11721
11842
2221
1800
11735
11734
11737
11736
11739
11738
11731
11730
11733
11732
48
11819
11702
11823
5619
11701
11822
28496
11704
11825
11703
11824
11706
11827
11705
11826
11708
11829
11707
11828
38865
38866
38867
38868
11700
11821
11820
7015
11709
28824
11713
11834
11712
11833
11715
11836
11714
11835
11717
11838
11716
11837
11719
11718
11839
11830
14549
11711
11832
11710
11831
7264
5883
1286
1042
27704
11801
11800
1952
11803
38609
11802
11805
11804
11807
11806
33716
7710
7951
11809
11808
20527
11812
38717
11811
11814
11813
2016
11816
11815
11818
11817
11498
37624
11810
9106
29309
11109
12675
31877
6082
10704
527
8156
11681
11680
2298
3256
11683
11682
33917
11685
11684
11687
11686
11689
11688
38350
11690
11692
11691
32491
782
304
11694
11693
11696
11695
11698
11697
11699
13634
11780
11789
20807
28772
11782
14379
11781
11784
11783
11786
11785
12998
11788
6309
11787
11791
11790
11679
14704
10229
11672
11793
11671
11792
11674
11795
11673
11794
11676
11797
11675
11796
11678
11799
11677
11798
9965
25928
14233
6576
11768
11767
11769
9715
11760
5358
11762
11761
11764
11763
11766
11765
11094
8403
11779
4959
11778
37905
11771
11770
11773
18849
3985
11772
11775
3745
11774
11777
16307
11776
