7560
26313
26312
26315
26314
26317
26316
26319
26318
11867
11988
10535
11866
11987
11869
11868
11989
26311
26310
11980
8404
11861
11982
11860
11981
10774
11863
11984
4724
11862
11983
11865
11986
11864
11985
10305
11878
11877
11879
26320
2794
26321
11870
11991
11990
11872
11993
8658
11871
11992
11874
11873
11876
11875
9522
1362
11966
4508
11965
11968
2567
11725
11967
11969
6801
11960
11962
11961
11964
11963
22866
26309
6386
11292
26302
26301
26304
26303
26306
26305
26308
26307
11856
11977
11855
11976
11858
11979
11857
11978
11859
26300
11176
11850
11971
11970
11852
11973
14449
11851
11972
11854
11975
11853
11974
49
14772
5620
13681
11944
11943
11946
11945
11948
11947
11949
11940
11942
11941
17136
7016
9791
21513
11955
11954
11957
11956
11959
11958
11951
11950
11953
11952
8234
7265
20750
5884
11919
1043
11918
22931
11922
26294
11921
26293
11924
26296
11923
26295
11926
26298
11925
26297
11928
11927
26299
26290
11920
26292
26291
10041
11929
25654
11933
11932
11935
2017
11934
11937
11936
11939
11938
16029
11499
11931
11930
9107
16355
4575
5422
26279
11900
11902
11901
11904
11903
11906
26278
11905
26277
7711
4329
16912
11908
11907
11909
6083
11911
26283
11910
26282
1622
11913
26285
11912
26284
10705
11915
26287
11914
26286
11917
26289
11916
26288
11110
528
26281
26280
8157
3257
10230
24769
26026
24403
783
2299
305
5688
3822
18059
6310
14134
4255
3036
10454
20147
25393
2632
11671
6577
1558
11889
11888
11881
9716
11880
8866
11883
11882
11885
11884
11887
11886
11890
19370
9175
11899
11892
11891
11894
11893
3986
11896
11895
3746
11898
11897
