33090
22759
21781
33097
33098
33095
33096
33093
33094
33091
33092
11867
11988
11866
11987
11869
11868
11989
33099
11980
8404
11861
11982
11860
11981
11863
11984
4724
11862
11983
11865
11986
11864
11985
33086
33087
33084
33085
33082
33083
33080
33081
11878
11877
11879
33088
2794
33089
11870
11991
11990
11872
11993
8658
11871
11992
11874
11873
11876
11875
9522
29927
11966
4508
11965
11968
2567
11967
31213
11969
6801
11960
11962
11961
11964
11963
11292
12263
11856
11977
11855
11976
11858
11979
11857
11978
11859
11850
11971
11970
11852
11973
11851
11972
18921
11854
11975
11853
11974
49
5620
11944
11943
11946
11945
11948
11947
11949
11940
11942
11941
27618
7016
11955
31421
11954
11957
11956
11959
11958
5745
9428
11951
11950
11953
11952
7265
5884
11919
1043
11918
24675
11922
11921
11924
14638
11923
11926
11925
11928
11927
32504
30445
11920
18202
16261
11929
11933
11932
11935
2017
11934
11937
11936
11939
11938
11499
11931
11930
31888
16944
9107
9228
11900
11902
11901
11904
11903
11906
25189
11905
7711
638
19876
7610
3134
11908
11907
11909
6083
11911
11910
11913
11912
10705
11915
11914
11917
11916
11110
528
10820
8157
32262
891
29761
33112
3257
33110
33111
10230
14955
19610
33105
33106
783
33103
33104
33101
33102
2299
33100
305
33109
33107
33108
6310
4255
8296
3036
24177
10454
6680
22443
11671
6577
1558
11889
11888
31374
11881
9716
11880
8866
11883
11882
11885
11884
11887
11886
11890
14484
27437
25258
11899
11892
9848
11891
11894
11893
3986
11896
11895
3746
11898
11897
