2301
1574
4961
4968
11501
14904
11514
14905
14902
14903
14908
14909
2311
2795
14906
14907
14900
11994
14901
3528
4737
2569
3537
6803
2577
11859
4510
11851
4522
5622
5633
2018
1288
1045
5886
14970
12318
12317
2029
14979
12319
1056
12310
14973
14974
12312
14971
7713
12311
14972
14730
12314
14977
12313
14978
12316
14975
12315
14976
14980
14981
12329
12208
12328
12207
12209
12321
12200
14984
12320
14985
12323
12202
14982
11112
12322
12201
13652
14983
12325
12204
14988
7726
12324
12203
14989
12327
12206
14986
12326
12205
14987
14959
530
14957
14958
3259
14951
14952
10232
14950
14955
14956
14953
14954
3270
12307
12306
541
12309
14968
12308
14969
785
14962
306
14963
12301
14960
12300
14961
10246
12303
14966
12302
14967
12305
14964
12304
14965
6312
14937
14938
14935
14936
3038
14939
14930
14933
14934
14931
14932
14948
14949
14946
14947
11672
14940
12520
14941
10464
12882
13971
14944
14945
14942
14943
5360
14915
14916
14913
14914
14919
14917
14918
8868
14911
14912
9718
14910
8881
6588
5370
14926
14927
14924
14925
14928
14929
14922
14923
14920
14921
12271
12270
12273
12272
12275
12274
8406
12277
12276
12279
12278
8420
12280
12282
12281
12284
12283
12286
12285
12288
12287
12289
5166
12251
12250
12253
12010
12252
12255
12254
12257
12256
12259
12258
12260
12262
12261
5179
12264
12263
12266
12265
12268
12267
12269
1801
12351
14892
12352
14893
12231
14890
12350
12230
14891
1811
12355
12233
14896
12356
12232
14897
12353
12235
14894
12354
12234
14895
51
12237
12236
12239
14898
12238
14899
12240
12242
12241
12244
12243
12367
12246
12245
12248
12247
64
12249
14992
12330
14991
14990
12219
12218
12339
12333
12211
14996
7018
12334
12210
14995
12331
12213
14994
12332
12212
14993
2805
12337
12215
14878
12338
12214
14879
14999
12335
12217
14876
14998
12336
12216
14877
14997
7277
12340
14881
12341
14882
12220
14880
12229
12344
12222
14885
12345
12221
14886
12342
12224
14883
9329
12343
12223
14884
12348
12226
14889
12349
12225
12346
12228
14887
12347
12227
14888
10931
9116
6084
10943
6098
15003
15002
15001
8159
14396
15000
15006
15005
15004
12192
12191
12194
12193
12196
12195
12198
12197
8172
12190
12199
12291
12290
12293
12292
12295
12294
12297
12296
1560
12299
12298
13028
12181
12180
12183
12182
12185
12184
12187
12186
3748
12189
12188
3987
