12391
12392
12390
12395
18373
12396
12393
12394
2302
12399
4962
8407
12397
12398
13487
34507
11502
38530
38531
2796
11995
12490
12370
12491
12373
12494
5167
12374
12495
12371
12492
12372
12493
12377
12498
12378
12499
12375
12496
38524
12376
12497
38525
38526
38527
12379
38528
6804
38529
12380
12381
38196
11294
12384
12385
12382
36694
12383
22621
38073
34950
12388
4511
12389
31329
12386
12387
11852
28040
10883
1802
12472
12473
12470
12471
29902
12476
12477
12474
12475
12359
12357
12478
26072
12358
12479
28490
12480
12362
12483
12363
12484
12360
12481
12361
12482
12366
12487
12367
12488
5623
12364
12485
12365
12486
12368
12489
12369
38283
8353
12450
7267
12451
37639
12454
12455
12452
4667
12453
12458
12459
12456
12457
12461
12462
6742
12460
9330
26627
1289
1046
12465
12466
5887
12463
12464
12469
12467
31526
12468
21029
10932
12438
12439
12432
12433
7714
12430
12431
12436
12437
12434
12435
38011
12440
22244
23578
6085
30090
12449
10707
12443
12444
11113
12441
12442
12447
12448
12445
12446
37271
5562
3260
12418
12419
12416
531
12417
27101
12410
12411
10233
12414
12415
12412
12413
38111
8160
12429
12427
12428
34554
12421
12422
307
12420
12425
7506
12426
12423
12424
37371
6313
3039
12993
12510
37931
12511
18735
12512
21111
12407
12408
12405
12406
12409
4257
12400
11673
12403
37008
12404
36712
12401
12402
5361
38322
1561
8869
9719
12180
12506
12507
12504
12505
12508
12509
9966
12502
12503
3988
12500
12501
