4726
3770
12605
12606
12603
12604
12609
12607
12608
803
4975
12601
12602
11996
12600
2570
6805
3543
11853
16495
16494
16493
16492
16499
5640
16498
16497
16496
10708
16491
16490
1290
2019
1047
5888
12670
12550
12671
1064
12559
15705
12553
12674
7953
12554
12675
12551
12672
12552
12673
12557
12678
7715
12558
12679
12555
12676
12556
12677
12560
12681
12561
12682
12680
2038
12564
12685
12565
12686
12562
12683
12563
12684
12568
12689
11114
12569
12566
12687
12567
12688
12539
12537
12658
12538
12659
532
7734
12531
12652
10472
12532
12653
12650
12530
12651
12535
12656
10234
12536
12657
12533
12654
12534
12655
12660
13519
12548
12669
12549
786
12542
12663
12543
12664
549
12540
12661
308
12541
12662
12546
12667
12547
12668
12544
12665
12545
12666
3040
12517
12638
12518
12639
12515
12636
12516
12637
3279
12519
12630
12631
10455
12513
12634
12514
12635
12632
12633
3053
12528
12649
12529
12526
12647
12527
12648
12520
12641
4258
6314
12521
12642
11674
11310
12640
12524
12645
12525
12646
12522
12643
12523
12644
8870
4275
6332
9720
12616
12617
12614
12615
12618
12619
12612
12613
12610
12611
5375
12627
12628
12625
12626
12629
12620
9967
12623
12624
12621
12622
6593
16510
13361
16519
16514
16513
16512
16511
16518
16517
16516
16515
16521
16520
16525
14105
16524
9988
16523
16522
16529
16528
16527
16526
5168
12372
8427
12017
9535
11295
16509
16508
16503
16502
16501
16500
16507
1803
16506
16505
16504
12590
12593
12594
12591
12592
12597
12598
12595
12596
12357
12599
15867
1820
16602
16601
16600
7268
12571
12572
12570
7019
12575
12576
71
12573
12574
12579
11125
12577
12578
7035
9331
12582
12583
14882
12580
12581
12586
12587
12584
12585
12588
12589
16473
16594
16472
16593
16471
16592
16470
16591
9348
16477
16598
16476
16597
16475
16596
16474
16595
16590
10933
16479
16478
16599
16484
6086
16483
16482
16481
16488
16487
16486
16485
16480
10949
9109
16489
16572
16571
16570
16576
16575
16574
16573
9121
16579
16578
16577
16583
16582
16581
16580
16466
16587
16465
16586
16464
15012
16585
16463
16584
8161
16469
16468
16589
16467
16588
16550
16554
16553
16552
16551
16558
12199
16557
14259
16556
16555
16559
16561
16560
16565
16564
16563
16562
16569
16568
16567
16566
16532
16531
16530
1310
16536
16535
16534
16533
16539
16538
16537
12181
16543
16542
16541
16540
3749
1562
16547
16546
16545
16544
16549
3989
16548
