4295
6352
12836
12715
11503
12837
12716
12713
12834
2303
12714
12835
12719
12838
12717
12839
12718
4963
12711
12832
12712
12833
8408
12830
12710
12831
1593
5392
12847
12726
12848
12727
12845
12724
12846
12725
12849
12728
13817
12729
8659
12840
12843
12722
12844
12723
11997
12841
12720
12842
12721
20434
20433
20432
20431
9524
20430
12809
20439
20438
20437
20436
20435
12814
6806
12815
12812
12813
12818
12819
12816
12817
9759
12810
12811
20440
11296
8445
8687
12704
12825
12705
12826
12702
12823
2336
12703
12824
12708
12829
12709
3301
12706
12827
12707
12828
4994
12388
4512
1804
12700
12821
12701
12822
12820
17955
20412
20411
20410
20419
20418
20417
20416
20415
20414
20413
52
12358
20423
20422
20421
20420
17010
9556
20429
20428
20427
20426
20425
20424
12803
12804
12801
12802
12807
12808
12805
12806
13213
5624
12800
16132
12692
12693
12690
7269
12691
10709
7020
12696
12697
13665
12694
12695
12698
12699
20401
20400
17114
9332
5652
20409
20408
20407
2020
20406
20405
20404
1291
20403
20402
8913
12791
12792
12790
10934
7954
10495
12795
12796
12793
12794
12799
12797
12798
6087
14748
13532
11115
15715
1080
9366
20399
20398
20397
5200
12770
20396
20395
20394
3261
12779
533
12773
20393
12774
20392
12771
20391
12772
20390
10235
12777
12778
12775
2604
12776
12780
12781
7995
8162
12784
20283
12785
12782
7746
12783
7507
12788
12789
12786
12787
20379
20378
20377
20376
20375
20374
20373
20372
19145
9140
12759
12757
12758
12872
12751
20371
12873
12752
20370
12870
12871
12750
19828
12513
12755
12756
12753
10456
12754
20389
20388
20387
20386
13055
20385
20384
20383
12768
12769
6315
12762
20382
12763
20381
12760
20380
12761
12766
11675
12767
12764
12765
8871
5362
8198
9721
20359
12858
12737
12859
12738
12856
12735
12857
12736
12739
12850
12851
12730
12854
12733
12855
12734
12852
12731
12853
12732
20368
20367
20366
20365
18043
20364
20363
20362
3750
20361
3077
20369
12869
12748
12749
12867
12746
12868
12747
1563
6579
9968
12861
12740
20360
12862
12741
12860
12865
12744
12866
12745
12863
12742
12864
12743
