7562
26434
26433
26436
25346
26435
26438
26437
26439
12715
12836
11503
12716
12837
12713
12834
2303
12714
12835
12719
26430
12717
12838
26432
12718
12839
26431
4963
16633
12711
12832
12712
12833
8408
10776
12830
12710
12831
20463
7336
26445
26444
26447
26446
3097
26449
26448
12726
12847
12727
12848
12724
12845
12725
12846
26441
26440
12728
12849
26443
12729
26442
8659
12840
12722
12843
12723
12844
11997
12720
12841
12721
12842
26419
9524
1363
12809
26414
26413
26416
26415
26418
26417
25449
12814
6806
12815
12812
12813
12818
11727
12819
12816
12817
12810
12811
11296
26423
26422
26425
26424
26427
26426
24007
26429
26428
22502
12704
12825
12705
12826
12702
12823
12703
12824
12708
12829
12709
12706
12827
26421
12707
12828
26420
4512
1804
12700
12821
12701
12822
12820
19661
21869
52
12358
23013
21514
12803
12804
10989
12801
12802
12807
12808
12805
12806
5624
17138
12920
12800
12692
12693
12690
7269
12691
10709
7020
3334
4785
12696
12697
12694
12695
12698
12699
8486
9332
22024
2020
22269
1291
4330
12791
12792
12790
9580
10934
1852
24770
7954
12795
12796
12793
12794
6869
12799
12797
12798
6087
11115
12568
6637
12770
3261
12779
533
12773
12774
12771
12772
10235
12777
17424
12778
12775
12776
12780
12781
26027
8162
12784
12785
5689
12782
12783
7507
12788
12789
12786
12787
12759
12757
12758
12872
12751
12873
12752
12870
12871
12750
12513
12755
12756
12753
10456
12754
12408
12768
12769
6315
12762
12763
12760
12761
12766
11675
12767
12764
12765
8871
5362
9721
26456
26455
26458
26457
26459
21327
12737
12858
12738
12859
12735
12856
26450
12736
12857
25242
26452
26451
12739
26454
26453
12850
12730
12851
12733
12854
12734
12855
12731
12852
12732
12853
14002
3750
12869
12748
12749
12867
12746
26461
12868
12747
26460
26462
1563
6579
9968
12740
12861
12862
12741
13398
12860
12865
12744
12866
12745
12863
12742
12864
12743
