1341
1462
1340
1461
1460
1338
1459
1337
1458
1336
1457
1335
1456
1334
1455
1333
1454
1332
1453
1331
1452
2783
3519
1339
1352
1473
1351
1472
1350
1471
1470
1349
1348
1469
1347
1468
1346
1467
4
1345
1466
2555
1344
1465
1343
1464
1342
1463
1242
1363
1484
1362
1483
1361
1482
1360
1481
1480
1359
1358
1479
1357
1478
1356
1477
1355
1476
1354
1475
1353
1474
1253
1374
1495
1252
1373
1494
1251
1372
1493
1250
1371
1492
1370
1491
1490
9099
1249
1248
1369
5609
1247
1368
1489
1246
1367
1488
1245
1366
1487
1244
1365
1486
1243
1364
1485
1264
1385
1263
1384
1262
1383
1261
1382
1260
1381
1380
1259
1258
1379
1257
1378
1499
1256
1377
1498
1255
1376
1497
1254
1375
1496
1033
1275
1396
1274
1395
1273
1394
1272
1393
1271
1392
1270
1391
1390
1269
1268
1389
1267
1388
1266
1387
1265
1386
7940
1286
1285
1284
1283
1282
1281
1280
2006
1279
1278
1399
1277
1398
1276
1397
5874
737
1297
1296
1295
1294
1293
1292
1291
1290
1289
1288
1287
1299
1298
999
516
2287
3245
771
4244
6301
3027
6790
4498
6565
8855
5348
9502
9503
9500
9501
8647
9510
5154
7699
9511
482
9506
9507
9504
9505
9508
9509
9400
9403
9404
9401
9402
9410
9411
9414
38
9415
9412
9413
261
9407
9408
9405
9406
9409
9421
9422
9420
9425
9426
9423
7006
9424
9418
9419
9416
9417
7253
9432
9433
7494
9430
9431
9436
9437
9434
9435
9429
9427
9428
9322
9443
9323
9444
9320
9441
9321
9442
9326
9447
9327
9448
9324
9445
9325
9446
9440
295
9438
9439
9333
9454
9334
9455
9331
9452
9332
9453
9337
9458
9338
9459
9335
9456
9336
9457
9450
9330
9451
9328
9449
9329
9344
9465
9345
9466
9342
9463
9343
9464
9348
9469
9349
9346
9467
9347
9468
9340
9461
6072
9341
9462
9460
9339
9355
9476
9356
9477
9353
9474
9354
9475
9359
9357
9478
8147
9358
9479
9351
9472
9352
9473
9470
9350
9471
1503
1502
1501
1500
1509
1508
1507
1506
1505
1504
9366
9487
9367
9488
9364
9485
9365
9486
9368
9489
9369
9480
9362
9483
9363
9484
9360
8392
9481
9361
9482
1514
1513
1512
1511
1510
9377
9498
9378
9499
9375
9496
9376
9497
9379
9490
9370
9491
9373
9494
9374
9495
9371
9492
9372
9493
1404
1403
1402
1401
1400
1409
1408
1407
1406
1405
9388
9389
9386
9387
9380
9381
9384
9385
9382
9383
1415
1414
1413
1412
1411
1410
1419
1418
1417
1416
9399
9397
9398
9391
9392
1791
9390
9395
9396
9393
9394
1305
1426
1547
1304
1425
1303
1424
1302
1423
1301
1422
1300
1421
1420
1309
1308
1429
1307
1428
1306
1427
1440
1316
1437
3737
1315
1436
1314
1435
4949
1313
1434
1312
1433
1311
1432
1310
1431
1430
3974
1319
1318
1439
1317
1438
1330
1451
1450
1327
1448
1326
1447
1325
1446
1324
1445
1323
1444
1322
1443
1321
1442
1320
1441
4712
1329
1328
1449
