13000
13001
4727
11504
12957
29145
12958
29144
2304
12955
29143
12956
29142
29149
29148
12959
29147
29146
3751
13004
12950
13005
13002
4964
13003
12953
13008
29141
12954
13009
29140
12951
13006
8409
12952
13007
8660
20222
13011
13012
13010
12968
5707
11998
12969
29155
12966
29154
12967
29153
12960
13015
12961
13016
13013
13014
12964
13019
29152
12965
29151
12962
13017
29150
12963
13018
16647
9525
2571
29129
29128
6807
12935
29123
12936
29122
12933
29121
12934
29120
12939
29127
29126
12937
29125
12938
29124
12931
12932
12930
1130
29139
12946
29134
12947
29133
12944
29132
12945
29131
29138
29137
12948
29136
12949
29135
1805
4513
12942
29130
12943
11854
12940
12941
29109
29108
12908
22035
29107
12909
29106
12913
12914
12911
12912
12917
12918
12915
12916
21062
12910
53
2109
29119
12919
29118
25556
19670
29117
23019
12924
29112
12925
29111
12922
29110
12923
12928
29116
12929
29115
12926
29114
12927
29113
13698
5625
12920
12921
18673
28354
11003
10710
9333
2385
2021
1292
7270
27714
12902
12903
12900
12901
1048
12906
12907
12904
12905
8256
10935
7955
6088
4585
9110
26281
11116
18511
5440
12890
12891
18073
3262
12894
12895
4347
12892
12893
12898
12899
12896
10236
12897
24407
20841
8163
787
12420
7508
16792
12070
12990
14010
12878
12999
12879
12993
12994
12991
12992
12876
12997
12514
12877
12998
3834
8727
12874
12995
12875
12996
12880
12889
15919
12883
12884
12881
12882
11676
12887
12888
12885
12886
5363
9722
13020
13021
12979
12977
12978
12971
12972
12970
12975
12976
12973
28071
10555
12974
21336
12182
3990
7798
22660
20921
6580
12988
12989
26583
12982
9969
12983
12980
12981
12986
12987
12984
12985
