2305
11505
3753
3530
11515
11999
4739
2798
3763
2573
3539
11856
6819
12700
4515
14099
5626
15168
10712
5635
5890
2023
1294
1050
2032
1059
5898
7957
14733
7717
13653
7966
3263
10238
534
7510
4002
3273
788
13515
10458
12515
317
3049
4259
6317
10466
12522
8873
4269
6325
8884
9732
8410
13242
15421
13243
15420
13240
13241
15309
13246
15425
15304
13247
15424
15303
13244
15423
13245
15422
15429
15308
15428
15307
13248
15427
15306
13249
15426
15305
13250
13253
15432
15311
13254
15431
15310
13251
15430
13252
13257
15436
15315
13258
15435
15314
13255
15434
15313
13256
15433
15312
15319
15439
15318
13259
15438
15317
15437
15316
13341
13220
13342
13221
13340
15409
15408
13345
13224
15403
13346
13225
15402
13343
13222
15401
13344
13223
15400
13349
13228
15407
13229
15406
13347
13226
15405
13348
13227
15404
13352
13231
15410
13232
13350
13351
13230
5170
15419
11298
13235
15414
14566
13236
13357
15413
9526
13233
15412
13234
15411
13239
15418
15417
13237
15416
13238
15415
13320
5182
13329
13208
13209
13323
13202
13324
13203
13321
13200
13322
13201
12359
13327
13206
1814
13328
13207
13325
13204
13326
13205
55
13330
13331
13210
13219
13334
13213
13335
13214
13332
13211
13333
13212
13338
13217
13339
13218
13336
13215
13337
13216
66
7022
12691
13309
13307
13308
13301
13302
11124
2806
13300
13305
13306
13303
13304
9334
13318
13319
13312
13313
13310
13311
13316
13317
13314
13315
9344
15384
15383
15382
15381
15388
15387
15386
15385
15380
10937
15389
15395
15394
15393
15392
15399
15398
15397
15396
15391
15390
15362
15361
15360
15366
15365
14398
15364
15363
6090
15369
15368
15367
15008
13194
15373
13195
15372
13192
15371
13193
15370
13198
15377
13199
15376
13196
15375
13197
15374
13191
15379
15378
13282
15461
15340
13283
15460
13280
13281
13286
15465
15344
13287
15464
15343
13284
15463
15342
13285
15462
15341
8175
15469
15348
15468
15347
13288
15467
15346
13289
15466
15345
15349
13293
15472
15351
13294
15471
15350
13291
15470
13292
13297
15355
13298
15354
13295
15353
13296
15473
15352
13290
1305
15359
15358
13299
15357
15356
13260
13261
13022
13264
15443
15322
13265
15442
15321
13262
15441
15320
13263
15440
13268
15447
15326
13269
15446
15325
13266
15445
15324
13267
15444
15323
15329
15449
15328
15448
15327
13271
15450
13030
13272
13270
13275
15454
15333
13276
15453
15332
3991
13273
15452
15331
13274
15451
15330
13279
15458
15337
15457
15336
13277
15456
15335
13278
15455
15334
15339
15459
15338
