13480
13360
13481
13363
13484
13364
13485
13361
13482
20450
13362
13483
23166
23167
23168
23169
2306
4728
23160
23161
23162
23163
23164
23165
13367
13488
13368
13489
5931
13365
13486
13366
13487
17964
16759
13369
13370
13491
13371
13492
13490
13374
13495
13375
13496
13372
13493
13373
13494
23177
23178
23179
14905
23170
2799
23171
23172
23173
23174
23175
23176
13378
13499
13379
13376
13497
13377
13498
17267
13462
13463
13460
13461
23148
23149
6809
10757
3531
6128
13466
13467
13464
13465
14438
13468
13469
13470
13473
13353
13474
13471
13472
19574
23155
23156
23157
23158
23159
5171
23150
23151
23152
23153
2574
23154
13356
13477
13357
13478
1806
13354
13475
9527
13355
13476
17838
13358
13479
13359
8695
8215
13440
13441
3314
13444
13445
13442
13443
13448
12910
13449
13446
13447
56
8465
13451
13452
12000
12360
13450
10509
13455
13456
13453
13454
13459
5627
13457
13458
7023
13428
10713
13429
15727
13422
13423
13420
16138
13421
13426
13427
13424
13425
14756
13430
9335
1051
13439
6854
13433
10285
13434
1608
13431
13432
21050
13437
13438
13435
13436
23207
19741
23200
23201
23202
23203
23204
23205
23206
13408
13409
13406
13407
10938
2024
13400
13401
10013
12551
7958
13404
18656
13405
7718
13402
13403
16481
13419
13417
13418
13411
13412
13410
13415
13416
13537
13413
13414
3264
10239
13507
13508
13505
13506
13509
535
13500
13503
13504
13501
13502
8165
7511
2067
13510
13511
11337
16901
18889
3042
310
12875
4260
19838
6318
11678
13381
13382
13380
13385
5365
13023
13386
13383
8874
13384
23188
23189
23180
23181
23182
23183
23184
23185
23186
23187
13389
13387
13388
9971
13392
4041
13393
12183
13390
20366
13391
13396
13397
13394
3992
13395
23199
23191
23192
23193
23194
1565
23195
23196
23197
348
23198
14127
9724
13398
13399
23190
