13480
13360
13481
9188
13363
13484
13364
13485
13361
13482
13362
13483
2306
4728
13367
13488
13368
13489
13365
13486
13366
13487
13369
13370
13491
13371
13492
13490
13374
13495
13254
13375
13496
13372
13493
13373
13494
2799
13378
13499
13379
16645
13376
13497
13377
13498
21522
13462
13463
15761
13460
13461
21769
27065
6809
3531
13466
13467
13464
13465
13468
13469
13470
13473
22507
13353
13474
13471
13472
21417
5171
1129
2574
13356
13477
13357
13478
1806
13354
13475
9527
13355
13476
13358
13479
13359
19665
13440
13441
22277
2107
13444
13445
13442
13443
13448
13449
13446
13447
56
13451
13452
12000
12360
13450
13455
13697
13456
13453
13454
13459
5627
13457
13458
28916
7023
28910
28911
28914
28915
28912
28913
13428
10713
13429
13422
13423
22809
13420
13421
13426
13427
13424
13425
13430
9335
2384
1051
13439
25098
864
13433
13434
13555
13431
13432
13437
13438
13435
13436
8253
13408
13409
13406
14616
13407
10938
2024
13400
13401
7958
13404
13405
7718
13402
13403
28907
28908
28905
28906
6882
6401
28909
16364
16243
28900
28903
28904
28901
28902
20985
13419
13417
13418
13411
13412
13410
13415
13416
13413
13414
3264
10239
13507
13508
13505
13506
13509
535
13500
13503
13504
13501
13502
8165
19974
9810
7511
23791
13510
13511
8958
28899
28897
28898
3042
28891
28892
310
28890
28895
28896
28893
28894
3832
12875
4260
21234
25714
15917
14147
6318
11678
17537
13381
13382
24959
13380
13385
5365
13023
13386
13383
8874
13384
13389
13387
13388
10554
9971
13392
13393
12183
13390
26906
13391
13396
13397
13394
3992
13395
28889
1565
9724
13398
13399
