8411
4729
11506
3993
3754
2307
33416
8662
27779
23170
13580
20673
13583
13584
13581
13582
26651
13587
13588
13585
13586
13589
13590
13591
13594
13595
13592
13593
5172
11857
6810
13598
13599
13596
11299
12267
13597
28162
4516
13561
13562
13560
16397
27288
13565
13566
13563
13564
13569
13567
13568
24901
57
13572
13573
13570
12361
13571
29117
13576
12001
13577
13574
15632
13575
13578
13579
12692
13540
2800
13549
22370
13543
13544
13541
13542
13547
13548
13545
26171
13546
5891
13550
13551
9336
1295
7272
28924
13554
13555
20084
13552
13553
13558
13559
13556
13557
14171
18094
13529
13527
13648
13528
13521
13642
13522
13643
13640
13520
13641
13525
13646
13526
13647
13523
13644
13524
13645
11118
13538
13539
28465
13532
13533
13530
13531
13536
13537
13534
13535
19288
6091
13628
892
13629
13626
13627
536
13620
13621
13624
13625
13622
13623
17310
17675
8166
21252
25732
13191
13518
13639
30079
13519
13516
13637
13517
13638
789
12784
13631
13632
13630
13514
13635
13515
13636
13512
13633
13513
13634
20496
33450
24731
3043
10459
13606
33457
30189
13607
33458
13604
33455
311
13605
33456
33453
33454
13608
33451
13609
33452
12876
13602
13603
13600
33459
1416
13601
4261
8064
13617
33446
26481
11679
13618
33447
13615
33444
13616
33445
33443
13619
13610
15237
13613
13614
13611
33448
13612
33449
8875
5366
29606
30041
1672
11765
6582
9972
12184
1566
28081
9725
