11181
1341
1462
27766
1340
1461
27767
1460
22872
27765
27768
27769
1338
1459
1337
1458
1336
1457
1335
1456
1334
1455
1333
1454
1332
1453
1331
1452
16639
13248
1339
1352
1473
27777
1351
1472
27778
1350
1471
27775
1470
27776
482
27779
1349
1348
1469
27770
1347
1468
1346
1467
4
1345
1466
27773
1344
1465
27774
1343
1464
26685
27771
128
1342
1463
27772
5027
10786
7345
1242
1363
1484
1362
1483
1361
1482
1360
1481
1480
21768
1359
1358
1479
1357
1478
1356
1477
1355
1476
1354
1475
1353
1474
27060
22505
17034
1253
1374
1495
1252
1373
1494
1251
1372
1493
1250
1371
1492
1370
1491
261
1490
1249
1248
1369
1247
1368
1489
1246
1367
1488
1245
1366
1487
1244
1365
1486
1243
1364
1485
20651
1264
1385
1263
1384
1262
1383
1261
1382
1260
1381
1380
1259
1258
1379
1257
1378
1499
1256
1377
1498
1255
1376
1497
1254
1375
1496
12240
21871
1275
1396
1274
1395
1273
1394
1272
1393
1271
1392
1270
1391
1390
1269
1268
1389
1267
1388
1266
1387
1265
1386
15754
1286
3343
1285
1284
1283
1282
1281
1280
1279
1278
1399
1277
1398
1276
1397
737
13550
1297
1296
1295
1294
23598
1293
1292
1291
1290
25095
1289
1288
2377
1287
27807
27805
27806
27800
27803
27804
27801
27802
1299
26157
1298
999
13095
21954
26846
1503
1502
1501
1500
1509
1508
6877
1507
1506
1505
1504
15365
1514
1513
1512
1511
1510
11562
24882
1404
1403
1402
1401
1400
1409
1408
1407
1406
1405
1415
1414
1413
1412
1411
1410
1419
1418
1417
1416
14142
18068
1305
1426
1304
1425
1303
1424
1302
1423
25030
1301
1422
1300
1421
1420
26366
1309
1308
1429
1307
1428
1306
1427
1440
27788
27789
27786
27787
22654
24955
1316
1437
27780
1315
1436
27781
1314
1435
1313
1434
1312
1433
27784
1311
1432
27785
1310
1431
27782
1430
27783
1319
1318
1439
1317
1438
16781
1330
1451
27799
1450
27797
27798
1327
1448
27791
1326
1447
27792
1325
1446
1324
1445
27790
1323
1444
27795
1322
1443
27796
1321
1442
27793
1320
1441
27794
7789
15216
1329
1328
1449
