19344
8412
22995
26672
11507
238
3994
13003
4965
13800
13801
29395
4730
35947
12494
37795
35496
17380
30247
5173
2575
36698
6811
4517
13682
13683
13680
13681
28498
13686
13687
13684
13685
13688
13689
37539
13690
58
12362
13693
13694
13691
38058
13692
24588
28827
12002
13697
13698
13695
11277
13696
34814
13699
18554
7024
13660
13781
12693
13661
13782
13780
36420
2801
10714
13664
13785
38963
13665
13786
13662
13783
38965
13663
13784
38964
13668
13789
13669
13666
13787
13667
13788
5892
9337
13671
13792
13672
13793
13790
38036
13670
13791
1296
1052
13675
13796
13676
13797
13673
13794
13674
13795
13679
6978
13677
13798
13678
13799
13760
7719
13769
13649
13763
13764
13761
13762
13767
13768
13765
7959
13766
9112
13770
13650
13771
11119
13659
22480
13653
13774
13654
13775
13651
13772
13652
13773
13657
13778
13658
13779
13655
13776
13656
13777
11680
3265
13749
13747
13748
13741
537
13742
13740
13745
13746
13743
13744
7512
10240
32808
13758
26142
13759
13752
13753
13750
13751
13756
13757
13754
13755
37011
3044
29624
13727
33457
13728
13725
12516
13726
13729
13720
11300
13723
12877
13724
13721
13722
22327
16201
10460
13738
13739
13736
10900
13737
25154
36039
14709
13730
13731
38699
13734
13735
13732
13733
5367
13705
13706
13703
13704
26570
13709
13707
13708
10673
13024
13701
13702
13700
12185
9973
13716
13717
1567
13714
13715
13718
13719
9726
13712
13713
13710
13711
