16992
8412
11507
29269
3994
4965
13800
13801
4730
31105
37797
5173
26789
2575
36454
37301
6811
4517
9301
20532
13682
13683
13680
13681
2229
13686
13687
36686
13684
13685
13688
13689
13690
58
12362
13693
13694
23938
13691
13692
12002
13697
13698
13695
13696
13699
7024
13660
13781
12693
13661
13782
36540
13780
21847
2801
31531
10714
13664
13785
13665
13786
13662
13783
13663
13784
13668
13789
13669
14999
13666
13787
13667
13788
25081
5892
8127
9337
13671
13792
6981
13672
13793
13790
13670
13791
1296
1052
15290
13675
13796
13676
13797
13673
13794
13674
13795
13679
13677
13798
13678
13799
13760
37179
16590
7719
13769
13649
13763
13764
13761
13762
13767
13768
38703
13765
7959
13766
9112
13770
13650
13771
11119
1743
13659
32397
13653
13774
13654
13775
13651
13772
13652
13773
13657
13778
13658
13779
13655
13776
19638
13656
13777
21488
11680
3265
13749
13747
13748
13741
537
13742
13740
13745
13746
3933
13743
13744
7512
10240
13758
13759
13752
38357
13753
13750
13751
13756
13757
13754
13755
3044
13727
13728
13725
12516
13726
13729
5577
13720
11300
13723
12877
13724
37933
13721
13722
13176
10460
30609
38455
13738
13739
13736
13737
13730
13731
13734
13735
13732
13733
5367
37234
13705
13706
13703
13704
13709
13707
13708
5117
13024
12854
13701
13702
13700
12185
9973
28402
13716
13717
1567
13714
13715
13718
13719
9726
37105
13712
13713
13710
13711
