14331
14332
22519
14330
13802
14335
14336
9977
14333
14334
3997
14339
3757
4967
14337
14338
14342
14343
14340
14341
14346
14347
14344
4733
8416
8537
14345
11511
14348
14349
14310
14319
3534
30361
14313
14314
14311
14312
14317
12258
14318
14315
14316
5176
14320
14321
4520
28960
23033
14324
1807
14325
14322
14323
14328
14329
14326
6815
14327
14096
7123
22958
27725
5734
14308
14309
14302
14303
14300
61
14301
12006
14306
14307
14304
14305
7028
11922
10717
31538
7276
16940
14294
14295
14292
14293
14298
14299
14296
14297
14290
14291
25625
31190
2026
1299
23681
5896
13650
15391
888
7723
14272
14393
14273
14394
14270
14391
14271
14392
14276
14277
14274
14275
6094
14390
12774
14278
14279
17304
14283
8168
14284
18521
13192
14281
14282
14287
14288
14285
14286
32371
32372
27479
32370
14280
26701
32377
32375
32376
32373
32374
4599
14289
1405
8057
14371
14372
14370
14254
14375
14255
14376
6676
14373
14374
32360
32361
792
32368
12518
32369
13967
32366
12879
32367
24295
32364
32365
26597
32362
32363
7514
14258
14379
14259
14256
14377
14257
14378
11303
14261
14382
14262
14383
14380
14260
14381
17775
4264
14265
14386
6321
14266
14387
14263
14384
14264
14385
32350
29639
14948
32357
32358
32355
32356
32353
32354
27573
32351
3047
32352
8978
14269
14267
14388
10463
14268
14389
32359
14350
14353
14354
14351
14352
27666
32347
13026
14357
14358
14355
14356
14359
32348
32349
14360
14361
24725
14364
19496
14365
14362
13274
14363
1570
2412
12189
14368
14369
14366
14367
