9981
15300
4850
9858
6589
11861
15302
15301
20585
8667
8422
23976
3762
22293
12012
15405
9531
26429
6818
2579
24120
15534
14565
15186
15185
15184
15183
15189
15188
15187
15182
5060
5181
15181
15180
34146
32880
13445
1813
15197
15196
15195
15194
15199
15198
15193
15192
15191
15190
31546
12368
65
2912
15285
15284
15283
15282
15168
15289
15288
15287
15286
171
15281
15280
24790
5634
5756
15169
14877
15175
15296
15174
15295
15173
15294
15172
15293
15179
15178
15299
15177
15298
15176
15297
32292
15171
15292
15170
15291
15290
11939
26861
32618
10721
15263
15262
15261
9343
15260
15267
18098
15266
15265
33929
15264
2031
1058
14732
15269
15268
15274
15273
15272
15271
9117
15278
15277
15276
9237
15275
34451
34450
15270
34455
27015
34454
34453
34452
7843
15279
7727
15241
15240
14397
15245
15244
15243
15242
34440
34448
34447
34446
34445
34444
34443
34442
34441
15007
15249
15248
15247
15246
34449
15252
15251
15250
15256
15255
13196
15254
15253
25852
3394
3272
15259
15258
15257
10247
12193
15223
15222
15221
15220
8174
796
15227
15226
15225
15224
15229
15228
15230
15234
15233
6324
15232
15231
1304
1423
3048
15238
15237
15236
15235
10465
13732
15239
25803
15201
15200
8070
33795
27782
4268
15205
15204
15203
15202
15209
12613
15208
15207
15206
5371
8883
5495
8765
15212
15211
9731
15210
32212
15216
15215
15214
15213
15219
15218
15217
