18498
23724
23725
23726
23727
15421
23728
15420
23729
23720
23721
23722
23723
15309
15304
15425
15303
15424
15423
15422
15308
15429
5934
15307
15428
15306
15427
15305
15426
23735
21676
23736
23737
23738
15311
15432
23739
15310
15431
15430
23730
23731
23732
23733
23734
11515
4739
1345
14909
15315
15436
3763
12045
15314
15435
15313
15434
15312
15433
15319
15318
15439
15317
15438
15316
15437
6375
15409
15408
15403
15402
15401
15400
15407
13229
15406
15405
3539
10511
15404
14441
15410
23719
6819
15419
14566
15414
13357
15413
15412
15411
12700
15418
15417
15416
15415
15899
8698
14099
5182
12913
836
1814
4774
10981
66
15168
22011
19084
20635
11124
2806
5635
19656
13670
23353
10287
9344
15384
15383
15382
15381
19743
15388
15387
15386
15385
2032
15380
1059
11342
6622
5898
15389
14733
18659
15395
15394
15393
15392
15399
15398
15397
15396
15391
15390
13653
7966
5669
2836
15362
15361
15360
15366
14398
15365
15364
15363
15369
15368
15367
15008
15373
16341
15372
13071
15371
15370
15377
15376
4002
15375
13197
15374
3273
7074
15379
15378
13515
15340
15461
23768
15460
17520
23769
15465
15344
15464
15343
15342
15463
15341
15462
18050
23760
23761
23762
23763
23764
8175
23765
23766
23767
15469
15348
317
15468
15347
15467
15346
15466
15345
15349
15472
15351
23779
15471
15350
15470
15355
15354
15353
15473
15352
23771
23772
23773
23774
23775
23776
23777
23778
1305
3049
23770
15359
15358
15357
15356
10466
12522
23746
23747
23748
23749
15322
15443
19364
15321
15442
15320
15441
15440
23740
23741
23742
23743
23744
23745
15326
15447
4269
6325
15325
15446
15324
15445
14598
15323
15444
15329
15328
15449
15327
15448
15450
23757
13030
23758
7552
23759
15333
15454
15332
15453
8884
15331
15452
9732
15330
15451
23750
23751
23752
23753
23754
23755
23756
23075
15337
15458
15336
15457
15335
15456
5008
15334
15455
15339
15338
15459
