9982
15542
15541
15540
26799
9184
6590
13803
15546
15303
15545
15544
15543
15549
15548
15547
14100
15553
4067
15552
13251
15551
4740
8423
15550
10788
11516
2313
28068
28069
15557
5028
15556
3764
15555
5701
15554
15559
15558
15520
3540
15529
15524
15523
15522
15521
15528
15527
15526
15525
9532
15531
15530
22187
2580
21414
15535
14567
15534
15533
15532
15539
15538
13358
15537
15536
15068
23485
24339
5183
15509
15508
15507
15502
6820
15501
15500
1815
15506
15505
15504
15503
21516
15519
15518
15513
15512
15511
15510
15517
15516
15515
15514
67
28110
28111
28112
28113
11364
2807
7279
3596
7030
3346
9345
14295
9589
2033
24776
1060
28107
28108
28105
28106
22124
28109
26847
28100
28103
28104
28101
28102
13654
15483
15482
15481
15480
15487
15486
19165
15485
15484
25169
11683
15489
15488
18997
15009
15494
15493
24527
15492
15491
13198
15498
15497
15496
4003
15495
24883
3274
15490
542
9804
15499
10248
8176
12194
28099
28097
28098
2863
28091
28092
28090
28095
28096
28093
28094
18069
23417
15476
15475
15474
14143
15479
15478
15477
15913
1306
15560
15564
15563
15562
15561
19482
28077
28078
2645
10318
28075
28076
28079
5236
6326
15568
15567
28070
15566
15565
28073
28074
28071
15569
28072
15571
22426
15570
24604
9733
12066
13031
8885
28088
28089
28086
28087
28080
28081
28084
28085
28082
28083
