15780
6595
15784
15783
9984
15782
15781
1582
5380
17608
17609
15788
17604
15787
17605
9735
13365
15786
17606
15785
17607
17600
17601
17602
15789
17603
15791
9994
15790
17610
15795
15794
4981
15793
15792
2320
11517
2314
15799
17615
15798
14102
15797
3765
15796
17611
17612
17613
17614
8430
15762
15761
15760
12013
15766
15765
15764
8669
15763
15769
15768
15767
15773
15772
15771
15770
2582
15777
15776
15775
15774
15779
15778
5184
17004
9541
5188
15740
15861
15860
15749
6821
15744
15865
15743
15864
15742
15863
1816
4524
15741
15862
10730
15748
15747
15746
15745
15751
15750
15870
17250
15755
15754
15753
15752
15759
15758
15757
15756
16603
17585
17586
68
17587
17588
17581
17582
17583
17584
17580
15729
15728
15849
15727
15848
15722
15843
2808
15721
15842
15720
15841
15840
14878
15726
15847
17589
15725
15846
15724
15845
10951
15723
15844
17596
17597
17598
17599
15850
17592
17593
17594
17595
17590
17591
15739
14408
15738
15859
15733
15854
15732
15853
15731
15852
14400
15730
15851
15737
15858
15736
15857
15735
15856
14888
15734
15855
17563
17564
17565
17566
17560
17561
17562
2034
1061
15708
15829
15707
15828
15706
15827
15705
15826
15709
15821
15820
5899
14735
15704
15825
17567
15703
15824
17568
15702
15823
17569
10258
13524
15822
17574
17575
17576
17577
17570
17571
16002
17572
17573
7290
15719
15718
15839
15717
15838
15716
15837
10946
12200
15711
15832
15710
15831
7967
15830
15715
15836
17578
15714
15835
17579
7729
15713
15834
13656
15712
15833
17541
17542
17543
6099
17544
17540
15807
15806
15805
15804
15809
15808
17549
11685
7977
15803
17545
10476
15802
17546
15801
17547
15800
17548
17552
17553
17554
17555
11690
17550
17551
15818
15817
15816
15815
544
15819
15018
15810
15814
17556
15813
17557
15812
17558
15811
17559
8178
13040
17520
17521
17522
12196
552
11307
798
4004
17527
17528
14256
17529
17523
17524
17525
17526
14261
17530
17531
17532
17533
16323
15474
12529
12889
5909
12883
17538
13973
17539
11313
17534
17535
17536
17537
1316
17509
3059
17506
17507
6327
17508
4282
5373
17510
17511
8887
13032
17516
17517
17518
17519
17512
17513
17514
17515
