15780
15784
15783
9984
15782
15781
3086
15788
15787
9735
15786
12398
15785
5933
15789
15791
15790
21674
15795
15794
15793
12043
15792
22641
11517
2314
1103
15799
15798
14102
15797
3765
15796
6372
15762
15761
15760
12013
15766
15765
15764
8669
15763
15769
15768
15767
15773
15772
15771
14440
15770
2582
15777
15776
15775
15774
15779
15778
5184
8696
15740
15861
21860
15860
3316
12912
15749
6821
15744
15865
15743
15864
15742
15863
1816
4524
15741
15862
15748
15747
15746
15745
15751
15750
11713
15755
15754
15753
15752
15759
15758
15757
15756
68
23463
23464
23465
23466
23467
23468
23469
15729
15728
15849
15727
15848
23460
23461
23462
15722
15843
2808
15721
15842
15720
15841
15840
14878
15726
15847
15725
15846
15724
15845
15723
15844
16140
15850
5409
1843
15739
15738
15859
23470
23471
23472
23473
15733
15854
15732
15853
12224
15731
15852
14400
15730
15851
15737
15858
15736
15857
15735
15856
15734
15855
23449
21941
2034
23441
22111
23442
23443
23444
23445
1061
23446
23447
23448
15708
15829
15707
15828
15706
15827
15705
15826
15709
23440
15821
15820
5899
14735
15704
15825
20290
15703
15824
15702
15823
15822
23452
23453
23454
23455
23456
23457
23458
23459
2834
15719
15718
15839
15717
15838
3806
15716
15837
10946
23450
23451
15711
15832
15710
15831
7967
15830
5668
15715
15836
15714
15835
7729
15713
15834
15712
15833
23427
23428
23429
6099
23420
23421
23422
23423
23424
23425
23426
15807
15806
15805
15804
15809
15808
11685
15803
15802
15801
15800
23438
23439
21133
23430
23431
23432
23433
23434
7072
23435
23436
23437
2614
11339
15818
15817
15816
15815
544
15819
15810
15814
15813
15812
15811
8178
23405
23406
23407
23408
12196
23409
11307
798
4004
14256
23416
18983
23417
23418
23419
19155
15474
23410
23411
23412
23413
23414
23415
12883
13973
17413
6327
18168
5373
8887
13032
18288
19251
105
5005
13830
17639
17756
