15780
15784
15783
9984
15782
15781
5260
25463
15788
15787
9735
15786
15785
15789
15791
15790
8540
15795
15794
15793
15792
11517
2314
15799
15798
14102
15797
3765
15796
15762
15761
15760
21887
29485
12013
15766
15765
15764
8669
15763
15769
15768
15767
15773
15772
15771
15770
2582
15777
15776
15775
15774
13116
15779
15778
5184
15740
15861
15860
11021
7126
15749
6821
15744
15865
15743
15864
15742
15863
1816
4524
15741
15862
15748
15626
15747
15746
5738
15745
15751
15750
20668
27978
15755
15754
15753
15752
31309
15759
15758
15757
15756
68
21966
15729
15728
15849
15727
15848
15722
15843
2808
15721
15842
15720
15841
15840
16258
14878
15726
15847
15725
15846
15724
15845
15723
15844
15850
32609
32610
32611
15739
15738
15859
15733
15854
15732
15853
15731
15852
14400
15730
15851
15737
15858
15736
15857
15735
15856
15734
15855
2034
27924
1061
15708
15829
15707
15828
32600
15706
15827
28570
15705
15826
10815
15709
15821
32607
15820
32608
32605
5899
32606
14735
15704
15825
32603
15703
15824
32604
15702
15823
32601
15822
32602
15393
24420
15719
15718
15839
3129
15717
15838
15716
15837
10946
15711
15832
15710
15831
7967
15830
15715
15836
7605
15714
15835
7729
15713
15834
15712
15833
25729
6099
18199
29528
15807
15806
15805
15804
15809
15808
11685
14950
15803
15802
15801
15800
23797
15818
15817
15816
15815
544
30077
15819
15810
1408
15814
15813
13875
15812
15811
8178
12196
26477
11307
798
4004
14256
5474
15474
32591
32592
32590
32599
32597
32598
32595
32596
32593
27574
32594
4378
12883
13973
29966
32581
32588
32589
32586
32587
32584
32585
32582
32583
8747
6327
32109
5373
8887
13032
4831
18603
