1583
1582
1581
1580
1579
1578
1699
1577
1698
1576
1697
1575
1696
1574
1695
1573
1694
4981
1594
2320
1593
1592
1591
1590
1589
1588
1587
5
1586
1585
1584
1000
1242
1599
1598
1597
1596
1595
17004
10730
17250
17585
17586
17587
17588
17581
17582
17583
17584
17580
738
17589
10951
17596
17597
17598
17599
17592
17593
17594
17595
17590
17591
15708
10258
13524
12200
13656
7977
10476
11690
552
12529
12889
11313
3059
4282
6595
5380
17608
17609
17604
17605
13365
17606
17607
17600
17601
17602
17603
9994
17610
483
17615
17611
17612
17613
17614
8430
262
9541
5188
15870
1701
1700
1709
1708
1707
1706
1705
1704
1703
1702
16603
1712
1711
1710
1719
1718
1717
1716
1715
1714
1713
1602
1723
1601
1722
1600
1721
1720
14408
1609
1608
1729
1607
1728
1606
1727
1605
1726
1604
1725
1603
1724
14888
17563
17564
17565
17566
17560
17561
17562
1613
1734
1612
1733
1611
1732
1610
1731
1730
1619
1618
1739
1617
1738
17567
1616
1737
17568
1615
1736
17569
1614
1735
17574
17575
17576
17577
17570
17571
16002
17572
17573
7290
1624
1745
1623
1744
1622
1743
1621
1742
1620
1741
1740
1629
1628
1749
17578
1627
1748
17579
1626
1747
1625
1746
17541
17542
17543
17544
17540
1635
1756
1634
1755
1633
1754
1632
1753
1631
1752
1630
1751
1750
17549
1519
1518
1639
17545
1517
1638
1759
17546
1516
1637
1758
17547
1515
1636
1757
17548
17552
17553
17554
17555
17550
17551
1525
1646
1524
1645
1523
1644
1522
1643
1521
1642
1520
1641
1640
15018
1529
17556
1528
1649
17557
1527
1648
17558
1526
1647
17559
13040
17520
17521
17522
1660
1536
1657
1535
1656
1534
1655
1533
1654
1532
1653
1531
1652
1530
1651
1650
17527
17528
17529
17523
1539
17524
1538
1659
17525
1537
1658
17526
17530
14261
17531
17532
17533
16323
1550
1671
1670
1547
1668
1546
1667
1545
1666
1544
1665
1543
1664
1542
1663
5909
1541
1662
1540
1661
17538
17539
17534
17535
1549
17536
1548
1669
17537
1561
1682
1560
1681
1680
1316
1558
1679
1557
1678
1556
1677
1555
1676
1554
1675
17509
1553
1674
1552
1673
1551
1672
17506
17507
17508
1559
17510
17511
1572
1693
1571
1692
1570
1691
1690
1569
1568
1689
1567
1688
1566
1687
1565
1686
1564
1685
1563
1684
1562
1683
17516
17517
17518
17519
17512
17513
17514
17515
