17049
4971
6591
1576
15304
8888
25358
28986
21438
2315
11518
8538
3766
12370
15883
15882
15881
15880
19680
8670
4741
15887
15886
15885
12014
15884
15889
15525
15888
15890
15894
15893
9533
15892
15891
2583
12702
15898
15897
15896
15895
13359
15899
15982
15981
15980
27726
31793
15986
15985
1817
15984
6822
15983
4525
15869
15868
15989
5979
15867
15988
15866
15987
15872
15993
15871
15992
15870
15991
15990
15876
15997
15875
15996
15874
15995
15873
15994
15879
15878
15999
15877
15998
15960
32500
32501
15969
15964
21163
31539
15963
15962
15961
15968
14879
15967
15966
32502
15965
15971
15970
10723
2138
14401
15975
15974
7824
15973
15972
15979
15978
15977
15976
9223
10250
21702
15949
15948
15947
15942
15941
15940
15946
15945
15702
15944
11589
15943
7730
15959
15958
402
26289
15953
15952
15951
15950
15957
7968
15956
15955
15954
25048
15928
15927
15926
15925
29885
15929
15920
15924
31733
11686
15923
15922
12776
15921
13199
20164
28569
32492
32493
32490
32491
15939
15938
15937
32498
13517
15936
32499
32496
32497
32494
32495
15931
15930
15935
15934
15933
15932
8179
32481
32482
32480
21348
15906
32489
15905
15904
32487
15903
32488
32485
15909
32486
15908
32483
799
1892
15907
32484
4005
319
7518
10576
15902
15901
15900
5472
26808
32470
32471
22205
15917
32478
15916
32479
15915
31940
32476
15914
32477
30295
32474
1663
32475
15919
32472
15918
32473
12884
5900
15913
15912
1307
10468
15911
15910
29072
4271
24030
6328
32469
13275
2897
30836
