4971
6591
1576
15304
8888
10650
29835
26565
27099
2315
11518
3766
12370
15883
15882
15881
15880
8670
1474
4741
15887
6248
15886
15885
12014
15884
15889
15888
15890
15894
15893
9533
15892
15891
2583
34395
26666
12702
15898
15897
15896
15895
17712
13359
15899
15982
15981
15980
23928
33171
15986
1939
15985
1817
15984
6822
15983
3678
4525
15869
15868
15989
15867
15988
15866
15987
15872
15993
15871
15992
15870
15991
15990
25432
22160
15876
15997
15875
15996
15874
15995
15873
15994
15879
15878
15999
15877
15998
24319
15960
20519
15969
15964
15963
15962
15961
15968
14879
15967
15966
15965
15971
15970
17590
10723
34239
14401
15975
10164
15974
15973
15972
15979
31524
15978
15977
15976
38261
38262
38263
38264
10250
38260
15949
15948
15947
15942
15941
15940
30308
15946
15945
15702
15944
15943
7730
38256
38257
15959
15958
28343
15953
38258
8814
15952
38259
15951
15950
2959
15957
7968
15956
15955
15954
15928
34206
15927
15926
15925
15929
13620
15920
15924
11686
15923
15922
15921
13199
16102
15939
15938
15937
13517
15936
15931
15930
15935
15934
30511
15933
15932
8179
15906
31399
37815
15905
15904
15903
15909
15908
799
15907
4005
319
7518
15902
15901
15900
21475
7894
15917
15916
15915
15914
15919
15918
20261
12884
5900
15913
15912
1307
10468
15911
15910
4271
20115
19920
6328
20800
23635
222
