6593
16510
13361
3088
352
16519
16514
16513
16512
16511
16518
16517
16516
16515
16521
16763
3770
16520
16525
14105
16524
9988
16523
803
4975
16522
16529
16528
16527
16526
12372
8427
12017
9535
23719
17270
20207
23952
16509
16508
3543
16503
16502
16501
16500
10763
16507
16506
16505
16504
18575
10291
21861
15867
15196
8221
21757
1820
2354
16602
16601
16600
16495
16494
16493
16492
16499
5640
16498
16497
16496
22013
16491
16490
3577
71
11125
7035
13671
14882
4563
16144
24200
24201
24202
23356
16473
16594
16472
16593
16471
16592
16470
16591
9348
16477
16598
16476
16597
16475
16596
16474
16595
1064
16590
21944
1611
15705
16479
16478
16599
11345
16484
16483
16482
16481
16488
16487
16486
16485
18662
16480
2038
10949
10022
16489
16572
16571
16570
16576
16575
16574
16573
9121
24192
24193
24194
24195
24196
2840
24197
24198
24199
7734
8704
10472
16579
16578
16577
24190
24191
16583
16582
16581
7078
16580
16466
16587
16465
16586
15012
16464
16585
16463
16584
13519
16469
549
16468
16589
2619
16467
16588
16229
16550
16554
7762
16553
16552
16551
24178
24179
24170
24171
24172
24173
24174
24175
3279
24176
24177
16558
12199
14259
16557
16556
16555
5219
16559
16561
16560
18985
16565
16564
16563
16562
24189
3053
24181
24182
24183
24184
24185
24186
24187
24188
16569
16568
17418
16567
11310
16566
12525
19957
24180
4275
16532
6332
16531
16530
24158
24159
1310
13389
16536
16535
16534
16533
14912
16539
16538
16537
5375
16543
16542
16541
4047
16540
24167
24168
24169
24160
24161
24162
24163
24164
24165
24166
16547
16546
16545
16544
16549
16548
