6593
16510
13361
24376
5817
16519
35279
16514
16513
16512
16511
16518
16517
16516
16515
38096
38097
38098
38099
16521
3770
16520
1473
38091
38092
38093
38094
38095
18829
16525
14105
16524
9988
16523
803
4975
16522
18949
16529
16528
16527
16526
16850
12372
8427
10873
12017
9535
16509
16508
3543
16503
16502
16501
16500
16507
16506
16505
33866
16504
30342
35115
15867
19799
37881
9670
1820
16602
16601
37401
16600
16495
16494
16493
16492
16499
5640
16498
16497
16496
16491
16490
26979
71
8107
11125
37636
7035
14882
11811
16473
16594
16472
16593
16471
16592
16470
16591
9348
16477
16598
16476
16597
16475
16596
16474
16595
1064
16590
15705
15269
16479
22909
16478
16599
16484
26728
16483
16482
16481
16488
16487
16486
5554
16485
23574
16480
31621
9909
2038
10949
36994
16489
14987
16572
24638
16571
16570
16576
16575
19044
16574
16573
9121
2724
1199
7734
10472
16579
16578
16577
16583
16582
16581
16580
16466
16587
16465
16586
15012
16464
16585
16463
16584
13519
16469
549
16468
16589
15136
16467
16588
16550
16554
38100
16553
38101
16552
38102
16551
38103
3279
16558
38104
12199
14259
16557
16556
16555
36722
8607
16559
16561
16560
16565
16564
16563
16562
3053
35741
16569
16568
16567
11310
16566
12525
4275
16532
6332
16531
16530
1310
16536
16535
16534
16533
16539
16538
16537
3190
4165
5375
16543
16542
16541
16540
35723
16547
16546
16545
16544
16549
16548
