9740
6594
16752
16873
16751
16872
14571
16750
16871
16870
27645
26796
27646
22871
27643
27644
27649
27647
27648
1577
27641
27642
27640
16756
16877
16755
16876
16754
16875
16753
16874
16638
16759
16758
16879
16757
16878
16880
24827
16763
16884
16762
16883
3771
16761
16882
16760
16881
27654
9990
20468
27652
27653
27650
27651
16767
16766
16765
16764
16885
4976
805
16769
14107
16768
8673
27629
16851
16850
9401
27623
27624
27621
27622
27627
27628
27625
27626
5959
16739
27620
16855
16854
4743
16853
16852
16738
16859
16737
16858
16857
16856
16741
16862
16740
16861
16860
27634
27635
27632
27633
27638
27639
27636
27637
11737
1367
3545
27630
27631
16745
16866
16744
16865
16743
16864
16742
16863
16749
16748
16869
16747
16868
16746
16867
27609
19664
25308
5186
27607
16151
27608
25785
27602
27605
27606
27603
27604
16839
16838
16833
16832
9537
13200
16831
16830
6825
16837
16836
16835
13689
16834
27618
27619
9799
16840
27612
27613
27610
27611
27616
27617
27614
27615
16849
26086
16844
16843
16842
16841
16848
16847
16846
18900
16845
5641
16497
16819
16818
16817
19090
16816
2809
16811
16810
859
11126
16815
16814
16813
16812
15172
16829
16828
16827
2376
16822
16821
16820
16826
16825
16824
16823
14294
8495
7284
10254
13520
13405
13093
7972
8028
20064
22122
9350
16808
16807
27374
16806
2039
16805
1861
16809
16800
16804
16803
16802
16801
9123
15363
25168
23542
10473
11688
24881
16792
16791
16790
16796
16795
16794
16793
5698
16799
16798
16797
4008
14141
16321
3055
5904
12527
325
13976
15912
16770
21688
6333
16774
16773
16772
16771
2644
1311
16778
16777
16776
16775
16779
16781
16780
16785
16784
16783
6103
16782
13037
16789
16788
16787
16786
