9740
6594
16752
16873
16751
16872
14571
16750
16871
16870
33898
234
1577
16756
16877
30824
16755
16876
16754
16875
16753
16874
16759
16758
16879
16757
16878
16880
16763
16884
16762
16883
3771
16761
16882
16760
16881
9990
24701
16767
16766
16765
16764
16885
4976
805
16769
10665
14107
16768
8673
16851
16850
16739
16855
16854
4743
16853
16852
16738
16859
16737
16858
16857
16856
16741
16862
16740
16861
16860
1493
31563
3545
35367
16745
16866
16744
16865
16743
16864
16742
16863
16749
16748
16869
16747
16868
16746
16867
5186
16839
16838
33179
16833
16832
9537
13200
16831
16830
6825
16837
16836
16714
16835
16834
16840
36671
27858
3205
16849
16844
16843
16842
16841
16848
16847
16846
16845
5641
26734
16819
16818
16817
1951
16816
2809
16811
16810
33838
11126
16815
16814
15845
16813
16812
8364
15172
3471
16829
16828
16827
16822
16821
16820
38832
38833
16826
38834
16825
38835
16824
38836
16823
23200
26831
7284
1734
37851
10254
13520
32846
7972
9350
16808
16807
16806
2039
16805
16809
16800
31629
16804
16803
16802
16801
37272
9123
24197
10473
11688
34435
26264
16792
16791
16790
16796
16795
16794
16793
29984
16799
14377
16798
16797
4008
35639
38453
16321
3055
5904
12527
325
13976
33207
16770
6333
16774
16773
16772
16771
1311
16778
30967
16777
16776
16775
16779
16781
16780
18961
11093
16785
16784
16783
6103
16782
13037
16789
16788
16787
16786
38438
16306
