8894
9744
13807
9993
19111
18708
3884
924
11871
33769
808
8676
25203
3774
8429
12375
3548
11618
12707
6932
17486
17487
9540
17488
5187
17489
17482
17483
16277
17484
19784
17485
17480
17481
35239
15869
17249
6705
17497
17498
17499
17493
17494
17495
17496
17490
34494
17491
17492
1821
11956
14667
17464
17465
17466
17467
17460
17461
17462
17463
5081
36308
36300
36301
36302
36303
17468
36304
17469
36305
36306
36307
17475
15174
17476
17477
17478
17471
17472
17473
17474
17470
23118
10848
27398
17479
14887
2813
17442
17443
17444
17445
17687
7168
7289
17440
17441
15707
10257
17446
17447
13523
17448
17449
9355
17453
17454
17455
17456
17450
17451
16001
17452
33125
33001
17457
15956
17458
17459
17420
17421
17422
17423
16213
21804
35772
7976
17428
17429
17424
7737
17425
17426
17427
17431
17432
17433
17434
9018
16465
17430
36299
36298
36297
35521
17439
15017
17435
17436
17437
17438
17400
17401
19028
4011
3284
671
551
24056
17406
17407
17408
17409
17402
17403
17404
17405
17410
17411
17412
14827
31388
13978
5908
17417
17418
17419
17413
12888
17414
17415
17416
17500
31807
1315
17505
17501
17502
17503
17504
1693
35043
22303
4281
20006
13039
35604
