17840
17841
6596
37453
5381
17846
17847
6108
17848
17849
17842
17843
17844
17845
17850
17851
17852
23057
27098
17857
17616
17858
17859
17853
17854
17855
17856
17940
36100
23701
17828
17829
17824
17825
17826
12376
17827
17820
17941
17821
17942
4747
17822
17943
17823
5297
17830
17839
12145
17835
17836
11971
17837
17838
17831
17711
17832
17833
17834
9543
17005
24579
2589
17927
17928
17929
28135
17923
17924
14410
17925
3677
17926
19427
17920
17921
31559
17922
17251
8346
3452
5191
17938
17939
17819
17934
17935
17936
15873
17937
17930
17931
6959
16604
17932
17933
38162
38160
38161
17909
17905
17906
17907
17908
17901
17902
17903
17904
17900
77
22701
38153
38154
38155
38156
11252
38157
38158
11814
17916
17917
17918
17919
26068
17912
38159
17913
17914
17915
2815
17910
17911
15020
7040
31871
33498
34585
29664
36524
17214
16004
2041
36073
15837
8813
14742
15710
7980
12890
24071
21918
12531
9912
7738
36867
11691
34431
35408
17882
17883
17400
17884
17885
4013
17880
17881
553
17886
17887
17888
17889
17893
17894
8187
17895
17896
17890
17891
17892
28301
7525
328
16325
17897
17898
17899
3060
17860
17861
17862
17863
17868
17506
17869
11522
17864
17865
1318
17866
17867
17871
17872
17873
4285
17874
17870
1200
17879
6336
17875
17876
35848
17877
17878
