5382
18014
17960
18015
17961
18016
17962
18017
8897
18010
14574
18011
7842
18012
25909
18013
28612
20855
7041
13809
13367
17967
17968
28290
20172
17969
17963
18018
3635
17964
18019
17965
17966
17970
18025
17971
18026
17972
18027
17973
18028
9997
18021
18022
18023
4982
18024
2042
18020
7293
19193
25197
32032
1067
17978
14743
17979
15313
15797
16126
31507
17974
18029
17975
17976
12446
17977
8677
8555
29646
10359
17949
412
2323
811
12377
17945
17946
17947
17948
10479
33118
4748
17944
18003
18004
17950
18005
17951
18006
21894
16466
18000
18001
5059
18002
29933
26428
18928
30230
17956
17957
15533
17958
17959
17952
18007
17953
18008
17954
18009
17955
13041
3285
6828
14411
10732
8188
6442
17252
29119
5192
11316
34414
34413
13979
34412
34411
27730
34410
17819
13731
16326
7526
10105
17981
18036
17982
18037
17983
18038
17984
18039
18032
18033
18034
17980
18035
170
18030
18031
23501
4391
10833
34404
34403
34402
34401
34400
17989
34409
17985
34408
17986
34407
29162
10952
17987
34406
11402
11523
17988
34405
17992
78
17993
17994
17995
17990
17991
25411
29854
6337
11132
12100
2816
17996
17997
17998
17999
