18377
18378
18379
18373
18374
18375
18376
18370
18371
18372
9619
18388
18389
18384
18385
18386
18387
18380
18381
17051
18382
18383
32674
31346
1585
12607
2673
15315
11874
18355
18356
18357
18358
18351
18352
20671
18353
8434
18354
33196
33197
33194
18350
33195
33192
24116
33193
33190
33191
4749
2325
16739
30003
33198
33199
9999
18359
17822
18366
18367
18368
18369
18362
18363
12022
18364
18365
33185
33186
28845
18360
33183
18361
33184
33189
33187
33188
8679
18333
18334
16394
18335
27728
18336
18330
18331
18332
2591
15629
18337
18338
18339
18344
18345
18346
18347
18340
18341
18342
18343
30690
6831
11396
18348
32757
18349
1823
18311
18312
18313
18314
18310
10954
18319
8900
17105
18315
18316
18317
18318
18322
18323
18324
18325
18320
18321
81
11135
18326
31766
18327
18328
18329
7043
15022
12439
13526
18300
7296
18301
18302
18303
10262
9358
10822
1069
18308
405
18309
18304
19878
18305
18306
18307
12095
7983
7739
17555
12780
10482
11692
25731
9130
28320
13879
24978
18296
18297
13042
17880
18298
20494
18299
3288
18292
18293
18294
18295
18290
18291
33215
33216
33213
33214
33211
555
33212
33210
33217
33218
8189
33204
33205
33202
33203
33200
33201
16327
33208
33209
29073
33206
33207
18278
18279
21444
18275
18276
18277
18391
18392
18390
330
3858
28079
8987
1319
30841
17746
18289
14485
18285
4287
18286
18287
18288
18281
18282
18283
26106
18284
18280
30039
