18377
18378
24934
9067
18379
18373
18374
18375
18376
18370
18371
18372
24259
34742
18388
18389
37560
18384
18385
18386
18387
18380
27898
18381
18382
18383
24381
1585
15315
36357
11874
18355
18356
7222
18357
18358
18351
18352
18353
8434
18354
18350
38083
4749
2325
16739
9999
18359
17822
34967
18366
18367
18368
18369
18362
18363
12022
18364
18365
18360
18361
10889
33500
38632
8679
18333
18334
18335
18336
18330
18331
18332
2591
11822
33176
18337
37657
18338
18339
18344
18345
18346
18347
18340
18341
18342
18343
38730
28821
25439
38731
6831
38732
38733
38734
18348
18349
1823
31305
18311
18312
18313
18314
18310
10954
34245
974
18319
8900
17105
18315
18316
17228
18317
18318
18322
18323
18324
18325
18320
18321
81
11135
18326
18327
18328
18329
7043
22913
38266
15022
26830
13526
6749
18300
7296
18301
18302
18303
10262
9358
21839
1069
18308
18309
36754
18304
18305
18306
18307
7983
20716
36063
33238
35532
7739
10482
11692
9130
9925
18296
18297
13042
18298
18299
3288
18292
18293
18294
25149
18295
18290
18291
555
8189
8622
22320
16327
37246
18278
18279
21200
18275
18276
18277
18391
18392
18390
330
1319
17746
18289
18285
4287
18286
18287
18288
18281
18282
18283
18284
18280
