3082
21787
21786
21785
18930
21784
21783
21782
21781
12394
21780
18493
21789
21788
18939
18935
18936
18937
18938
18931
18932
18933
18934
13370
21798
21797
6122
18940
21796
18941
21795
21794
21793
21792
21791
21799
13813
1586
6359
14588
18946
21790
18947
18948
18949
15319
18942
18943
18944
18945
21765
9763
21764
21763
21762
14430
21761
21760
21769
21768
21767
21766
17949
18917
18918
18919
18913
18914
18915
18916
4987
18910
18911
18912
21776
21775
21774
8683
21773
21772
21771
21770
21779
21778
21777
18928
18929
18924
18925
18926
18927
18920
18921
18922
18923
14893
8456
17122
15180
3796
4764
13205
21754
17256
21759
21758
21757
21756
21755
16607
18906
10748
18907
18908
18909
18902
18903
6834
18904
18905
18900
18901
21842
21841
21840
21849
21848
21847
21846
21845
21844
21843
12218
10958
6600
6847
1836
10278
8903
17107
21853
21852
21851
21850
21856
21855
21854
12904
5401
2819
11138
18894
21820
18895
18896
18897
18890
18891
18892
18651
18893
21828
21827
21826
21825
21824
21823
21822
21821
13527
21819
21818
18898
10498
18899
21831
21830
21839
21838
21837
21836
21835
21834
21833
21832
15719
13659
21829
10265
12204
14746
13062
15481
7741
21806
21805
21804
21803
21802
21801
21800
9361
12537
12894
16335
18876
18877
18878
18879
18883
18884
18401
18885
18886
7751
16223
18880
18881
18882
21817
21816
21815
21814
21813
21812
21811
21810
10007
12549
21809
21808
1089
21807
11331
10002
18887
18888
18889
18971
18972
18973
9149
18970
19832
4017
18950
18951
18952
19244
8191
18152
17747
18957
18958
18959
17508
18953
5912
13823
18954
11887
18955
18956
18960
18961
18962
18963
14122
6343
4289
18041
1322
18968
20360
18969
18964
18965
5924
18966
18967
