18930
29024
18939
18935
18936
18937
18938
18931
18932
18933
18934
13370
18940
18941
13813
1586
18946
18947
18948
18949
15319
18942
18943
18944
18945
10070
23025
17949
18917
18918
24471
18919
139
18913
18914
18915
18916
4987
18910
13105
18911
18912
22747
8683
9414
18928
18929
18924
18925
18926
18927
18920
5967
18921
18922
18923
14893
13560
24216
15180
7360
30222
30221
30220
13205
6163
17256
2120
30211
30210
30213
16607
30212
18906
1388
18907
18908
18909
14786
18902
30219
18903
30218
6834
18904
18905
30215
30214
18900
30217
18901
30216
28358
30200
30202
30201
10958
30208
6600
30207
30209
30204
30203
8903
17107
30206
30205
15617
2819
11138
18894
18895
18896
18897
18890
18891
18892
18893
2397
22355
13527
3356
18898
18899
13419
13659
11917
14621
21152
10265
12204
14746
15481
7741
9361
12537
12894
18876
15923
18877
18878
18879
18883
18884
18885
18886
18880
18881
18882
30192
30191
30194
30193
30190
30199
30196
30195
30198
30197
4356
10002
15378
5449
18887
18888
18889
19978
18971
18972
18973
18970
30183
30189
30188
30185
30184
30187
30186
9818
2877
12763
4017
19005
18950
18951
18952
8191
18152
26691
17747
18957
18958
18959
17508
18953
5912
18954
17866
18955
18956
18960
18961
18962
18963
6343
4289
18041
22663
2658
1322
18968
18969
9604
18964
18965
18966
18967
