6351
20335
20334
20333
20299
20332
20298
20331
17681
20297
20330
20296
9864
20295
35276
35275
35274
35273
20339
20338
20337
20336
35279
35278
35277
20294
911
10494
20293
20292
20291
20290
96
2826
7055
20346
20345
20344
23979
6000
20343
20342
20341
12286
20340
7852
20349
5391
20348
20502
27933
20347
31742
6117
13894
20313
17784
20312
19568
20311
9365
20310
4993
30081
17260
20319
20318
20317
20316
20315
20314
2603
1079
13741
15248
4623
9758
17827
30006
31855
20324
20323
19733
20289
20322
18644
20288
20321
7994
20287
20320
20286
18485
20285
20284
20329
20328
20327
20326
20325
421
3300
20283
3785
12387
7627
12027
4758
17954
18215
15584
28930
10738
34301
20096
14655
19945
20302
20301
20300
5199
9555
20309
20308
20307
22685
20306
20305
20304
20303
14424
13212
20357
20356
20355
20354
10271
20353
6453
17186
20352
20351
9446
20350
24795
8197
20358
26056
30848
15327
17750
17113
5651
22143
35286
35285
24048
3076
35284
35283
35282
21977
35281
29858
35280
33424
32332
5766
7306
