20456
20455
6353
20454
4296
20453
20452
20451
20450
23166
23167
23168
23169
20459
20458
20457
12716
23160
23161
23162
23163
23164
23165
5931
16759
17964
5393
20467
19356
20466
20465
20464
20463
20462
20461
20460
1594
23177
23178
23179
20469
20468
14905
23170
23171
23172
23173
23174
23175
13818
23176
19239
17267
9760
23148
23149
10757
6128
14438
20445
20444
20443
20442
20441
18486
19574
23155
23156
23157
23158
20449
23159
20448
20447
20446
23150
23151
23152
23153
23154
4995
17838
8695
20533
20532
20531
20530
8215
20539
20538
20537
20536
20535
20534
3314
10739
11144
12910
20544
8465
20543
20542
20541
20540
17011
10509
14425
20511
20510
10272
20519
20518
20517
20516
20515
20514
20513
20512
15727
20509
12211
16138
4548
14756
20522
20521
20520
20529
20528
20527
20526
20525
20524
20523
12900
10968
6854
10285
1608
21050
8914
23207
19741
16474
23200
23201
23202
23203
23204
23205
23206
10013
12551
18656
20500
7056
16481
20508
20507
20506
20505
20504
20503
20502
20501
15716
13537
14273
2605
13985
7996
2067
12543
19734
11337
16901
18889
20499
20498
20497
20496
15585
20495
20494
20493
20492
20491
20490
13056
4025
565
19838
18157
20478
20477
20476
20475
20474
20473
20472
13384
20471
23188
23189
20479
23180
23181
23182
23183
23184
23185
23186
23187
20470
7537
20489
4041
20488
20366
20487
20486
20485
18044
20484
20483
20482
23199
3078
18280
23191
23192
23193
23194
23195
23196
23197
348
23198
20481
14127
20480
17512
23190
