20456
20455
6353
20454
4296
20453
17042
20452
20451
20450
20459
20458
20457
12716
5393
11191
20467
19356
20466
20465
20464
20463
20462
20461
20460
1594
20469
20468
29156
25351
29279
13818
27772
17978
13255
19239
9760
15763
20445
20444
20443
20442
20441
18486
1132
20449
20448
20447
20446
4995
20533
20532
20531
20530
20539
20538
20537
20536
20535
20534
10739
11144
16159
20544
20543
20542
20541
20540
17011
14425
20511
20510
10272
20519
20518
20517
20516
20515
20514
20513
20512
20509
613
12211
4548
20522
22943
20521
20520
20529
20528
20527
20526
20525
20524
20523
12900
10968
8914
16474
29549
29548
24533
29547
29546
25988
29541
29540
29545
29544
29543
29542
20500
7056
20508
20507
20506
20505
29557
20504
20503
20502
20501
29552
29551
16927
29550
15716
29556
29555
29554
29553
13413
14273
4350
6653
29527
29526
29525
29524
29529
29528
1873
29523
2605
13985
24409
7996
15375
29538
29537
29536
29535
27914
29539
29530
28560
29534
29533
29532
29531
5445
12543
19734
20499
20498
20497
20496
12074
15585
20495
20494
14011
20493
19381
22431
27565
28410
9814
20492
20491
20490
8729
25715
13056
4025
565
17860
18157
20478
20477
20476
20475
20474
20473
20472
19486
20471
20479
27428
20470
7537
20489
20488
20487
20486
20485
18044
20484
20483
20482
3078
21338
18280
2653
20481
20480
17512
