20577
20610
20576
26716
20575
20574
10370
20573
20572
20571
20570
20618
35397
20617
35396
20616
35395
20615
35394
20614
35393
20613
35392
20579
20612
35391
20578
20611
35390
27883
20609
35399
20608
35398
27082
14580
17453
20588
20621
5394
20587
20620
20862
20586
20585
21795
20584
20583
20582
20581
35386
35385
35384
20626
35383
20625
35382
20503
20624
35381
20623
35380
20589
20622
26967
2436
35389
35388
20619
35387
20580
13896
6118
18701
30412
20555
9367
20554
21005
20553
20552
15883
20551
20550
5201
9248
22299
2053
20559
20558
20557
24239
20556
2689
17828
35379
25200
1595
24990
4862
30804
1915
9637
2606
31856
818
20566
20565
20564
20563
8446
8688
20562
20561
20560
20607
20606
20605
20604
20603
20569
20602
20568
20601
20567
20600
2337
35400
3786
18645
15417
15188
19146
9141
32885
3559
34785
15105
11145
4404
19946
14657
20549
20548
20547
20546
20545
566
34771
1828
16011
20599
20598
20597
20596
20595
20594
18397
20593
17188
20592
25128
5918
337
20591
6842
20590
7538
17628
16896
13666
14117
19649
5770
17115
19891
5653
33425
34079
11531
11411
1329
8915
