20577
20610
20576
20575
20574
20573
20572
20571
12153
20570
20618
20617
20616
20615
20614
20613
20579
20612
20578
20611
10414
34588
20609
20608
10652
14580
20588
20621
5394
20587
20620
20586
20585
20584
37440
37165
20583
20582
20581
38532
34450
20626
23334
20625
20624
20623
30091
20589
20622
29671
27410
32431
20619
20580
38533
15677
38534
38535
6118
38536
31903
38537
3922
20555
9367
20554
20553
20552
15883
20551
5563
20550
5201
2053
24752
20559
38081
20558
20557
20556
17828
36226
24077
1595
26497
2606
30129
818
20566
20565
20564
20563
8446
8688
20562
20561
20560
20607
20606
20605
20604
20603
20569
20602
20568
20601
20567
20600
2337
2733
3786
18645
19544
11261
15188
19146
36285
29903
9141
3559
32487
11145
19946
19430
20549
20548
20547
20546
20545
1943
32078
566
27697
22164
28542
1828
37009
16011
20599
20598
20597
20596
20595
20594
18397
20593
20592
37993
5918
337
20591
37873
6842
20590
6966
7538
17628
16896
13666
14117
19649
17115
5653
37103
11531
1329
8915
