20698
20697
23846
20696
20695
4297
20694
6354
20693
20692
20691
20699
20690
31116
14581
21434
20676
20675
20674
9761
20673
20672
20671
20670
24113
20679
20678
20677
26417
1596
12255
15884
20687
19455
20686
20685
20684
20683
8447
8689
20682
20681
10085
20680
20689
20688
17956
12389
4996
3787
16749
20654
20653
20652
20651
20650
20659
20658
20657
20656
153
20655
11704
399
7119
15624
20665
20664
20663
20662
9557
20661
20660
17012
20669
20668
20667
7371
20666
25317
1147
1829
10740
20632
20631
20630
20639
20638
32061
20637
20636
20635
32060
20634
20633
7819
29322
12212
20643
20642
20641
20640
13430
32052
32053
20649
32050
20648
32051
20647
20646
20645
20644
32058
32059
32056
32057
32054
32055
8916
18329
20731
20730
16475
32041
32042
27129
32040
20732
32049
32047
32048
32045
32046
32043
20729
32044
5654
7057
15030
20629
32030
20628
32031
20627
3372
32038
32039
32036
32037
32034
32035
32032
32033
20399
20717
19282
20716
2054
20715
20714
20713
20712
20711
20710
32027
32028
32025
32026
32023
20709
32024
20708
20707
25045
12771
32029
18758
20720
6422
20728
20727
20726
27478
20725
20724
20723
20722
20721
20719
20718
12544
19147
20136
5466
9142
24175
7997
26806
8744
14024
20706
20705
20704
20703
20702
20701
20700
13057
18158
23741
11881
9834
16897
3617
15328
14118
20485
25499
30036
2894
26223
7307
11532
