24935
24934
24937
24936
24939
24938
24931
24930
24933
24932
24946
24945
24948
24947
24949
1350
24940
24942
24941
24944
24943
7
24913
24912
24915
24914
24917
24916
24919
24918
2210
24911
24910
2207
2206
2205
2204
2203
2202
2201
2200
24909
2209
2208
24924
24923
24926
24925
24928
24927
24929
2100
2221
2220
24920
23832
24922
24921
2218
2217
10766
2216
2215
2214
2213
1002
1244
2212
2211
2219
2111
2232
2110
2231
2230
2108
2229
2107
2228
2106
2227
2105
2226
2104
2225
2103
2224
2102
2223
2101
2222
2109
24902
24901
24904
24903
24906
24905
24908
24907
17133
2001
2122
2243
2000
2121
2242
2120
2241
2240
24900
2119
2118
2239
2117
2238
2116
2237
2115
2236
2114
2235
2113
2234
2112
2233
2012
2133
2254
2011
2132
2253
2010
2131
2252
2130
2251
3582
2250
2009
2008
2129
2007
2128
2249
2006
2127
2248
2005
2126
2247
2004
2125
2246
2003
2124
2245
2002
2123
2244
15049
16145
2023
2144
2022
2143
2021
2142
2020
2141
2140
2019
2018
2139
740
2017
2138
2016
2137
2015
2136
2257
2014
2135
2256
2013
2134
2255
19658
2034
2155
24894
2033
2154
24893
2032
2153
24896
2031
2152
24895
2030
2151
24898
22114
2150
24897
24899
2029
2028
2149
2027
2148
24890
2026
2147
2025
2146
24892
2024
2145
24891
5415
12558
11348
2045
2166
2044
2165
2043
2164
2042
2163
2041
2162
2040
2161
2160
2039
2038
2159
2037
2158
2036
2157
2035
2156
10028
24879
2056
2177
2055
2176
2054
2175
2053
2174
2052
2173
24876
2051
2172
2050
2171
24878
2170
24877
2049
2048
2169
2047
2168
2046
2167
2180
2067
2188
24883
2066
2187
24882
2065
2186
24885
2064
2185
24884
2063
2184
24887
2062
2183
24886
24765
2061
2182
24889
2060
2181
24888
16905
2059
2058
2179
24881
2057
2178
24880
2070
2191
2190
2078
2199
2077
2198
2076
2197
2075
2196
18295
2074
2195
2073
2194
2072
2193
2071
2192
2069
2068
2189
2081
2080
2089
2088
2087
2086
2085
2084
2083
2082
2079
7766
2092
24715
2091
19367
2090
21322
2099
2098
2097
2096
2095
2094
2093
12733
585
485
16766
22177
23260
11169
264
8227
13675
15735
12228
1976
1979
1978
1977
1990
1987
1986
1985
1984
1983
1982
1981
1980
1989
1988
1998
1997
1996
1995
1994
1993
1992
1991
20828
1516
1999
13078
1760
9391
17419
24399
9165
15204
13391
17758
