21666
21389
21388
39077
12031
16477
21387
21386
21385
21384
27764
26151
1333
24098
15700
21383
21382
21381
21380
99
21314
21313
21312
19078
13375
21397
4222
21396
21395
21319
20900
21318
22004
21317
21316
21315
28065
21394
21393
14586
21392
21391
21390
38779
12720
21369
21368
21367
21366
21365
38243
16333
17263
21364
21363
21362
23146
27468
7062
33112
16613
21361
15886
21360
21379
21378
21377
21376
21375
21374
20284
21373
2342
19570
39162
2057
21372
38996
19738
21371
21370
5206
37546
12547
18648
9146
21347
21346
21345
21344
21343
21342
8455
21341
21340
27963
21349
25703
21348
25548
27322
35919
10971
13964
21358
21357
21753
21356
21355
11151
21354
39146
21353
21352
21351
19150
23255
21359
20819
16602
21350
10225
21325
21324
18159
21323
21322
4550
21321
36384
19242
21320
33790
18392
9560
21329
21328
20359
21327
21326
4302
9956
12179
11885
21336
21335
7310
8000
21334
21333
8644
21332
21331
21330
15330
19651
38554
21339
21338
21337
31762
33541
31248
37989
17515
