3081
12273
12393
18650
21707
34187
25466
2154
21706
34186
21705
34185
21704
34184
20735
21703
34183
21702
34182
21701
34181
21700
34180
12034
20050
16478
33417
15945
7839
4847
18813
21677
21710
21676
21675
21674
21673
21672
21671
21670
21718
34176
21717
34175
20902
21716
34174
21715
34173
21714
34172
21713
34171
21679
21712
34170
21678
21711
34179
21709
34178
645
21708
34177
6358
12721
8551
13061
16334
1088
24354
22056
3142
14958
28791
15401
14317
13988
15889
7618
18400
20444
18885
8204
20286
23552
33461
33184
32411
29930
11330
824
5207
21743
21742
21741
21740
13440
2909
21749
21748
21747
21746
21745
21744
13728
30587
3795
21753
21752
21751
21750
15190
24181
168
5988
15638
13218
27290
21688
21721
21687
21720
21686
5000
21685
29609
21684
21683
7545
21682
4553
5400
21681
21729
21728
21727
21726
21725
21724
21723
21689
21722
26172
21719
21680
14752
13822
11400
1835
11886
21699
21732
21698
21731
17752
21697
21730
21696
21695
15332
21694
21693
21692
21739
18162
21738
21737
34074
27831
21736
21735
21734
21733
342
33667
1600
24680
21691
21690
5923
