3082
21787
21786
21785
21784
21783
21782
21781
12394
21780
18493
21789
21788
21798
21797
6122
21796
21795
21794
21793
21792
11075
21791
34176
21799
25592
6359
14588
21790
21765
9763
21764
21763
21762
14430
21761
21760
21769
21768
21767
21766
21776
21775
21774
21773
21772
21771
21770
21779
21778
21777
27198
26662
9661
12473
8456
17122
2469
3796
4764
21754
8342
21759
21758
21757
21756
21755
33167
10748
4656
32634
21842
21841
21840
10150
37750
37751
31094
21849
21848
21847
21846
21845
21844
21843
12218
35455
37752
10395
37753
37754
37755
6847
37756
1836
10278
37757
6727
21853
17355
21852
21851
21850
21856
21855
21854
37749
12904
5401
36774
37746
37747
37748
21820
14057
15265
18651
21828
21827
34340
21826
21825
28337
21824
21823
21822
21821
21819
21818
17209
30424
10498
21831
21830
21839
21838
21837
21836
21835
21834
21833
21832
15719
21829
13062
21806
21805
21804
21803
21802
21801
21800
16335
15130
18401
18886
7751
16223
21817
21816
21815
21814
21813
21812
21811
21810
10007
12549
21809
21808
1089
21807
11331
9149
2199
35631
29741
9276
19832
20948
20114
9045
19244
25920
13823
11887
14122
37344
27798
5807
32452
20360
4159
5924
