3082
18014
21787
21786
21785
21784
21783
21782
37210
21781
37211
12394
21780
37212
18493
29827
21789
21788
1457
37213
37214
6228
21798
21797
6122
21796
21795
21794
21793
21792
21791
35023
21799
6359
14588
21790
37202
37203
37204
37205
37206
37207
37208
37209
21765
9763
21764
21763
21762
14430
21761
21760
8796
21769
21768
21767
21766
12812
21776
21775
21774
21773
21772
21771
21770
21779
21778
21777
2458
25210
8336
8456
17122
28258
3796
4764
21754
21759
21758
21757
21635
21756
21755
10748
10629
21842
21841
21840
21849
21848
17580
21847
21846
21845
21844
21843
12218
13307
6847
1836
10278
21853
21852
21851
21850
24566
21856
21855
21854
26186
12904
29334
35684
5401
17912
33828
21820
18651
21828
21827
21826
21825
21824
21823
21822
21821
30662
28334
21819
21818
10498
5539
15823
21831
21830
21839
21838
21837
21836
21835
21834
21833
21832
15719
21829
13062
21806
21805
21804
21803
21802
21801
21800
31058
12652
16335
18401
18886
7751
16223
21817
21816
21815
21814
21813
21812
21811
21810
10007
12549
21809
33586
21808
1089
21807
11331
36973
7640
9149
32361
19703
19832
4146
682
35862
19244
35292
13823
11887
14122
35842
27794
20360
35607
5924
