3082
4172
15142
21787
21820
21786
21785
21784
21783
21782
21781
11460
12394
18651
21780
21828
21827
25223
21826
18493
21825
21824
21823
21789
21822
21788
21821
34344
3919
21819
21818
36402
10498
36921
30426
21798
21831
38371
21797
21830
38372
6122
21796
38373
37163
21795
21794
21793
37287
20340
21792
21791
21839
21838
25872
21837
21836
21835
21834
21833
21799
21832
38370
15719
34854
21829
6359
14588
21790
15676
13062
21765
9763
21764
21763
21762
14430
21761
36340
21760
21806
24751
21805
21804
21803
21769
21802
21768
21801
21767
21800
21766
24073
16335
13623
21776
21775
18126
18401
21774
18886
21773
21772
7751
16223
19330
21771
21770
21817
21816
21815
21814
21813
21779
21812
21778
21811
21777
21810
10007
12549
21809
21808
1089
21807
11331
8611
8456
9149
17122
3796
4764
26070
17800
36725
21754
19832
24509
4663
37883
21759
21758
21757
21756
21755
962
10748
36831
21842
21841
21840
14991
19244
30280
21849
26730
21848
21847
21846
8351
21845
21844
21843
12218
6847
1836
10278
13823
11887
19802
21853
37062
21852
21851
21850
14122
21856
21855
21854
34877
12904
5401
20360
10169
31402
5924
