21941
21940
12395
14453
21949
28217
21948
28218
21947
28215
20219
21946
28216
21945
25987
26955
21944
21943
28219
21942
28210
28213
28214
28211
21939
28212
21952
6361
21951
21950
4340
17973
16642
18782
4069
22000
26687
28228
9590
21959
22001
28229
21958
22002
28226
21957
22003
28227
21956
22004
21955
21954
21953
28220
28221
10548
28224
28225
28222
28223
13534
17856
9764
13064
8031
1635
5434
10750
27061
10996
16614
1091
18762
20445
20201
8205
1374
28206
20969
28207
28204
24885
28205
9374
28208
28209
3307
28202
11738
28203
28200
28201
826
9805
17833
25170
20137
21985
6152
21984
20652
21983
21982
21981
8458
21980
21583
27325
21989
21988
21987
21986
11706
23087
3797
4766
12750
17651
21754
21996
21995
21994
21993
21992
21991
13691
21990
21519
25710
21999
15191
21998
20820
21997
13219
3565
10500
21963
21962
9562
21961
4032
14590
21960
18670
10790
19245
18310
21969
21968
21967
21966
21602
21965
21964
11889
28198
28231
28199
28232
28196
28197
28230
28233
28234
16898
11366
15720
4306
6848
21974
21973
21972
21971
21970
20362
21979
21978
21977
21976
21975
6612
10320
16786
