11185
22077
22078
22079
29029
29024
22070
22191
29023
22071
29022
22072
22073
29028
22074
29027
22075
29026
22076
29025
6362
6124
22088
20903
22089
27659
22080
29035
22081
29034
22082
29033
22083
29032
22084
29039
22085
29038
22086
29037
22087
29036
29031
12723
29030
4075
7101
13220
15762
22055
22056
22057
22058
22059
22050
22051
22052
22053
22054
10751
7352
15890
22508
22066
22067
19571
22068
22069
22060
22061
22062
22063
22064
22065
17958
3308
16156
22033
22034
22035
22036
8691
22037
22038
22039
22030
22031
22032
19669
18587
22044
26643
22045
22046
22047
22048
22049
24107
22040
3566
22041
22042
22043
8459
10501
18311
22019
18672
22011
22012
22013
22014
22015
22016
22017
22018
22010
11002
1837
10279
6849
11371
12220
22022
22023
22024
22025
19092
22026
22027
22028
22029
22020
22021
8255
5660
19740
28458
8921
22008
22009
6884
15033
22125
22005
22006
22007
16920
18788
1867
20155
28559
7064
12418
4346
2608
22107
15372
18763
22108
25616
22109
15491
20287
22100
22101
22102
22103
22104
22105
22106
10008
25173
1642
5208
21584
19380
29066
29065
29060
8726
15587
29064
29063
29062
29061
19951
23092
14591
5001
22099
572
22091
29046
22092
29045
13824
22093
29044
22094
29043
22095
22096
29049
22097
29048
22098
29047
28070
29042
29041
29040
22090
17753
24608
24961
29057
29056
101
29055
344
29054
29059
29058
7546
29053
29052
29051
29050
