15780
22635
22636
22637
5663
22594
22595
22596
24896
22597
22630
22598
22631
22599
22632
22633
20578
22634
1338
32566
32567
32564
32565
22590
32562
22591
32563
22592
32560
21939
22593
32561
10011
20052
9615
4603
32568
32569
6366
21398
26600
32555
32556
32553
30257
32554
27531
32552
7604
30936
32559
3800
32557
32558
22613
22614
22615
7067
22616
22617
5046
22618
22619
22572
22573
19681
22574
22575
25049
16051
22334
22576
22577
22610
22578
22611
22579
22612
31212
30001
29484
29886
22570
22571
30406
13068
13223
10753
9377
22624
20202
22625
22626
17159
22627
19573
22628
22629
22583
22584
22585
22586
22587
22620
22588
22621
22589
22622
22623
22580
22581
22582
17835
16226
829
4377
18570
16390
26476
8208
4769
22569
22602
15592
22603
17411
22604
19952
22605
12086
22606
22607
22608
22609
22561
11709
22562
22563
22564
20548
22565
22566
22567
22600
22568
22601
31663
1149
23370
22560
20079
20233
4034
9567
32580
24673
19082
13826
29720
29687
3852
4308
14635
8006
16664
19498
10283
32570
20768
32577
2899
32578
32575
32576
32573
12907
32574
32571
13719
32572
15337
11891
5405
6616
17634
32579
