23604
22638
22639
29945
29944
29943
29942
29949
29948
29947
29946
29941
29940
16756
7317
22646
22647
22648
22649
29956
29955
22640
29954
22641
29953
22642
22643
29959
22644
29958
22645
29957
29952
27773
24021
29951
29950
13257
7585
29929
29928
9767
17265
29923
29922
29921
29920
29927
29926
29925
29924
136
13224
15766
13102
16617
10754
29939
7358
29934
29933
29932
29931
29938
29937
4082
29936
29935
29930
22712
22713
22714
17126
22715
22716
22717
22718
22719
22037
8692
22710
22711
830
28014
22709
8209
22723
22724
29919
29918
17016
29917
29916
22720
21756
22721
22722
29353
10505
11155
10065
7804
16374
20631
18792
28119
11009
15724
22701
22702
22703
22704
22705
22947
8007
22706
22707
22708
22700
1841
12587
11377
5406
1604
6617
18653
22110
10012
8262
22007
15037
3801
4590
7068
8039
14277
22693
22694
22695
22696
22697
25844
22698
22699
29408
23426
22690
22691
22692
6408
5210
1096
1646
18766
22679
16794
22671
22672
22673
22674
22675
22676
22677
22678
29067
22670
22682
22683
22684
22685
9153
22686
22687
22688
22689
26802
23095
2874
22680
22681
19834
22657
19246
22658
22659
13380
4035
22650
22651
22652
22653
22654
22655
22656
28198
10799
29962
29961
29960
28072
22668
22669
24609
22660
22661
22662
22663
22664
22665
22666
22667
347
7548
