14332
21264
18497
21549
3084
35719
35718
35717
915
35716
8925
35715
11226
35714
22800
22009
22801
22802
22803
22804
22805
22806
22807
14902
33642
5665
28580
22855
22856
22857
13461
2693
22850
22971
25324
22851
35371
22852
22853
22854
4628
15806
31054
32385
16338
13225
20203
14042
5211
15651
18002
7070
33985
32531
30110
13598
21130
22833
22834
22835
8210
8694
22836
22837
22838
22839
22796
22797
22830
22798
22831
22799
22832
10976
28375
2348
34149
3312
18616
18979
16678
6702
11784
17127
18217
28094
15593
22844
22845
9155
19953
22846
22847
22848
22849
26929
3570
22840
22841
22842
22843
10506
31946
14820
11156
11710
19247
22811
22812
22813
22814
22419
22815
16135
22816
22817
22818
28996
24797
22378
22810
4309
1436
33157
20905
22808
22809
14755
18047
19654
22822
22823
22824
22825
22826
22827
22828
22829
22820
22821
35724
35723
5928
35722
35721
35720
4037
11892
22819
35729
35728
1605
35727
17635
35726
15338
35725
