1583
2430
2306
2427
2305
2426
2304
2425
2303
2424
2302
2423
13808
2301
2422
2300
2421
2420
2309
2308
2429
2307
2428
2320
2441
2440
2317
2438
2316
2437
2315
2436
2314
2435
2313
2434
2312
2433
2311
2432
2310
2431
8
2319
2318
2439
809
2331
2452
2330
2451
2450
2328
2449
2327
2448
2326
2447
2325
2446
2324
2445
2323
2444
2322
2443
2321
2442
3775
4745
2329
2342
2463
2341
2462
2340
2461
2460
2339
2338
2459
2337
2458
2336
2457
2335
2456
12708
1003
1245
2334
2455
2333
2454
2332
2453
4531
2353
2474
2352
2473
2351
2472
2350
2471
2470
2349
2348
2469
2347
2468
2346
2467
2345
2466
2344
2465
2343
2464
6827
2364
2485
2363
2484
2362
2483
2361
2482
2360
2481
2480
2359
2358
2479
2357
2478
2356
2477
2355
2476
2354
2475
17102
2375
2496
2374
2495
2373
2494
2372
2493
2371
2492
2370
2491
2490
2369
2368
2489
2367
2488
2366
2487
2365
2486
2265
2386
2264
2385
2263
2384
2262
2383
2261
2382
2260
2381
2380
2259
741
2258
2379
2378
2499
2377
2498
2376
2497
2276
2397
2275
2396
2274
2395
2273
2394
2272
2393
2271
2392
2270
2391
2390
2269
2268
2389
2267
2388
2266
2387
15709
13525
10259
2287
2286
2285
2284
2283
2282
2281
2280
2279
2278
2399
2277
2398
12201
13657
2290
2298
2297
2296
2295
2294
2293
2292
2291
2289
2288
7978
12530
10477
2299
4012
11314
6334
4283
17720
8895
17729
17725
17726
17727
17728
17721
17722
17723
17724
17730
17731
9995
486
17619
17736
17737
17616
17738
17617
17739
17618
17732
17733
17734
17735
8431
17707
17708
17709
17703
17704
17705
17706
17700
17701
17702
265
17718
17719
17714
17715
17716
17717
17710
17711
17712
17713
5189
15871
1822
11131
7038
14409
14889
2814
17684
17685
17686
17687
17680
17681
17682
17683
1976
17688
17689
17695
17696
9356
17697
17698
17691
17692
17693
17694
7291
17690
17699
17662
17663
17664
17665
17660
9127
17661
17666
1517
17667
17668
17669
17673
17674
17675
17676
17670
17671
17672
1761
17677
17678
17679
17640
17641
17642
17643
2504
2503
2502
2501
2500
17648
17649
2509
2508
17644
2507
17645
2506
17646
2505
17647
17651
14262
17652
17653
17654
17650
8185
2515
2514
2513
2512
2511
2510
17659
16324
2519
17655
2518
17656
2517
17657
2516
17658
17740
17741
17620
17742
17621
14110
2405
2526
2404
2525
2403
2524
2402
2523
2401
2522
2400
2521
2520
17626
17627
17628
17629
2409
17743
17622
2408
17744
17623
2407
17624
2406
17625
17630
17631
17632
2416
2415
2414
2413
2412
2411
2410
17637
17638
17639
17633
2419
17634
2418
17635
2417
17636
