23604
29945
29944
29943
29942
3086
29949
29948
29947
29946
29941
29940
12398
5933
21674
12043
29956
29955
29954
22641
29953
29959
29958
29957
1103
29952
27773
24021
29951
29950
13257
6372
7585
29929
29928
29923
29922
29921
29920
29927
29926
29925
29924
136
15766
13102
29939
7358
14440
29934
29933
29932
29931
29938
29937
4082
29936
29935
29930
8696
21860
22037
3316
12912
28014
29919
29918
29917
29916
11713
29353
10065
7804
16374
18792
23463
23464
28119
23465
23466
23467
23468
23469
11009
15728
23460
23461
23462
16140
22947
5409
1843
23470
23471
23472
23473
12587
11377
12224
21941
23449
23441
22111
23442
23443
23444
23445
23446
23447
23448
23440
20290
23452
23453
23454
23455
8262
23456
23457
23458
23459
2834
3806
23450
23451
5668
4590
23427
23428
23429
8039
23420
23421
23422
23423
25844
23424
23425
29408
23426
6408
23438
23439
21133
23430
23431
23432
23433
23434
7072
23435
23436
23437
1646
2614
11339
23405
23406
23407
23408
23409
16794
29067
23416
18983
23417
23418
23419
19155
23410
23411
23412
23413
23414
23415
26802
23095
2874
17413
28198
10799
29962
29961
29960
28072
18168
24609
18288
22662
19251
105
5005
13830
17639
17756
