8011
7322
20451
4211
23562
23563
22112
23564
23565
23566
27649
470
23567
23568
23569
32321
23560
23561
12399
10015
33536
16878
16483
24948
23573
23574
19230
23575
23576
26204
23577
23578
23579
1105
35788
32672
23570
23571
14907
23572
38379
6373
20434
23548
38481
23549
20551
23540
23541
23542
23543
23544
23545
23546
22337
22854
23547
14278
13344
13227
23559
30909
23551
23552
23553
21935
23554
23555
23556
23557
23558
32137
38918
23550
10760
16621
36612
34837
16902
18768
15340
17640
21587
36561
8697
17243
21503
3317
23538
18984
23539
8469
35189
9946
37521
10980
16208
31823
14596
4311
18035
23584
23585
23586
20633
24391
25085
23580
22492
23581
36269
23582
23583
34485
36787
13669
18289
39120
16141
4044
4684
6621
19252
22420
26504
32578
1962
349
10286
