2430
2306
2427
2305
2426
2304
2425
2303
2424
2302
2423
2301
2422
2300
2421
2420
2309
2308
2429
2307
2428
20224
5033
2320
2441
2440
2317
2438
2316
2437
486
2315
2436
2314
2435
2313
2434
2312
2433
2311
2432
2310
2431
8
2319
2318
2439
2331
2452
23023
2330
2451
2450
2328
2449
2327
2448
2326
2447
2325
2446
2324
2445
2323
2444
28951
2322
2443
2321
2442
13101
28150
2329
2342
2463
2341
2462
2340
2461
2460
28843
4080
385
2339
265
2338
2459
2337
2458
2336
2457
2335
2456
1003
1245
2334
2455
2333
2454
2332
2453
2353
2474
2352
2473
2351
2472
2350
2471
2470
26516
29585
2349
29584
2348
2469
29583
2347
2468
29582
2346
2467
29589
2345
2466
29588
2344
2465
29587
2343
2464
29586
29581
29580
2364
2485
2363
2484
2362
2483
2361
2482
2360
2481
15072
2480
2359
2358
2479
2357
2478
2356
2477
2113
2355
2476
2354
2475
14300
7802
18905
29590
18675
19766
2375
2496
21608
2374
2495
2373
2494
29569
2372
2493
29568
2371
2492
16370
2370
2491
2490
29563
29562
29561
2369
29560
2368
2489
29567
2367
2488
29566
2366
2487
29565
2365
2486
29564
614
18315
11005
2265
2386
2264
2385
2263
2384
2262
2383
29579
2261
2382
2260
2381
2380
29574
29573
29572
2259
29571
741
2258
2379
29578
2378
2499
29577
2377
2498
29576
2376
2497
29575
15611
11376
29570
2276
2397
24410
2275
2396
2274
2395
2273
2394
2272
2393
2271
2392
2270
2391
2390
1976
2269
2268
2389
2267
2388
26036
2266
2387
27123
2287
2286
29559
2285
29558
2284
2283
24667
2282
2281
2280
16928
2279
2278
2399
2277
2398
2290
18076
17540
2298
2297
2296
2295
2294
23423
2293
2292
2291
2289
2288
6888
1517
15376
1761
2299
2504
12759
2503
2502
2501
2500
17769
2509
2508
2507
2506
2505
2515
2514
2513
2512
2511
2510
2519
2518
2517
2516
19487
9600
2405
2526
2404
2525
2403
2524
2402
2523
2401
2522
2400
2521
2520
2409
10796
2408
2407
2406
2416
2415
2414
2413
2412
2411
2410
2419
2418
2417
