26839
7686
18771
24498
24497
26678
24499
21306
26319
24490
31112
24492
24491
24494
24493
24496
24495
4048
16998
6625
33538
11347
20742
21679
36759
1226
36915
31185
4214
24517
19840
24516
24519
24518
4474
13185
19960
22176
24476
24475
24478
24511
24477
24510
24513
24479
24512
24515
24514
39051
24470
10518
10914
24472
24471
24474
1111
24473
8705
21138
9777
16345
39046
37662
24487
24520
24486
31280
24489
17393
24488
24521
24481
16904
24480
9090
24483
24482
24485
24484
13234
30517
21863
17522
23408
5585
7765
2075
21506
23886
24459
38905
26078
15348
13962
30749
24506
24505
24508
24507
24509
8225
24465
22562
24464
24467
24500
24466
24469
24502
24468
24501
24504
24503
32753
24461
24460
24463
3322
24462
38855
10982
6054
8476
15046
15200
19640
20639
24398
22015
32465
26574
39138
7554
38672
24201
28887
26505
22261
14248
4316
13833
12227
