27928
18411
24659
27929
27808
27926
27927
8931
19580
27920
27921
24656
27924
24655
27925
24658
27922
4050
24657
27923
1613
5938
16917
24012
20294
6626
24704
27939
18664
24703
24706
27937
3090
4065
24705
27938
16488
24708
16641
24707
22807
24709
24663
27931
19590
24662
27932
26323
24665
24664
27930
24667
24700
27935
24666
27936
7570
24669
24702
27933
22645
24668
24701
27934
24661
27375
24660
7327
19842
15366
7347
8950
27909
25840
22732
8030
2845
17428
11564
12415
27917
27918
27915
27916
27919
27910
27913
27914
27911
23954
27912
23154
9801
19268
10051
15067
2078
18171
24696
24695
18294
24698
27962
24697
25786
27963
6391
24699
24690
2622
24692
27960
24691
27961
23483
24694
24693
11546
15597
17131
9390
24105
25394
24460
15510
10984
18989
27948
27949
15047
16499
24674
27942
24673
27943
24676
27940
24159
24675
27941
24678
24711
27946
24677
24710
27947
9162
27944
24679
24712
27945
24670
24275
24672
24671
21680
15605
8245
27959
20640
19254
21332
5014
16783
24685
27953
3595
24684
27954
24687
27951
24686
27952
24689
27957
24688
27958
27559
27955
27956
12749
861
24681
24680
27950
22262
24683
24682
14764
15733
4319
15217
