18411
24659
38143
8931
22917
19580
35154
24656
24655
24658
4050
24657
1613
5938
29267
20294
33818
1738
18139
6626
24704
18664
24703
24706
3090
24705
16488
24708
24707
24709
9072
24663
28349
24662
35660
24665
24664
24667
24700
24666
24669
24702
22645
24668
24701
24661
31067
20619
24660
32671
7327
19842
7465
22732
20039
2845
37312
38923
38356
36970
23954
2078
18171
24696
24695
18294
24698
24697
24699
23646
24690
26197
2622
24692
24691
29621
24694
24693
37499
11546
37361
15597
17131
9390
24460
10984
18989
38164
15047
25929
24674
24673
24676
24159
24675
24678
24711
24677
24710
9162
24679
24712
11647
24670
24275
24672
33275
24671
21680
31656
17236
20640
19254
5014
7676
8368
11097
24685
24684
24687
24686
24689
24688
461
27153
24681
24680
22262
24683
29213
24682
14764
15733
38555
36653
15456
6976
4319
