24935
24934
24937
24936
24939
24938
24931
24930
24933
24932
110
5939
22646
24946
24945
24948
24947
24949
1350
24940
24942
24941
24944
24943
1348
16766
24913
24912
24915
24914
24917
24916
24919
24918
22177
24911
22733
24910
23260
24909
11167
11169
24924
24923
24926
24925
24928
24927
24929
20208
24920
23832
24922
6381
24921
10766
16624
10764
10294
9779
24902
24901
24904
24903
24906
8227
24905
17132
24908
17133
24907
24900
24461
8479
3582
3580
22016
15049
15048
9575
4320
16145
13675
19658
1846
12228
15735
8013
18894
24894
24893
24896
21946
24895
22114
24898
24897
24899
24890
24892
24891
5415
6627
12558
11348
20743
13538
10026
10028
24759
24758
24879
19843
24751
24750
24753
24752
24755
24876
24754
24757
24878
24756
24877
20828
8707
2846
13078
24762
24883
24761
24882
22343
24764
24885
24763
24884
24887
24886
24765
24889
24888
16905
24760
24881
24880
24737
24736
24739
24738
24731
18295
24730
24733
24732
23887
24735
24734
17524
23658
24748
2080
24747
24749
9391
20827
24740
24742
24741
24744
24743
24746
24745
2079
7766
17419
15598
24715
19367
24714
24717
21322
24716
15201
24719
24718
24399
9165
24713
15204
12733
24726
24725
24728
13391
24727
24729
24720
24722
24721
24724
24723
584
585
17758
