4052
4053
25224
25223
19582
25226
19581
25225
25228
25227
20457
25229
112
356
25220
357
25222
25221
25235
1351
25234
25237
25236
25239
25238
25231
25230
25233
25232
5941
22735
25209
25202
25201
25204
25203
25206
25205
25208
25207
25200
23955
11171
25213
25212
17271
22860
25215
22861
25214
25217
25216
25219
25218
25211
25210
10523
14447
16626
10522
14448
24332
2358
2356
23010
24462
845
3583
22494
13541
9576
20642
4322
9578
23357
23478
14766
19659
18773
18774
18412
18413
20057
24656
22115
25183
11349
25182
25185
25184
25187
25186
25189
25188
4324
1615
6629
25181
25180
25194
10029
25193
25196
25195
25198
25197
25199
25190
25192
25191
17420
24993
25169
24992
25168
24995
24994
24997
24996
24999
24998
25165
25164
20829
24991
25167
23660
24990
25166
5678
25179
24400
24766
25172
16906
25171
14605
25174
25173
25176
25175
25178
25177
25170
24979
14130
24978
17643
18296
5223
7080
24971
24970
25025
24973
18174
24972
24975
24974
22798
24977
24976
11548
25020
25022
25021
25024
25023
24989
24982
9392
24981
24984
24983
24986
24985
24988
24987
24980
7767
19368
24957
24956
9166
24959
24716
24958
25004
25003
24951
25006
20912
24950
25005
24953
25008
24952
25007
24955
24954
25009
25000
25002
25001
24968
24967
24969
7555
24960
25015
25014
24962
25017
24961
25016
24964
25019
21218
24963
25018
23997
24966
24965
13836
25011
25010
25013
23077
25012
17759
13834
