18773
20577
4052
18412
19581
24656
22115
25901
112
356
635
4602
1615
32205
1351
22366
21439
10029
32551
32550
8539
17420
22735
25728
24993
24992
24995
24994
24997
24996
24999
24998
32544
32545
32542
32543
32023
32540
32541
24991
23660
24990
26376
30362
5678
14311
12259
32548
32549
17305
32546
32547
23955
18088
17271
22860
32533
16906
32259
32534
14605
15937
32531
32532
32530
13115
32539
32537
32538
14447
32535
10522
32536
24979
14130
24978
7125
26918
7080
24971
26599
24970
25025
25663
24973
18174
24972
24975
24974
22798
24977
24976
11548
25020
25022
25021
25024
25023
32528
32529
32526
32527
24989
24982
24981
24984
24983
24986
22049
24347
24985
24988
27977
24987
1664
2356
23010
24980
7767
31308
845
10346
24957
23901
24956
9166
24959
24716
24958
30838
25004
25003
24951
25006
24950
25005
24953
25008
24952
25007
24955
24954
25009
25000
25002
25001
8746
30327
24968
6185
9576
20642
24967
17874
24727
24969
4322
24960
25015
25014
24962
25017
24840
24961
25016
24964
25019
24963
25018
23997
24966
24965
25011
25010
3620
25013
23077
25012
7825
13834
14766
