16230
25103
25102
25105
25104
25107
25106
22116
25109
25108
12559
26274
25101
27760
25100
5016
17967
19749
11101
4207
3092
19475
1352
25114
25113
28108
25234
25116
35142
25115
25118
25117
25119
29431
25110
248
25112
25111
36872
37565
35709
8933
17025
22736
38241
19963
11283
20274
10908
25161
25160
25163
1115
25162
26410
35818
14554
2848
9499
23956
17273
27599
20724
21139
10767
6139
13236
13079
30479
31843
5848
23409
5222
25147
25146
29988
25149
7081
25148
9781
25141
15903
25140
31037
25143
25142
25145
25144
20370
36840
19158
38850
25158
25157
25159
25150
25152
25151
25154
11837
25153
25156
25155
846
7769
16727
9167
13540
39013
10030
25125
25124
25127
39092
25126
39091
25129
35173
23589
25128
37071
6051
10437
25121
25120
25123
25122
15205
38552
9577
25136
25135
25138
25137
25139
23998
25095
25094
25097
25130
25096
25099
25132
25098
25131
25134
25133
13676
38315
15737
25091
25090
34517
25093
25092
