3640
2672
2551
2671
2550
2670
2669
2548
3638
3516
2668
2547
3639
3515
2667
2546
3514
2666
2545
3513
2665
2544
3512
2664
2543
3511
2663
2542
3510
2662
2541
3630
3631
3632
3633
3634
3635
3519
3636
3518
2549
3637
3517
3650
3651
2562
2683
3530
2561
2682
2560
2681
2680
2559
3649
3527
2679
2558
3526
2678
2557
3525
2677
2556
3524
2676
2555
3523
2675
2554
3522
2674
2553
3521
2673
2552
3520
3641
9
3642
3643
3644
3645
3646
3647
3529
3648
3528
3660
3661
3662
2573
2694
3541
2572
2693
3540
2571
2692
2570
2691
2690
3538
2569
3537
2568
2689
3536
2567
2688
3535
2566
2687
3534
2565
2686
3533
2564
2685
3532
2563
2684
3531
3652
3653
3654
3655
3656
3657
3658
3659
3539
3670
3671
3672
3673
2584
3552
2583
3551
2582
3550
1250
2581
2580
1008
3549
3548
2579
3547
2578
2699
3546
1004
1246
2577
2698
3545
2576
2697
3544
2575
2696
3543
2574
2695
3542
3663
3664
3665
3666
3667
3668
3669
3680
3681
3682
3683
3684
2595
3563
2594
3562
2593
3561
2592
3560
2591
2590
3559
3558
2589
3557
2588
3556
2587
3555
2586
3554
2585
3553
3674
3675
3676
3677
3678
3679
3690
3691
3692
3693
3694
3695
3574
3573
3572
3571
3570
3569
3568
2599
3567
2598
3566
2597
3565
2596
3564
3685
3686
3687
3688
3689
3585
3584
3220
3583
3582
3581
3580
3579
3578
3577
3576
3575
3696
3697
3698
3699
3596
3595
3594
2262
3593
3592
3591
3590
2258
3589
742
3588
3587
3586
746
3002
3599
3598
3597
3497
3496
3495
3499
3498
13
487
491
266
270
2702
2701
2700
2709
2708
2707
2706
2705
2704
1977
2703
2713
2712
2711
2710
1981
2719
2718
2717
2716
2715
2714
2603
2724
2602
2723
2601
2722
2600
2721
2720
2609
2608
2729
1518
2607
2728
2606
2727
2605
2726
2604
2725
2614
2735
3704
1766
2613
2734
3705
2612
2733
3706
1522
2611
2732
3707
2610
2731
3708
1762
2730
3709
2619
2618
2739
3700
2617
2738
3701
2616
2737
3702
2615
2736
3703
2625
2746
2624
2745
2623
2744
2622
2743
2621
2742
2620
2741
2740
3710
2629
3711
2628
2749
3712
2627
2748
3713
2626
2747
2636
3604
2635
3603
2634
2755
3602
2633
2754
3601
2632
2753
3600
2631
2752
2630
2751
2750
3609
3608
2639
3607
2638
3606
2637
3605
2758
2650
2647
3615
2646
3614
2645
3613
2644
3612
2643
3611
2642
3610
2641
2640
3619
2529
3618
2528
2649
3617
2527
2648
3616
2661
2540
2660
2658
2537
3626
3505
2657
2536
3625
3504
2656
2535
3624
3503
2655
2534
3623
3502
2654
2533
3622
3501
2653
2532
3621
3500
2652
2531
3620
2651
2530
3509
3629
3508
2539
3628
3507
2659
2538
3627
3506
