25628
25627
4570
25629
8016
17166
25620
25344
25622
20978
25621
25624
25623
25626
25625
33016
6909
7835
31914
17448
25639
25638
7333
19990
15397
11592
25631
23970
25630
25633
25632
22521
25635
25117
25634
25637
25636
6633
12563
16769
5682
20672
24599
1117
31214
3817
3136
23264
4107
14956
19965
17277
25617
25616
23957
25619
28608
25618
12264
33183
25613
22864
25615
5051
25614
31848
16628
21221
17881
33295
33296
33293
33051
33294
33291
33292
21866
33290
1898
12917
33299
33297
33298
17527
10299
15741
17644
21511
20145
7136
15630
7379
32471
9396
2083
33288
33289
29115
33287
5746
29196
18503
18432
25649
8232
25642
25641
25644
25643
25646
25645
25648
25647
25241
25640
31254
13544
21971
21055
19255
23111
25653
21618
22265
25652
22421
20644
13837
33303
4838
33304
33301
33302
33300
25651
3586
25650
33309
20082
33307
33308
33305
33306
