22118
17168
25905
20211
4058
16232
20295
23683
591
24658
26151
26150
119
12950
7559
17849
6868
10773
16911
22888
8546
29799
8020
9231
24548
12567
19289
26137
3386
26136
26139
26138
26096
33633
11723
26095
33634
26098
26131
33631
26097
26130
33632
24351
26133
26099
26132
33630
26135
26134
5951
10354
26090
17028
19845
26092
33637
26091
33638
26094
27180
33635
26093
33636
5053
20563
26148
26147
24005
26149
23038
24524
26140
33622
33623
26142
33620
2853
26141
33621
26144
26143
26146
33220
26145
28322
33628
33629
31969
33626
33505
32813
33627
33624
33625
21225
25706
9789
19660
26115
26114
26117
26116
26119
21867
26118
26230
26111
26110
26113
26112
33619
13841
33617
33618
28370
6683
21353
4783
26126
26125
26128
26920
26127
22445
26129
26085
26084
26087
26120
10988
26086
26089
26122
26088
26121
23373
26124
26123
5227
10585
29074
14029
18504
26083
26082
29724
7381
22499
22930
7140
29441
29161
16264
19774
8485
15055
22022
26104
26103
26106
22267
26105
26108
26107
26109
26100
26102
26101
14922
31768
