23724
4574
16354
20979
26272
26271
26274
26273
26276
26275
27760
11101
4207
4328
10534
26270
20749
25234
28108
35142
29431
1621
248
36872
37565
11352
35709
38241
11283
20274
26258
26257
1361
10908
26259
11724
26250
25160
26252
26251
26254
26253
22570
26256
26410
26255
5952
35818
14554
19966
1119
19846
9499
11175
26269
26268
27599
20724
24006
22346
26261
26260
26263
26262
26265
26264
14609
26267
26266
3821
30479
31843
5848
20376
12231
26236
26235
29988
25941
26238
26237
26239
26230
31037
26232
26231
26234
26233
36840
13842
38850
2364
23012
26247
2088
26246
26249
26248
9790
26241
26240
26243
11837
26242
26245
26244
16727
19369
39013
26214
22650
26213
26216
39092
26215
39091
26218
35173
26217
37071
6051
26219
10437
26210
853
26212
26211
16775
10040
38552
15056
26225
26224
26227
26226
22268
22422
26229
26228
26221
26220
25893
26223
26222
12740
38315
14923
34517
