2551
2672
2550
2671
2670
2548
2669
2547
2668
2546
2667
2545
2666
2544
2665
2543
2664
2542
2663
2541
2662
2549
17852
2562
2683
2561
2682
2560
2681
2680
2559
2558
2679
2557
2678
487
2556
2677
2555
2676
2554
2675
2553
2674
2552
2673
9
21765
1121
2573
2694
2572
2693
2571
2692
26898
2570
2691
26897
2690
26899
2569
2568
2689
2567
2688
2566
2687
2565
2686
2564
2685
2563
2684
10991
20566
6146
2584
2583
2582
2581
2580
22180
266
2579
2578
2699
1004
1246
2577
2698
23151
2576
2697
25450
2575
2696
2574
2695
2595
2594
2593
2592
2591
2590
2589
2588
2587
2586
2585
15505
12236
2599
2598
2597
2596
8238
3340
4788
23595
2258
742
10044
9584
13088
4332
26951
26950
26953
26952
26954
8491
1855
2702
2701
2700
16915
2709
2708
2707
2706
2705
18899
2704
18416
1977
2703
21950
20980
8026
2713
2712
2711
2710
2719
2718
2717
5427
2716
2715
2714
26937
26936
26939
26938
26931
26930
26933
26932
26935
26934
2603
2724
2602
2723
2601
2722
2600
2721
2720
2609
2608
2729
1518
2607
2728
2606
2727
2605
2726
2604
2725
26948
26947
26949
26940
26942
26941
26944
26943
26946
26945
2614
2735
2613
2734
2612
2733
2611
2732
2610
2731
1762
2730
2619
2618
2739
2617
2738
2616
2737
2615
2736
26915
26914
7087
26917
20377
26916
26919
26918
19260
26911
26910
26913
26912
2625
2746
2624
2745
2623
2744
2622
2743
2621
2742
2620
2741
15909
2740
2629
2628
2749
13845
2627
2748
2626
2747
26926
26925
26928
26927
26929
26920
18063
26922
26921
26924
26923
2636
2635
2634
2755
2633
2754
2632
2753
2631
2752
2630
2751
2750
2639
2638
2637
2650
24951
2094
2647
2646
2645
2644
2643
2642
2641
2640
2529
2528
2649
2527
2648
26904
26903
26906
26905
26908
26907
26909
2540
2661
2660
26900
26902
26901
2537
2658
2536
2657
2535
2656
2534
2655
14925
2533
2654
2532
2653
2531
2652
2530
2651
15214
14004
2539
2538
2659
