9584
28619
11184
13088
4332
26159
26951
28613
26950
28614
26953
28611
26952
28612
8251
28617
26954
28618
8491
28615
28616
1855
26032
16915
28610
14455
18899
18416
16241
21950
17852
7576
20980
4342
24828
8026
13097
18420
28624
28625
28622
28623
28628
9594
28626
28627
28620
28621
28068
16643
5427
21765
26937
18510
26936
26939
26938
15760
19168
1121
26898
26931
26897
26930
26933
26899
26932
26935
26934
10997
28555
10991
18998
11568
20566
26948
17432
26947
28608
23958
26949
28609
6146
26940
28603
26942
26941
26944
28606
27517
26943
28607
26946
28604
26945
28605
22180
23151
25450
8957
9807
26915
7087
26914
20377
26917
26916
26919
26918
19260
26911
26514
26910
26913
27603
25944
26912
2105
15909
27563
21060
12236
13845
15505
26926
26925
26928
26927
8501
26929
18063
26920
26922
26921
26924
26923
2636
5240
22658
8238
24951
3340
2094
4788
26904
26903
21334
26906
26905
7796
26908
26907
26909
23595
26900
25898
26902
26901
14925
10044
15214
14004
10324
