38261
20213
38262
38263
23727
38264
5024
6873
14291
8492
38260
27087
27088
27085
27086
26154
27089
27080
16358
10650
13245
30308
27083
27084
13402
27081
27082
20466
22805
38256
38257
29835
26565
27098
27099
27096
124
27097
28343
27090
38258
8814
10780
27091
38259
4579
2959
27094
11356
27095
1626
18669
27092
27093
27106
20837
27107
27104
27105
27108
27109
27065
34206
27066
27063
27064
27069
27102
27103
27067
27100
1474
27068
27101
13620
6248
27061
17029
27062
27060
23836
16102
6147
34395
27115
26666
27116
24525
27076
27077
27110
27074
27075
27113
27114
27078
27111
27079
27112
27072
27073
30511
17712
27070
27071
7088
16032
25708
23928
25942
33171
31399
37815
1939
13685
3678
12237
15751
21475
7894
25432
23014
27055
22160
27058
27059
27056
27057
20261
2638
20115
20753
24319
19920
21686
20519
2370
16777
10311
12061
17590
20800
3590
23635
34239
222
10164
10046
31524
15977
