20214
21421
29829
21142
29824
24772
29823
29822
29821
29828
29827
29826
29825
29820
11744
4063
29835
29834
29833
29832
29839
29838
29837
20226
29836
125
29831
28983
11914
29830
10781
11357
10542
18307
18078
18591
23425
29407
27186
27187
27184
135
27185
27188
27189
19849
4589
6889
12931
27182
10993
27183
27180
27181
9411
17279
29819
29818
5695
21771
23673
28603
29817
4081
29816
27197
27198
27195
27196
1366
23152
27199
6655
27190
27193
27194
27191
27192
8732
1385
27205
27206
27203
25027
27204
22433
27209
27968
27207
24338
27208
27164
27165
13846
15507
27163
23085
23481
27168
27201
27169
27202
27166
27167
27200
13686
15224
17654
5232
21596
23415
27175
27176
27173
22281
27174
27179
27056
27177
27178
4810
3608
27171
27172
27170
16494
4791
22935
12571
24718
16651
7786
23221
28239
20759
2371
2095
24952
28196
29841
29840
2640
19767
18317
26508
12062
22946
3112
19095
3592
20922
25091
