19588
19224
23728
16113
21143
27489
8493
10899
27483
27484
27481
27482
27487
27488
27485
27486
12678
13404
27480
28050
17971
21034
12165
29955
13092
27494
27495
27492
27493
25231
27498
27499
27496
34453
27497
6755
20062
4336
10783
27490
27491
7343
27508
27509
11560
27469
27502
27503
27500
27501
22851
27506
27507
27504
27505
5838
37838
20151
6525
37711
8947
12412
17426
22349
38076
5575
5697
27117
27513
9491
27514
26029
27478
27511
27479
27512
26945
27472
27473
27470
27471
25693
27476
27477
27510
22185
27474
27595
27475
38223
26511
25784
36208
2227
1498
23086
14138
21870
9798
7093
22326
36959
600
15753
15911
22937
4794
11482
2375
2098
27423
22652
10431
38602
36822
15603
3473
24720
25896
25777
982
28005
11650
38954
38953
19812
34636
