14294
8495
28619
11184
26159
27645
28613
26796
27646
28614
22871
27643
28611
27644
28612
8251
27649
28617
28618
27647
28615
27648
28616
26032
27641
27642
28610
27640
14455
13405
16638
16241
13093
24827
7576
8028
4342
24828
13097
18420
20064
28624
22122
28625
27654
28622
28623
28628
9594
28626
20468
28627
27374
27652
28620
1861
27653
28621
27650
28068
27651
16643
18510
27629
9401
15760
19168
15363
27623
25168
27624
23542
27621
27622
27627
27628
27625
27626
5959
10997
27620
28555
18998
11568
17432
28608
23958
28609
27634
27635
28603
27632
27633
27517
27638
28606
27639
28607
27636
28604
27637
28605
11737
1367
27630
27631
24881
8957
9807
27609
19664
25308
27607
16151
27608
25785
27602
27605
26514
27606
27603
25944
27604
2105
27563
5698
21060
13689
14141
27618
27619
8501
9799
27612
27613
27610
27611
27616
27617
27614
27615
26086
15912
18900
21688
5240
22658
16497
19090
2644
859
16779
26903
21334
7796
25898
2376
10324
