8499
14297
27766
17282
24777
24778
13408
26031
22351
7574
27656
27810
23730
9591
1865
129
21520
17142
25841
23665
8032
374
28275
28396
28276
28397
28273
28394
28274
28395
28279
28277
28398
28278
28399
17429
5436
28271
28392
11565
28272
28393
28390
28270
28391
19972
20840
24406
17037
17038
23838
23156
27910
27516
28282
28280
28281
6395
20653
15069
16037
27602
28259
6393
23888
28253
28374
2866
28254
28375
28251
28372
28252
28373
28257
28378
28258
28379
28255
28376
1375
2101
28256
28377
17765
28370
28250
28371
14778
17652
20301
21872
13693
26367
27215
24106
28264
28385
28265
28386
28262
28383
15914
28263
28384
25033
28268
28389
28269
28266
28387
28267
28388
603
28260
28381
28261
28382
13853
15757
28380
22657
24958
28239
28237
28358
28238
28359
28235
28356
28236
28357
28354
28355
10550
10792
10791
5238
11368
12579
11367
21059
7793
24606
8248
19375
28404
28405
28248
28369
28402
27710
28249
28403
28408
28406
28407
28242
28363
28243
28364
28240
28361
28241
28362
28246
28367
28400
20918
28247
28368
28401
27276
28244
28365
28245
28366
21691
4798
10321
13552
28360
