6233
5543
27766
17282
24777
23569
13408
29423
11069
37459
26390
37043
23730
2713
1865
1189
17142
25841
23665
8032
11966
28275
28276
32424
28273
28274
28279
12816
28277
35652
28278
17429
28271
32306
11565
28272
28270
24406
17037
9893
23838
25214
26824
27516
32894
941
3663
14840
28282
28280
33349
28281
15069
16037
12471
27602
28259
6393
28253
1931
2866
28254
28251
28252
28257
28258
28255
1375
2101
28256
28250
14778
20301
33164
27215
24106
28264
28265
28262
28263
30058
25033
28268
28269
28266
28267
603
208
28260
28261
13853
7420
19121
36660
28239
28237
28238
9041
30201
28235
28236
10791
5238
30600
11367
37460
7793
24606
37461
19375
37462
13155
37463
36375
37464
36893
37465
28248
17074
28249
28528
28242
28243
28240
28241
28246
28247
27276
28244
28245
13312
21691
37466
37467
10321
13552
37468
37469
