8499
14297
24778
26031
22351
33254
28294
7574
27656
27810
32271
9591
24306
12966
34336
129
19518
8779
21520
26656
22972
374
28396
28397
28394
28395
28398
28399
29245
5436
28392
28393
31974
4868
28390
28391
18003
19972
20840
17038
23156
27910
30595
30111
34034
13751
15811
6395
20653
35991
35990
23888
28374
28375
28372
24052
28373
28378
28379
28376
35993
28377
35992
12114
17765
28370
30501
28371
11787
17652
21872
13693
35980
26367
28385
35988
28386
35987
28383
35986
33961
15914
28384
35985
24185
28389
35984
35104
35983
28387
35982
28388
35981
28381
28382
15757
28380
35989
22657
24958
20592
28358
22531
28359
22379
33798
35977
35976
32622
35975
35974
28235
28356
35973
28357
28354
28355
10550
10792
13300
11368
12579
1439
35979
35978
20004
21059
8248
28404
28405
28369
28402
27710
28403
28408
28406
28407
28649
28363
28364
25372
28361
32179
28362
28125
28367
28400
20918
28368
28401
29973
28365
28366
4798
28360
