8770
28734
24014
28735
28699
28732
33370
28733
28738
28739
28736
28737
28693
34987
27000
28694
34986
28691
34985
28692
34984
28697
28730
34983
28698
28731
28695
28696
14456
13889
14615
28690
30940
34989
3637
34988
18421
26607
19512
20068
20221
4343
21712
27812
34170
28741
30372
28740
16644
9245
23669
28718
28719
30915
17782
28679
28712
35012
28713
35011
28556
28677
28710
35010
28678
28711
28716
28717
28714
18071
28715
10999
30801
417
30764
10599
28729
25059
28723
35001
28724
35000
28688
28721
28689
28722
28727
27518
28728
28725
28726
28682
35009
25171
28683
35008
28680
35007
11219
28681
35006
28686
35005
27235
28324
28687
28720
35004
33982
1640
28684
35003
28685
35002
19856
4119
6398
23089
25788
27604
16959
1378
25264
14930
12753
28709
21357
28707
28708
14780
20384
18585
27216
28701
28702
28700
28705
28706
28703
28704
3600
25395
12927
2917
14146
27293
177
26174
32506
33955
24607
22429
11370
12580
5499
34990
26864
2382
26745
11779
34998
34997
3107
33422
34996
34995
32972
34994
34993
34992
34991
17999
34999
32734
