20573
22190
27120
13409
3359
16919
5030
16242
18785
6880
5036
28745
28746
28743
30491
28744
30490
28749
28747
28748
11911
30497
30496
30499
30498
30493
22360
28742
30492
30495
30494
14622
17543
7100
14156
30519
17143
23026
29524
21526
4072
132
30488
30521
377
27064
30487
30520
13108
26091
30489
30401
8044
22749
23959
30509
30508
7590
25172
1128
30510
11739
23670
30516
30515
15379
30518
30517
30512
30511
30514
30513
23889
11380
6154
12594
22275
28778
28779
28776
28777
28770
29068
28771
2106
28774
28775
23362
28013
28772
28773
30505
30504
30507
30506
30501
30500
17767
30503
30502
6166
23894
27974
18181
28781
7807
27331
29993
14302
20991
8513
13262
18793
28756
28757
19483
24830
28754
28755
29964
21604
28758
28759
15609
28752
28753
28750
28751
10794
13420
18678
16934
26905
24167
28767
28768
24169
28765
2383
28766
25657
28769
28760
25097
28763
28764
28761
28762
13554
30438
2659
14008
