33929
22190
27120
33930
13409
33931
16919
28696
33938
10098
33939
33936
33937
4844
33934
33935
33932
33933
5030
16242
18785
24549
6880
15793
17451
28745
28746
17172
28743
28744
28749
28747
28748
11911
28742
33927
33928
31505
1904
33926
7100
17143
26653
4072
132
377
27064
30883
29643
7616
17313
23959
23551
23435
25172
1128
11739
23670
18528
15532
22679
23889
14493
6154
22275
28778
28779
28776
28777
20933
28770
28771
2106
28774
28775
23362
28013
28772
28773
17767
18340
4387
28789
26922
18181
11399
10588
32118
28756
28757
19483
24830
28754
23620
28755
21604
28758
28759
29968
15609
33952
33953
33950
11769
33951
1675
28752
28753
28750
22890
28751
10794
16534
21973
26905
24167
28767
28768
28765
2383
28766
25657
28769
33941
32698
28760
33942
25097
11934
33940
28763
28764
28761
28762
31121
13554
33949
33947
33948
18689
33945
33946
33943
14008
33944
