24413
23965
27769
11746
23218
5031
18786
7578
30093
30092
27379
30095
21957
30094
9197
8263
23733
30091
30090
26163
28742
16646
13259
4074
6410
17144
30082
30081
30084
25720
30083
30080
11569
30089
28950
30086
30085
30088
30087
5715
4084
24528
9413
30071
23794
30073
30072
20845
18081
25615
30079
30078
27471
30075
1641
30074
25453
30077
25177
30076
11573
9405
28283
16505
1647
8959
27609
12590
28938
19666
28939
16795
28932
28933
19384
28930
28931
26515
28936
1380
28937
28934
28935
2108
8725
15226
10057
10334
15075
28949
25037
25554
28943
25311
28944
28149
28941
28942
28947
28948
28945
28946
29354
29991
3602
28940
10067
14785
607
15515
23090
28918
28919
22659
28917
24831
13705
29842
16931
8503
16654
17865
28929
19378
28927
28928
7797
28921
26587
28922
28920
25899
28925
28926
28923
28924
20919
13559
