21148
8254
24530
24932
26956
30543
12835
29021
14457
10411
29020
18787
6883
20188
15277
38256
13098
28987
28229
28988
34054
28985
26688
28986
28629
28989
28983
28984
28982
5302
37550
5961
29009
29008
29007
35093
29002
29001
29000
29006
29005
29004
29003
38127
5438
17434
11570
29019
29018
29013
29012
28284
29011
29010
29017
29016
29015
29014
30512
38460
38461
38462
38463
38464
38465
38466
23244
24698
28138
22278
27605
23525
25144
38467
38468
16038
10059
14537
19668
18586
18463
14781
26801
3604
37804
35228
12928
31142
14149
38459
27170
35868
19763
19484
28998
34880
28999
28996
28997
20757
9284
28990
28991
28994
28995
28992
28993
11001
8504
37359
2649
19379
21335
38153
38398
37860
24960
24721
20920
223
16706
23195
28489
32571
865
14366
12069
11258
33943
