17288
31073
24017
23600
29387
14619
29386
22192
29385
29384
29389
29388
29383
29382
29381
29380
9598
39104
26689
28744
35261
25238
28506
29398
26282
29397
29396
11912
29395
33245
29399
29390
16925
29394
18789
29393
4219
29392
29391
8036
18754
23949
6774
29406
29405
29404
29403
39173
29365
29364
34326
29363
29362
28675
29369
29402
29368
29401
1871
29367
29400
29366
38522
6405
18513
29361
29360
38752
382
29376
29375
29374
29373
29379
32376
29378
23792
29377
29372
29371
36855
29370
6551
12073
39034
16157
38222
38586
39158
29107
4806
12757
35918
29064
5858
19824
15472
6287
18589
7930
29359
38291
13859
29354
29353
22280
29352
29358
29357
29356
34376
2112
29355
7800
17539
18904
29471
18038
5244
20473
18273
23220
24396
28355
14872
27380
17504
12583
15299
18562
3110
27715
26462
11374
30437
