17042
38785
29549
29548
24533
29547
29546
22479
25988
26835
29541
29540
32961
29545
35676
1212
29544
29543
29542
17727
12676
37219
36922
11191
21033
29557
29156
29552
29551
16927
29550
29556
34213
25351
29555
29279
29554
24144
27772
29553
34452
17978
38930
13255
38931
36358
38932
38933
13413
4350
6653
29527
29526
29525
29524
29529
29528
38929
1873
29523
15763
24409
6267
15375
1132
29538
29537
29536
29535
27914
29539
29530
28560
29534
29533
29015
29532
29531
5445
38753
20040
37095
12074
17088
14011
19381
22431
32523
25020
26198
27565
28410
9814
16159
8729
32645
7915
25715
30608
30574
36838
14708
17860
38440
20474
15288
19486
27428
22250
36146
613
38689
22943
21338
32730
2653
15457
16308
38714
