11580
30938
19187
30937
30939
33493
18095
33494
33491
33492
33490
24415
33499
33497
2422
11749
33498
33495
33496
30945
30944
30947
30946
30941
30940
30943
19505
30942
20581
27776
28749
23291
33488
33489
33486
33487
2674
33485
30934
14468
30933
30936
30935
18425
30932
14791
16056
28315
29920
18192
13109
894
28153
31851
24350
31573
25320
4108
31215
7594
26706
4360
15096
28286
33501
33502
30751
33500
25054
28200
29531
30878
33503
33504
21620
6432
11384
21066
4091
31795
30224
30185
6667
16798
15620
30227
6681
1395
24620
27611
28788
24226
8065
30970
4816
30971
29478
29235
30296
9824
12767
5749
17983
18435
16532
5486
30959
23223
30961
30960
20074
30967
30966
30969
30968
30963
30324
30962
30965
30964
18688
30949
30948
28242
30950
28362
3861
8758
30956
29290
30955
11014
30958
30957
30952
30951
30954
16669
30953
