15385
21429
25624
36409
11583
36521
879
34629
1190
23738
24541
29794
34974
31587
35148
35387
30933
10145
10389
33648
16802
7188
31292
31291
31294
31293
31290
25724
15928
26370
31299
32542
31296
31295
35653
31298
12817
31297
36467
18916
11444
35417
16185
7595
4363
5972
37267
31160
24889
31289
31288
31285
31287
942
31286
5724
6417
5460
37494
21068
37495
37496
7369
37497
37498
1140
25428
26913
35997
26592
24692
437
37499
9419
19705
24344
25278
29755
20789
23897
9272
31300
32632
31302
31301
34775
23492
22043
30615
9826
32916
7648
31304
31303
31305
27029
16090
20876
33556
2128
27383
18716
8521
20924
30151
37500
14525
