19865
31509
8093
27127
28618
28219
28298
31511
31510
25860
5533
31517
31516
31519
31518
13921
31513
31512
31515
31514
24309
16521
21431
34338
14627
31500
26168
26960
31506
31505
31508
31507
31502
31501
31504
31503
17662
5284
17300
20311
18194
15083
26372
31612
36349
3658
10082
7113
8280
24366
19175
20601
33464
33344
9649
13756
5726
9421
6671
21069
1142
8051
1656
10857
34545
4367
12081
16045
36398
21910
27177
34013
36950
36951
30616
18228
3845
11436
9828
20511
19524
22813
17341
20075
27944
22535
31531
36946
29562
31530
36947
2887
16938
28075
31533
36948
31532
36949
23185
36940
32627
36941
31535
36942
31534
36943
36944
31536
36945
21697
5253
23918
23514
28803
31520
31522
36937
31521
36938
36939
25496
31528
31527
31648
31529
31524
33428
31523
31526
19417
31525
