4971
1576
0
2315
11518
3766
4741
2583
12702
6822
4525
10723
10250
15949
15948
15947
15942
15941
15940
15946
15945
15944
15702
15943
7730
15959
15958
400
401
402
403
404
15953
405
15952
406
15951
407
15950
408
15957
409
7968
15956
15955
15954
15928
15927
15926
410
15925
411
412
413
414
15929
415
15920
416
417
418
419
15924
15923
11686
15922
15921
15939
15938
420
15937
300
421
15936
13517
301
422
302
423
303
424
304
425
305
426
15931
306
427
15930
307
428
308
429
309
15935
15934
15933
15932
15906
430
15905
310
431
15904
311
432
15903
312
433
313
434
15909
314
435
15908
315
436
799
15907
316
437
317
438
4005
318
439
319
15902
7518
15901
15900
440
15917
320
441
15916
321
442
15915
322
443
15914
323
444
324
445
325
446
15919
326
447
15918
327
448
328
449
12884
329
15913
15912
15911
10468
15910
4271
450
330
451
331
452
332
453
333
454
334
455
335
456
336
457
337
458
338
459
339
6328
460
340
461
341
462
342
463
343
464
344
465
345
466
346
467
347
468
348
469
349
470
350
471
6591
351
472
352
473
353
474
354
475
355
476
356
477
357
478
358
479
359
15304
8888
360
361
362
363
364
365
366
367
368
369
12370
15883
15882
15881
15880
370
371
8670
372
373
374
375
376
377
378
258
379
259
15887
15886
15885
15884
12014
15889
15888
15890
15894
15893
15892
9533
15891
380
260
381
261
382
262
383
263
384
264
385
265
386
266
387
267
388
268
389
269
15898
15897
15896
15895
15899
13359
15982
15981
15980
390
270
391
271
392
272
393
273
394
274
395
275
396
276
397
277
398
278
399
279
15986
15985
1817
15984
15983
15869
15989
15868
15988
15867
15987
15866
15872
15993
15992
15871
15991
15870
15990
280
281
282
283
284
285
286
287
288
289
15876
15997
15875
15996
15874
15995
15873
15994
15879
15878
15999
15877
15998
15960
290
291
292
293
294
295
296
297
298
299
15969
15964
15963
15962
15961
15968
14879
15967
15966
15965
15971
15970
14401
15975
15974
15973
15972
15979
15978
15977
15976
13199
8179
5900
1307
