3082
3081
3080
30817
3089
28977
3088
3087
3086
3085
3084
3083
11
3093
3092
3091
3090
3099
3098
3097
3096
3095
3094
489
5820
23702
10874
18242
1006
1248
10405
268
30470
27750
38184
3200
38180
38181
38182
38183
30343
29583
36569
38176
8347
38177
38178
38179
3211
3210
3208
3207
3206
3205
3204
2477
3203
35224
3202
32076
3201
4898
4658
3209
3101
3100
3219
3218
3217
3216
3215
3214
3213
3212
33835
3112
3111
3110
2260
26624
3109
3108
3107
3106
3105
3104
3103
744
3102
16700
3002
3123
3001
3122
3121
3120
3119
3118
3117
34104
3116
3115
3114
3113
1979
37161
3013
3134
3012
3133
3011
3132
3010
3131
3130
37848
3009
3008
3129
3007
3128
3006
3127
3005
3126
3004
3125
3003
3124
17216
3024
3145
3023
3144
3022
3143
3021
3142
3020
3141
3140
3019
3018
3139
3017
3138
3016
3137
3015
3136
3014
3135
9914
3035
3156
3034
3155
3033
3154
3032
3153
3031
3152
3030
3151
3150
1764
3029
3028
3149
1520
3027
3148
3026
3147
3025
3146
15138
30634
3046
3167
3045
3166
3044
3165
3043
3164
3042
3163
3041
3162
3040
3161
3160
36606
32367
3039
3038
3159
3037
3158
3036
3157
3170
7893
3057
3178
3056
3177
3055
3176
3054
3175
3053
3174
3052
3173
3051
3172
3050
3171
2756
3049
32596
3048
3169
3047
3168
18628
3060
3181
3180
18950
3068
3189
9281
3067
3188
3066
3187
3065
3186
3064
3185
3063
3184
3062
3183
25923
3061
3182
3059
3058
3179
219
2528
3071
3192
3070
3191
3190
37460
3079
3078
3199
3077
3198
3076
3197
3075
3196
3074
3195
3073
3194
3072
3193
23193
3069
