37970
15781
27924
5260
24811
29704
31750
32600
28570
29142
32048
10815
25221
25463
4169
32607
32608
32605
32606
32603
32604
32601
32602
15393
8540
24420
9470
3129
7605
38240
25729
38241
38242
38243
18199
21887
29528
29485
26496
37675
5557
14950
38230
38231
38232
30904
38233
38234
38235
23797
10648
30077
38236
38237
38238
38239
1408
11973
11458
13116
13875
11021
7126
16430
34660
26477
23129
25383
15626
31952
32769
5738
9674
5474
18462
4662
23819
32591
32592
32590
20668
27978
32599
32597
32598
32595
32596
13619
32593
27574
32594
35585
4378
20260
31309
24318
11082
29966
32581
34087
21966
32588
32589
32586
32587
697
32584
32585
32186
32582
32583
8747
30604
16258
32109
32609
32610
221
32611
35687
4831
31523
18603
16702
