20450
5931
3406
3405
14905
3404
3403
3402
3401
3400
3409
3408
3407
17267
3420
3417
3416
3415
3414
10757
3413
3412
3411
3410
3419
3418
19574
3310
3431
3430
3307
3428
1007
1249
3306
3427
3305
3426
3304
3425
3303
3424
3302
3423
3301
3422
3300
3421
3309
3308
3429
3321
3442
3320
3441
3440
3318
3439
3317
3438
3316
3437
3315
3436
3314
3435
3313
3434
3312
3433
3311
3432
12910
3319
3332
3453
3331
3452
3330
3451
3450
3329
3328
3449
3327
3448
3326
3447
3325
3446
3324
3445
3323
3444
10509
3322
3443
3222
3343
3464
3221
3342
3463
3220
3341
3462
3340
3461
3460
3339
3338
3459
3337
3458
3336
3457
3335
3456
3334
3455
3333
3454
16138
3233
3354
3475
3232
3353
3474
3231
3352
3473
3230
3351
3472
2261
3350
3471
3470
3229
3228
3349
3227
3348
3469
3226
3347
3468
3225
3346
3467
3224
3345
3466
3223
3344
3465
745
6854
23207
3244
3365
3486
3001
3243
3364
3485
23200
3242
3363
3484
23201
3241
3362
3483
23202
3240
3361
3482
23203
3360
3481
23204
3480
23205
23206
3239
3238
3359
3237
3358
3479
3236
3357
3478
3235
3356
3477
3234
3355
3476
12551
10013
3255
3376
3254
3375
3253
3374
3252
3373
3494
3251
3372
3493
3250
3371
3492
3370
3491
3490
3249
3248
3369
3247
3368
3489
3246
3367
3488
3245
3366
3487
13537
3266
3387
3265
3386
3264
3385
3263
3384
3262
3383
3261
3382
3260
3381
3380
3259
3258
3379
3257
3378
3256
3377
3390
2067
3277
3398
3276
3397
3275
3396
3274
3395
3273
3394
3272
3393
3271
3392
3270
3391
3269
3268
3389
3267
3388
16901
11337
3280
3288
3287
3286
3285
3284
3283
3282
3281
3279
3278
3399
3291
3290
3299
3298
3297
3296
3295
3294
3293
3292
3289
4041
20366
348
23166
23167
23168
23169
23160
23161
23162
23163
23164
23165
17964
16759
12
23177
23178
23179
23170
23171
23172
23173
23174
23175
23176
490
23148
23149
6128
14438
23155
23156
23157
23158
23159
23150
23151
269
23152
23153
23154
17838
8695
8215
8465
15727
14756
10285
1608
21050
19741
18656
16481
1980
1765
1521
18889
2757
19838
13384
23188
23189
23180
23181
23182
23183
23184
23185
23186
23187
2529
23199
23191
23192
23193
23194
23195
23196
23197
23198
14127
23190
