19103
18250
21704
28694
29144
10659
25980
19503
32601
17449
19991
37441
24422
29953
29798
18546
29391
37726
12096
27228
1481
4906
27982
27343
31572
5831
17308
38630
38631
34396
28963
15094
24082
26261
2213
12265
12782
28161
30513
23526
28819
13283
33052
23800
38629
1414
33334
33335
33332
33333
33330
33331
13167
38107
19548
38628
18742
23496
33325
33326
33323
31301
32114
33324
27179
29116
33321
23372
33322
32472
33320
33329
31666
33327
8618
33328
18433
5483
37197
38169
3463
24676
15281
20117
33314
33315
33312
33313
33310
33311
8989
33318
33319
33316
33317
20401
20885
18204
14640
37464
24841
38390
33388
25013
29058
28080
14369
14487
32458
