17720
27927
13880
21385
9622
6193
34589
2421
10655
33482
22760
33483
23971
27896
33480
33481
38491
35548
37608
28466
33484
7448
406
12441
5305
34739
19720
23549
20674
5564
20032
33471
33472
3384
21924
33470
20713
33479
893
33477
32026
33478
33632
33475
33476
22053
33473
33474
14313
38591
33460
33461
38590
2735
33468
32897
33469
33466
33467
33464
33465
2212
33462
26420
33463
702
16986
11211
37010
17482
35590
31794
30740
38588
17803
38589
18739
18337
20266
7138
21351
1153
28787
28941
35181
35349
30330
968
36832
8990
9288
5485
7665
29967
25800
29607
37919
1673
32582
29289
22090
18687
9852
23112
33149
1725
11931
13436
