6230
25906
33808
33809
23685
6195
33810
14979
33817
11066
33818
4842
33815
33816
33813
33814
33811
12952
33812
37320
37321
5796
37322
23696
25755
25072
34578
10828
36114
12443
33806
37323
33807
37324
4611
33804
37325
33805
33802
1902
18943
33803
31504
33800
33801
15124
12098
26532
26813
22290
29000
31576
27344
11441
8547
37317
14315
37318
37319
6022
13472
18360
29898
28849
19291
25570
29132
27356
30198
1929
12786
33745
32932
20497
37254
36321
19021
20932
25425
31555
26231
2905
11028
16169
32117
15635
23989
17581
23905
5488
22818
33791
25523
24039
20238
20513
29726
33798
33799
33796
33797
33794
33795
33792
33793
33819
22389
26109
29453
33820
33821
35843
33023
35200
36135
34232
3865
30952
32978
