27929
12271
25908
21707
34066
35430
28218
34065
34064
34063
34062
23446
34061
34060
36928
34069
36929
34068
34067
32209
32968
15794
17055
8302
34055
34054
34053
34052
34051
33083
34050
30651
34059
34058
34057
34056
30813
14345
17578
33909
34044
34043
34042
32381
34041
3141
34040
16171
20678
34049
31450
34048
27345
34047
34046
34045
3657
21081
31217
26709
34033
19293
34032
36298
22464
32094
34031
26424
34030
23313
34039
34038
25055
34037
34036
34035
24484
34034
9648
27192
23802
21462
23122
18690
22832
34029
34028
34027
676
22152
22449
24984
36272
10624
30298
29198
25274
34773
30692
6711
18227
32879
35628
12644
7145
5088
25521
27943
8590
26976
32065
22373
35736
9855
16267
23235
20405
24688
34072
34071
29979
34070
36935
36936
13439
36258
29333
12465
11770
36930
36931
36932
36933
36934
