21540
29661
29385
35315
32684
34189
35795
20608
34188
32969
15946
17213
38010
38011
17174
38012
30409
38013
38014
38015
32030
23454
26605
24426
25194
34217
34216
2953
34215
34214
34213
34851
34212
34211
16809
34210
38016
9906
34218
37033
4111
10591
26258
29365
30123
33875
34206
34205
34204
22292
34203
34202
34201
34200
31737
16698
32428
34209
32700
34208
37318
34207
21893
26664
26425
32099
18925
19425
23803
36681
15100
16672
24299
28536
33691
21106
25381
34266
954
33338
6440
6687
29118
33168
32594
37767
5989
10102
23869
17588
7146
6730
8995
691
22777
25120
29443
217
37758
12611
34190
7433
34198
34197
34196
34195
34194
34193
34192
22821
34191
30277
24040
34199
33708
29293
3868
