37692
9624
34220
2427
34228
34227
34226
34225
34224
34223
34222
34221
37059
9856
15268
5815
34229
6241
38010
33086
29833
33248
33005
646
11595
12323
32713
409
37603
34219
8552
16572
26776
34282
24118
2206
34721
32783
15402
32942
37383
18241
25971
38070
38071
38072
36858
24485
33509
11970
13286
9668
15101
37893
38069
36167
23524
34701
13729
33573
37412
30468
5990
6200
8106
4388
24069
33560
34252
34251
23378
34250
37928
169
1422
29237
22681
28388
32231
34242
34241
34240
23744
34249
695
34248
34247
34246
34245
34244
34243
30449
12612
30842
33439
37759
17995
20880
14362
20240
34231
34230
29616
3869
34239
34238
34237
27394
34236
32210
34235
34234
14807
34233
34232
16269
16947
