38782
38783
7842
25909
38784
28612
20855
33897
33817
20172
28290
3635
17723
4187
38013
38410
30092
29838
19193
25197
32032
11476
15797
31507
10423
12446
34856
8555
29646
10359
412
33118
22625
21894
5059
38235
29933
26428
18928
30230
5566
15533
38517
4913
29094
38186
28494
29982
32805
38349
11269
6442
29119
22321
34414
37926
34413
34412
34411
35984
27730
34410
13731
35903
10105
15285
28878
36144
170
2491
23501
4391
21568
10833
34404
23060
34403
34402
34401
34400
34409
34408
29162
34407
34406
11402
34405
11091
37185
20121
20805
25411
29854
31407
12100
17997
18844
