37451
14178
12275
2430
20856
31356
33132
13763
37730
37731
8767
37732
19509
37733
37734
2946
8804
14216
18538
22525
27016
2680
26726
34613
37727
27891
29034
34612
37728
33367
34611
37729
34610
35149
2157
9628
19914
37204
34618
37722
34617
37723
31985
34616
37724
34615
37725
34614
37726
8310
18235
28718
14034
26654
22057
22698
26538
24192
25282
34602
36748
34601
34600
12659
29005
34047
24232
34609
34608
10595
34607
34606
16979
34605
34604
34603
19295
28442
34277
14689
9660
28935
34700
22394
33056
16954
30988
13448
14810
34549
34253
32473
33287
11035
13734
36954
34538
23189
173
23623
1679
33314
35334
9439
35739
32227
18439
17354
20089
34599
4158
18722
