8770
28336
33370
9460
34987
34986
34985
34984
34983
13761
35719
13889
30940
34989
3637
34988
26607
19512
21712
34170
1191
34975
30372
23451
18946
9245
30915
18232
16694
17782
37157
35012
35011
35010
30801
417
37556
36468
30764
10599
6025
25059
35001
35000
34790
26306
21019
24921
35009
35008
35007
11219
35006
35005
27235
28324
33982
35004
35003
35002
37425
4119
1932
30463
16959
25264
32364
30340
34946
21357
16563
37003
28701
20946
20702
35346
688
2917
27293
16845
37591
37592
37593
4154
37594
37595
7424
37596
37597
24314
177
26174
31650
35333
37598
37599
32506
11244
33955
5499
34990
26864
11779
34998
34997
33422
34996
32972
34995
34873
34994
34993
34992
34199
34991
17999
32734
34999
