29709
8776
10371
25741
35430
35438
35437
34622
34985
35436
35435
35434
35433
34222
35432
36125
32286
35431
21262
10897
35439
26969
38372
15151
33918
35427
29311
16408
32436
35429
13898
35428
38122
9008
16177
30082
27107
35495
23300
27187
35535
11607
24991
33870
4864
36500
25853
20325
660
34436
36696
36851
33904
38620
38904
38905
38906
713
8569
38903
35516
19554
31818
11274
23530
34010
30697
30850
35101
34812
35747
17189
6454
13781
14076
17061
16817
28471
27540
32066
31935
38324
10670
19405
22789
12341
28646
35441
35440
26987
27835
34635
35446
32573
35445
35444
35443
35442
10840
19779
32218
36934
37627
