12671
6511
38707
38708
34225
38709
15424
5777
36404
918
28907
38130
7452
5310
9479
11471
21837
27137
29954
20865
30892
14507
4456
19517
35824
27503
21800
34723
35933
35932
33994
35931
32147
35930
13906
6006
35939
31859
35938
35937
35936
6926
35935
35934
14046
9016
35922
35921
31720
35920
2215
29494
35885
37709
35929
35928
35927
705
4910
35926
35925
35924
35923
19781
28897
26074
34941
26870
34420
31838
12113
13600
32921
21114
14662
18464
33288
37887
32239
4672
22530
29447
9681
14190
30562
26179
5512
32748
37513
38329
19896
38031
22826
22706
8081
29573
189
25371
228
31528
37742
21292
