24134
36123
36122
36121
36120
11228
30389
36128
29424
36127
36126
36125
31198
36124
14971
10378
14061
27938
6246
23456
8780
36119
36118
36117
36116
36115
36114
23330
36113
921
13135
31622
13931
36060
22218
24912
26939
21362
3420
24630
22973
26778
36625
16982
16100
22066
32130
29777
38190
35920
35127
424
2178
15139
10120
4633
32417
11457
38185
38186
38187
38188
38189
28898
29584
29341
33697
958
19306
32801
36723
10610
18223
21474
22689
13618
27691
2478
34256
448
37524
14824
34659
37194
12293
18951
25763
29329
5080
7657
13302
5515
12458
31812
18443
21451
21175
28767
9053
32334
11253
