17201
5782
36483
15662
36244
36243
30381
36242
36241
36240
32720
35952
36249
36248
18819
36247
36246
36245
2706
19901
8783
22768
3893
34171
28581
36239
36519
36238
36237
36236
21273
32718
25070
31609
13463
33907
27740
27587
29082
33910
4869
30007
22900
21011
9017
22068
11616
27993
11056
6930
32418
34714
35802
37010
37011
37012
36440
37013
37014
23124
36162
34786
10858
34421
31551
23919
37015
7637
37002
12120
37003
33323
36717
205
37004
14666
37005
6713
37006
37007
11797
28381
37008
37009
22536
20595
23982
24435
8591
32741
32628
12459
19525
30948
36891
36772
27678
28801
36254
5090
36253
36252
36251
33380
36250
26184
16829
10846
22382
28762
31645
26181
