19786
23768
24935
38780
21388
18253
6038
23563
28215
29826
35954
1699
22150
33772
1453
19909
15149
36800
34824
36328
36801
36802
36793
36794
28822
29878
36230
36271
22249
28188
31101
24260
24382
3201
35343
36795
36796
36797
38777
12640
36798
38778
7408
10422
36799
38779
14546
11237
36439
9683
23628
36780
6972
36024
25520
26017
8791
34281
23986
29804
5282
27263
29166
22093
34247
29248
35015
25001
14830
29042
34847
28270
8089
6223
19210
17197
19057
36651
24563
33261
8361
20526
33303
36616
30675
27152
35886
24364
21295
38511
11975
2736
26060
