23729
9183
27764
470
350
471
20216
351
472
352
473
353
474
354
475
355
476
356
477
27762
357
478
27763
358
479
27760
359
27761
4064
360
361
362
0
363
364
365
366
367
368
369
17855
7344
27744
27745
27742
27743
370
27748
371
27749
372
27746
373
27747
374
375
376
377
378
27740
258
379
27741
259
17033
27755
27756
27753
380
27754
260
381
22741
27759
261
382
262
383
27757
263
384
27758
264
385
265
386
266
387
1369
267
388
268
389
27751
269
27752
27750
15065
27728
27729
20650
27722
27723
390
27720
270
391
27721
271
392
27726
272
393
27727
273
394
27724
274
395
27725
275
396
276
397
277
398
278
399
279
22272
23482
27739
18584
27733
27734
280
27731
281
27732
282
27737
283
27738
284
27735
285
27736
286
287
288
289
27730
601
18901
16498
11361
290
291
292
293
294
295
296
297
298
299
12575
27719
27717
27718
27711
27712
3594
27710
27715
27716
27713
27714
3104
13406
22350
18780
22806
21953
400
401
402
403
404
405
406
407
4337
408
409
410
1632
411
412
413
414
415
416
417
418
419
27118
420
300
421
301
422
302
423
303
424
304
425
305
426
306
427
307
428
308
429
309
430
310
431
311
432
312
433
313
434
314
435
315
436
316
437
317
438
318
439
319
25839
5234
440
320
441
321
442
322
443
323
444
324
445
325
446
326
447
327
448
328
449
329
19481
22653
450
330
451
331
452
332
453
333
454
334
455
335
456
336
457
337
458
338
459
339
19374
27558
460
24603
340
461
341
462
12748
342
463
343
464
344
465
345
466
346
467
347
468
348
469
26464
24166
349
