17202
19623
19942
6553
15663
38741
38587
33130
32042
20416
33014
30660
37016
38501
4644
5535
15302
37017
30506
37018
37458
13965
28172
37019
3712
38626
8388
22922
19117
38451
21274
30290
36151
6481
33963
33887
10625
36718
26443
31187
32911
16968
12129
18229
26617
37350
39179
36385
39178
17100
26412
26577
27865
23147
1239
34007
11849
39018
15006
15963
38842
7934
36545
17943
34769
22307
37020
39166
37021
4880
7873
37022
37023
37024
37025
3431
24367
21856
37705
33227
34798
26387
4477
37026
37027
21095
37028
38799
6778
14521
37029
36579
13757
12304
