25862
36087
33133
2707
2949
5536
19624
10138
35957
14217
37040
37041
37042
7179
17694
26563
33647
30919
37030
37031
37032
37791
18230
37033
37792
37034
37793
37035
37794
37036
37795
28712
25965
30086
2200
14676
37037
37796
37038
37797
32308
37039
37798
37799
37557
31614
21014
22904
7874
29657
33062
7194
26822
5293
29772
15819
13478
14202
35927
12821
3668
949
4890
18457
29867
32482
23920
431
25140
31395
36048
16558
12474
17920
442
34499
31264
36796
37800
1702
22537
15442
34362
21726
32183
20878
690
34404
6729
27143
13148
4424
19526
36546
16418
26346
29615
14528
5808
29457
7427
4438
