37693
29548
33497
29388
29663
6229
19625
32569
17696
38130
6243
38131
38132
38133
25917
38134
38135
37047
38136
35265
25597
32391
25753
15270
32311
27097
34178
25870
35024
38137
38138
38139
8812
30814
15836
20950
6496
12130
15122
22619
7182
30125
12813
30922
38127
38128
3897
38129
937
6020
35243
2459
10645
29897
33067
1928
15137
37250
21983
37251
6033
37252
37253
23927
5102
33295
28812
23125
31553
3437
32366
31678
36568
32767
20026
37240
37241
37242
37243
37244
21472
37245
24503
37246
37247
4897
37248
37249
19317
22538
17346
31927
13309
36300
37357
37239
19800
18713
34406
19527
36133
29579
30274
17913
29173
12468
13315
