21984
18016
38143
7642
37057
22917
35199
35154
3440
20018
23646
34789
13923
26197
30422
24372
29621
29267
37499
33818
6944
7879
36643
1738
18139
24704
37361
21276
9072
28349
3177
35660
2711
685
30011
31067
20619
32671
33804
18624
38164
16972
25929
7465
37310
37311
25004
20039
11647
30565
11802
33275
27145
34364
37312
37313
7417
37314
37315
31656
37316
38923
10633
31779
23759
17236
4883
7676
8368
11097
36970
38356
34231
17072
9891
5094
461
27153
37309
12309
29213
31649
38555
36653
15456
6976
37305
29250
37306
37307
36659
37308
