6233
4453
5543
12471
24256
28259
18251
23569
1931
29782
32641
29423
13489
38545
6746
11069
16435
30309
30429
37459
26390
37043
7215
38532
33164
27698
22245
2713
35746
32237
30058
1189
208
5307
3923
7420
19121
36660
21926
1482
20118
38082
9041
23822
11966
22091
36627
32424
30201
25285
34883
12816
35652
26134
30241
30600
32306
33715
37460
9893
37461
37462
13155
37386
37463
15452
36375
37464
36893
37465
26986
32050
17074
25214
26824
28528
10887
24083
32894
941
3663
13312
37466
38632
37467
38633
37468
38634
14840
37469
12668
21290
33349
