21027
6236
29703
22233
29305
36086
29389
14852
32726
14213
11070
37162
15272
28868
26725
32798
15838
30015
34699
23450
37048
5821
36995
37604
35092
19045
37396
37550
37551
37552
37553
33350
32388
34683
16976
37554
37555
32429
38196
38197
22902
38198
38199
6024
10647
23393
12146
37547
37548
36339
37549
30238
7882
2197
22398
22393
4885
31717
36720
37484
8348
24860
440
34018
960
33165
21195
28260
11081
22779
18830
14353
38200
17583
38201
38202
16091
35294
35051
33831
32226
35332
38203
30207
38204
38205
1716
17589
9459
4167
4442
37060
32454
36937
31521
34235
16701
37224
