37172
37691
37692
37693
37694
20890
37651
37695
37696
2232
25865
22237
29302
32682
37697
33939
37698
8129
36489
37578
37699
18019
34109
9938
11985
24869
20620
4462
11074
18385
37122
6489
20021
38895
32074
35661
18260
9274
241
32158
1464
3444
33166
38731
5546
37600
32518
6759
18469
30610
11633
18626
39010
24516
39011
7466
14354
38487
10393
13340
32020
17382
16094
22412
16291
25527
1711
33279
29004
34200
11487
38844
31336
38846
37220
26621
22100
25930
35362
15292
23710
37705
31200
26065
3907
35244
12344
14687
38238
946
37700
37701
37702
37703
34911
37704
