22712
9661
12473
14057
22915
15265
2199
34340
28337
36727
2469
33973
35631
21819
29741
37213
37697
17209
31956
38666
10893
33738
38821
38822
30424
31876
38747
19434
23339
9276
22406
8342
38377
11075
20948
34176
27857
25592
3204
33167
29553
37885
4656
14703
32634
11479
21842
20114
9045
10150
15685
23708
37750
37751
38323
31094
35493
25920
24514
34886
24196
35455
37752
10395
32828
37753
37754
37678
37755
37756
37757
6727
33757
18960
15130
17355
16862
37344
27798
1490
37749
11976
27198
5807
32135
32452
26662
16305
4159
36774
37746
37747
37748
