23649
16591
23925
21101
22838
24817
16871
37971
34185
22553
23325
1217
26393
36605
38707
32245
35799
28532
29148
38985
38984
2948
4889
28052
36965
37779
31437
9278
6045
19793
15155
38179
28547
35460
23138
240
35865
1500
1465
27455
23054
36795
15830
2718
38085
37790
19122
6530
14079
37354
8632
36188
33393
3183
34525
36705
11968
22098
10398
5118
14356
6728
34801
37780
6982
21376
37781
37782
37783
37784
3475
35001
32097
24326
7193
26946
27636
4160
32013
26189
28883
7426
13477
37785
37786
38237
12661
37787
4678
37788
37789
14527
38639
