6032
36280
21500
23329
38020
38021
38022
38023
38024
38025
37256
38026
24696
33414
29066
38829
29104
34784
36203
38500
34706
36523
13766
36967
8344
8385
19233
26128
26842
39061
29915
3448
25074
26680
27053
34455
28225
24067
26321
35068
4895
36675
38017
18948
38018
38019
34737
33327
38418
19566
37590
39053
21044
32185
20439
23700
39172
30485
32743
35016
26013
218
34609
37632
18755
10157
36701
33437
39120
16460
24926
15134
23718
5135
37145
12142
21938
35363
29899
23071
33268
34115
25891
34158
12663
16426
18727
29053
31569
