3880
3760
3881
4057
3761
3882
3759
3751
3872
7558
3752
3873
3753
3874
17848
3754
3875
3755
3876
3756
3877
3757
3878
3758
3879
14
3890
3770
3891
3771
3892
3772
3893
5950
3762
3883
3763
3884
3764
3885
3765
3886
3766
3887
3767
3888
3768
3889
3769
3780
3781
3782
3783
492
3773
3894
3774
3895
3775
3896
3776
3897
3777
3898
3778
3899
3779
3790
6143
3791
20562
3792
3793
3794
11174
1251
24004
3784
3785
3786
3787
3788
3789
1009
271
3795
15744
3796
3797
3798
3799
24101
25550
3221
10037
2263
3902
3903
3904
3905
3906
3588
3907
3908
3909
747
3900
3901
5420
4573
25987
25989
25988
24657
3913
3914
3915
3916
3917
3918
3919
16910
1619
6866
3910
3911
3912
11351
25994
25993
3495
25996
25995
25998
25997
25999
3803
3924
3804
3925
3805
3926
3806
3927
3807
3928
25990
1982
3808
3929
3809
25992
3003
25991
3920
3800
3921
3801
3922
3802
3923
17422
5685
26016
19162
26015
26018
26017
26019
3814
3935
3815
3936
3816
3937
26010
3817
3938
3818
3939
26012
25165
3819
26011
26014
26013
3930
3810
3931
3811
3932
3812
3933
3813
3934
1767
3825
3946
3826
3947
1523
3827
3948
26021
3828
3949
26020
3829
26023
26022
26024
3940
3820
3941
3821
3942
3822
3943
3823
3944
3824
3945
17761
14133
3715
3836
3716
3837
3717
3838
3718
3839
3719
15907
3950
3830
3951
3831
3832
3833
3834
3714
3835
20146
7776
26005
26004
2087
26007
26006
26009
26008
3726
3847
3727
3848
3728
3849
3729
26001
2631
26000
26003
26002
3840
5226
3720
3841
3721
3842
11552
3722
3843
3723
3844
2759
3724
3845
3725
3846
21684
16773
3860
3737
3858
3738
3859
3739
3850
12057
3730
3851
3731
3852
3732
3853
3733
3854
15209
3734
3855
3735
3856
3736
3857
3870
3750
3871
3748
3869
3749
24162
2531
13839
3740
3861
3741
3862
3742
3863
3743
3864
3744
3865
3745
3866
3746
3867
3747
3868
