8134
8376
18730
27409
39111
5583
39110
9700
38024
39112
33172
22399
20339
21824
36041
24094
29186
28179
34661
10212
38868
12478
37736
18543
37882
20262
37685
39103
38290
38291
20029
20623
38292
35028
723
32638
13773
33846
38283
38360
20433
36381
38284
21125
38285
38088
38286
38166
38287
38288
14990
38289
34484
24871
34240
25764
6250
20952
27549
32666
34964
35613
22170
32344
10911
32983
27465
25486
36224
28872
36421
13621
15840
32903
38964
18953
32865
7474
19138
26949
25333
25652
25698
22985
32577
10689
26020
34553
36819
25298
37665
6735
