37052
38185
38383
38781
38421
32284
17085
23642
35592
23643
33610
34346
30781
32241
16437
10890
13327
12159
36767
23934
13170
21993
37167
21032
20428
27413
34293
3924
34897
28103
34211
35982
10187
21030
38336
6514
38019
10663
32316
12490
15680
38680
38681
38682
23706
38683
38684
38685
8357
37036
23463
35492
25689
37914
35457
35137
30242
30285
38687
7458
5832
7219
19927
31815
34209
5836
7671
22624
36092
38354
38234
38598
25015
22784
22786
30672
34478
2214
30473
227
38599
38676
36378
38677
16303
38678
38679
32898
37868
16988
