16197
38460
20530
38661
18133
22475
23202
35350
20614
29905
9064
31630
30782
26199
1210
33210
15986
32849
31959
37139
27040
30866
16438
10181
21994
5111
37121
38695
38696
38697
28305
29910
33040
22247
24380
28187
31104
29710
34136
10660
38533
38698
38699
14861
32319
13776
31789
18553
4671
8116
37398
38961
37278
38960
1484
3464
20954
9680
27461
25482
36948
30680
33278
13949
35531
11485
37994
38962
14994
27260
18842
7677
5576
8126
37861
24324
27314
20524
10888
34437
27155
36654
7669
11651
7903
16309
30314
