17489
20893
21300
17241
34066
35550
20535
31036
33611
27366
2224
24650
31991
35553
712
15984
38821
33976
38705
20346
38371
38890
15150
38253
38891
37124
26401
28308
29517
37729
10669
2236
24141
34410
17935
30218
16204
15158
37647
32711
39054
37592
38880
19441
38045
8634
18551
38124
27106
25289
36707
25484
28598
36028
35498
23066
28278
38885
4467
38886
14553
38887
30968
38888
38889
37878
7233
37066
19132
38871
8125
9930
36695
21933
31841
31565
37906
31440
6975
10681
36730
33948
38636
31600
37625
15856
