3880
3760
3881
3761
3882
3759
24130
3751
3872
3752
3873
3753
3874
3754
3875
3755
3876
3756
3877
3757
3878
3758
3879
14
3890
3770
3891
3771
3892
3772
3893
25919
35943
3762
3883
3763
3884
3764
3885
3765
3886
3766
3887
3767
3888
3768
3889
3769
34735
36460
3780
3781
3782
3783
23388
492
25684
3773
3894
3774
3895
3775
3896
33518
3776
3897
3777
3898
3778
3899
3779
17701
3790
3791
3792
9899
3793
3794
1251
31201
3784
3785
3786
35807
3787
36336
3788
3789
1009
28810
271
3795
3796
3797
3798
3799
37088
31780
10394
3221
21725
37740
2263
3902
3903
3904
3905
3906
3907
35202
3908
3909
37741
37742
747
37743
37744
37745
3900
3901
3913
37738
3914
37739
3915
3916
3917
3918
3919
19629
36400
2947
3910
37735
3911
37736
3912
8805
37737
37044
3495
3803
3924
3804
3925
3805
3926
3806
3927
3807
3928
1982
3808
3929
27499
3809
3003
3920
3800
3921
3801
3922
10149
3802
3923
3814
3935
3815
3936
3816
3937
3817
3938
3818
3939
3819
3930
3810
3931
3811
3932
3812
3933
3813
3934
15129
22903
34550
1767
3825
3946
3826
3947
1523
3827
3948
3828
3949
3829
3940
3820
3941
3821
3942
3822
3943
3823
3944
3824
3945
35406
3715
3836
3716
3837
35998
3717
3838
3718
3839
3719
3950
3830
3951
3831
3832
3833
3834
3714
3835
9275
3726
3847
3727
3848
3728
3849
3729
3840
3720
3841
3721
3842
3722
3843
3723
3844
2759
3724
3845
3725
3846
37471
15441
3860
9044
3737
3858
3738
3859
3739
3850
3730
3851
3731
3852
14355
3732
3853
3733
3854
3734
3855
3735
3856
3736
3857
32228
3870
17077
3750
3871
23633
3748
3869
3749
2531
3740
3861
3741
3862
3742
3863
3743
3864
3744
3865
3745
3866
3746
3867
3747
3868
