3993
3994
3995
3996
3997
3998
3999
1590
816
18484
1010
1252
2334
11702
10737
6840
3222
6606
18567
4200
4201
2264
10964
8910
748
5648
4210
4211
10493
4212
4202
4203
4204
4205
4206
4207
4208
4209
4220
4100
4221
4101
4222
4102
3496
3004
4213
4214
4215
4216
4217
10268
4218
4219
20038
20037
20036
20035
4110
20034
4111
20033
4112
20032
4113
20031
20039
2049
4103
20030
4104
4105
4106
4107
4108
12899
4109
4120
4000
4121
4001
4122
20044
4002
4123
20043
4003
4124
20042
4114
20041
4115
7744
20040
4116
4117
4118
4119
20016
20015
4130
20014
4010
4131
20013
4011
4132
20012
4012
4133
20011
4013
4134
20010
4014
4135
20019
20018
20017
4004
4125
4005
4126
4006
4127
4007
4128
4008
4129
4009
20027
4140
20026
4020
4141
20025
4021
4142
20024
4022
4143
20023
4144
4023
20022
4145
4024
20021
4146
4025
20020
20029
20028
563
4015
4136
4016
4137
4017
4138
4018
4139
4019
4150
4151
4030
4152
4031
4153
4032
4154
4033
4155
4034
4156
4035
4157
4036
4147
4026
4148
4027
4149
4028
4029
4161
4040
20005
4162
4041
20004
4163
4042
20003
4164
4043
20002
4165
4044
20001
4166
4045
20000
4167
4046
4168
4047
20009
20008
20007
4160
20006
4158
4037
4159
4038
7304
4039
4172
4051
4173
4052
4294
4174
4053
4175
4054
4176
4055
4177
4056
4178
4057
4179
4058
6114
4170
4171
4050
4169
4048
4049
14578
4183
4062
4184
4063
4185
4064
4186
4065
15
4187
4066
4188
4067
9756
4189
4068
13372
4069
4180
4181
4060
4182
4061
4059
4194
4073
4195
4074
4196
4075
4197
4076
4198
4077
4199
4078
4079
4190
4191
4070
493
4192
4071
4193
4072
16610
4084
8442
4085
4086
4087
4088
12384
4089
4080
4081
4082
4083
12025
4095
4096
4097
4098
4099
4090
4091
272
4092
4093
4094
13211
19984
19983
19986
19985
19980
19982
19981
94
19988
19987
2824
19989
19995
19994
7054
19997
19996
19991
19990
19993
19992
1983
19999
19998
14272
19962
19961
19964
19963
19960
2601
19969
19966
19965
19968
19967
19973
19972
19975
19974
19971
9137
19970
1524
19977
19976
19979
1768
19978
3957
3958
3959
19948
19947
3952
19949
3953
19944
3954
19943
3955
19946
3714
3956
19945
19951
19950
19953
19952
3970
2760
3968
3969
3960
19959
3961
19958
3962
3963
3964
19955
3965
19954
3966
19957
3967
19956
16895
3980
3981
8195
3979
3971
3972
15325
3973
3974
3975
3976
3977
3978
3990
3991
3992
1327
2532
3982
3983
3984
3985
3986
3987
3988
3989
