21424
21423
21422
21421
21420
18491
21429
21428
21427
21426
21425
4606
4607
4608
4609
4600
4601
4602
4603
4604
4605
21435
21434
21433
21432
6121
21431
21430
17
20901
21439
21438
21437
21436
4617
4618
4619
4610
4611
4612
4613
4614
4615
4616
21402
21401
21400
4630
21409
21408
21407
21406
21405
21404
21403
495
4507
4628
4508
4629
4509
4620
15887
4500
4621
4501
4622
4502
4623
4503
4624
4504
4625
4505
4626
4506
4627
21413
21412
21411
19457
21410
3793
4640
4520
4641
21419
21418
21417
21416
21415
21414
4518
4639
4519
822
4510
4631
4511
4632
4512
4633
4513
4634
4514
4635
4515
4636
4516
4637
4517
4638
21501
21500
4650
15189
17120
4530
4651
4531
4652
274
4529
1012
1254
4521
4642
4522
4643
4523
4644
4524
4645
4525
4646
4526
4647
4527
4648
4528
4649
4660
4540
4661
4541
4662
4542
4663
11152
10747
4532
4653
4533
4654
4534
4655
4535
4656
4536
4657
13217
4537
4658
4538
4659
4539
4670
4550
4671
4672
4551
14750
4673
4552
6610
4674
4553
1833
4543
4664
4544
4665
4303
4545
4666
4546
4667
10276
4547
4668
4548
4669
6846
4549
4680
4681
4560
8001
4682
4561
4683
4562
4684
4563
4685
4564
12902
3224
4675
4554
4676
4555
4677
4556
4678
4557
4679
4558
4559
4690
4691
4570
4692
4571
4572
4573
4574
4575
20734
750
2266
4686
4565
4687
4566
4688
4567
4689
4568
5657
4569
15032
4580
4581
4582
21399
4583
21398
4584
4585
4223
4586
1985
2830
3006
4576
4577
4578
4579
4590
4591
21489
4592
21488
4593
21487
4594
14276
21486
4595
21485
4596
21484
4597
21483
1085
11328
3498
4587
21482
4588
21481
4589
15489
21480
4480
4481
4482
20047
21499
4483
21498
4484
21497
4485
21496
4486
21495
4487
21494
1770
20968
2058
4598
19739
21493
4478
4599
21492
4479
21491
21490
7749
1526
4491
21468
4492
9147
21467
4493
21466
4494
21465
4495
21464
4496
21463
4497
21462
4498
21461
4490
21469
3716
4488
21460
4489
3953
21479
21478
21477
21476
21475
21474
21473
21472
4499
21471
21470
21446
4030
21445
21444
21443
21442
21441
21440
21449
21448
21447
2762
13820
21457
21456
21455
21454
21453
7311
21452
21451
21450
18160
21459
340
21458
2534
