5140
5261
5141
5262
5142
5263
5143
5264
5144
5265
5145
5266
5146
5267
5147
5268
26317
5260
28053
29149
5137
5258
5138
5259
5139
17606
36368
5151
5272
5152
5273
5153
5274
5154
5275
5155
5276
5156
5277
24707
5157
5278
5158
5279
5270
5150
5271
246
5148
5269
5149
29272
20
5162
5283
5163
5284
5164
5285
5165
5286
5166
5287
5167
5288
19440
5168
5289
17385
5169
5280
5160
5281
5161
5282
498
28277
5159
5173
5294
5174
5295
5175
5296
5176
5297
5177
5298
5178
5299
39046
5179
5290
5170
5291
5171
5292
5172
5293
38513
5184
6274
5185
5186
5187
5188
17240
5189
35473
5180
5181
5182
5183
277
1015
1257
5195
5196
5197
5198
5199
5190
5191
5192
5193
5194
17938
36434
29350
33718
3227
15853
4694
5300
5301
2269
753
4202
5310
5311
5312
36075
3009
5302
5303
5304
5305
5306
5307
5308
1988
5309
16450
5320
5200
5321
5201
5322
5202
5323
14717
33477
3938
5313
5314
4226
5315
5316
5317
5318
5319
4480
24649
5330
5210
5331
5211
5212
5213
22101
5203
5324
5204
5325
5205
5326
5206
5327
1529
5207
5328
5208
5329
5209
8838
34438
5220
5221
5222
5223
5224
35076
33213
3719
1773
5214
5215
5216
5217
5218
5219
3956
22328
5230
5231
5232
5233
5234
5235
5225
5226
5227
4931
5228
5229
5240
5241
5242
5243
5244
20352
5245
5246
2765
26454
5236
5237
5238
5239
10434
5250
20126
5251
5252
5253
5254
5255
5256
5257
2537
3501
31362
469
5247
5248
5249
