5140
5261
5141
5262
5142
5263
5143
5264
5144
5265
5145
5266
5146
5267
5147
5268
5260
5137
5258
5138
5259
16997
5139
30028
5151
5272
5152
5273
5153
5274
5154
5275
5155
5276
5156
5277
5157
5278
16882
5158
5279
5270
5150
5271
29715
5148
5269
5149
37449
20
5162
5283
5163
5284
5164
5285
9089
5165
5286
5166
5287
5167
5288
5168
5289
5169
5280
5160
5281
5161
5282
498
5159
30249
5173
5294
5174
5295
5175
5296
5176
5297
5177
5298
5178
5299
5179
5290
5170
5291
5171
5292
5172
5293
38877
33503
30910
5184
5185
5186
5187
5188
5189
12350
25543
34142
5180
5181
5182
5183
277
1015
1257
29589
35917
5195
5196
5197
5198
5199
36673
5190
5191
5192
5193
5194
27052
38616
2246
39124
3227
38710
4694
5300
5301
39114
2269
753
31759
5310
12682
5311
5312
36196
3009
5302
5303
5304
5305
5306
5307
5308
1988
5309
5320
5200
5321
5201
5322
5202
5323
30641
28673
5313
5314
4226
5315
5316
5317
5318
5319
4480
5330
5210
5331
5211
5212
5213
5203
5324
5204
5325
5205
5326
5206
5327
1529
5207
5328
5208
5329
5209
5220
5221
5222
5223
5224
2991
3719
1773
5214
5215
10692
5216
5217
8845
5218
5219
3956
5230
5231
5232
5233
5234
5235
30971
5225
5226
5227
4931
5228
5229
30612
5240
5241
5242
5243
5244
5245
38443
5246
2765
27420
5236
5237
5238
5239
37910
5250
5251
5252
5253
5254
5255
5256
5257
2537
31245
12506
3501
33663
5247
5248
5249
10442
