4729
11506
3993
3754
2307
11857
6810
4516
1016
1258
5510
5508
5509
5500
5501
5502
5503
5504
5505
5506
5507
5520
5400
5521
5519
5511
5512
5513
5514
5515
5516
5517
5518
5891
5530
5410
5531
5411
5532
1295
5409
3228
5401
5522
5402
5523
5403
5524
5404
5525
5405
5526
5406
5527
5407
5528
5408
5529
5540
5420
5541
4695
5421
5542
5422
5543
2270
13529
13648
13527
13528
754
5412
5533
13642
13521
5413
5534
13643
13522
5414
5535
13640
5415
5536
13641
13520
5416
5537
13646
13525
5417
5538
13647
13526
5418
5539
13644
13523
5419
13645
13524
5550
5430
5551
5431
5552
5432
5553
5433
5554
3010
11118
13538
13539
5423
5544
13532
5424
5545
13533
5425
5546
13530
5426
5547
13531
5427
5548
13536
5428
5549
13537
5429
13534
13535
5560
5440
5561
5441
5562
5442
5563
5443
5564
5444
5565
13628
13629
13626
13627
536
5434
5555
13620
5435
5556
13621
5436
5557
4227
5437
5558
5438
5559
13624
5439
13625
13622
13623
4481
5570
5450
5571
5451
5572
5452
5573
5332
5453
5574
5333
5454
5575
5334
5455
5576
13639
13518
13519
13637
13516
13638
13517
789
5445
5566
13631
5446
5567
13632
5447
5568
5448
5569
13630
5449
13635
13514
13636
13515
13633
13512
13634
13513
5580
5460
5581
5340
5461
5582
5341
5462
5583
5342
5463
5584
5343
5464
5585
5344
5465
5586
5345
5466
5587
3043
13606
10459
13607
13604
311
13605
13608
13609
5335
5456
5577
5336
5457
5578
5337
5458
5579
5338
5459
5339
13602
12876
13603
13600
13601
5470
5591
4261
5350
5471
5592
5351
5472
5593
5352
5473
5353
5474
5354
5475
5355
5476
5356
5477
5590
13617
13618
11679
13615
13616
13619
5346
5467
5588
5347
5468
5589
13610
5348
5469
5349
13613
13614
13611
13612
5360
5481
5361
5482
5362
5483
5363
5484
5364
5485
8875
5365
5486
5366
5487
5367
5488
5480
5357
5478
5358
5479
5359
5371
5492
6582
5372
5493
9972
5373
5494
5374
5495
5375
5496
5376
5497
5377
5498
5378
5499
5490
5370
5491
5368
5489
5369
9725
5382
5383
5384
5385
5386
5387
5388
8411
5389
5380
5381
5137
5379
5393
8662
5394
5395
5396
5397
5398
5399
5390
5391
5392
21
13580
13583
13584
13581
13582
499
13587
13588
13585
13586
13589
13590
13591
13594
13595
13592
13593
5172
13598
13599
13596
13597
11299
13561
13562
13560
278
13565
13566
13563
13564
13569
13567
13568
57
13572
13573
13570
13571
12361
13576
13577
12001
13574
13575
13578
13579
12692
13540
2800
13549
13543
13544
13541
13542
13547
13548
13545
13546
13550
13551
9336
7272
13554
13555
13552
13553
13558
13559
13556
13557
1989
6091
8166
13191
3957
1774
1530
3720
4932
2766
12184
1566
3502
2538
