5382
5383
36480
5384
5385
5386
5387
5388
5389
5380
5381
27400
5137
5379
6469
5393
5394
5395
36470
5396
36471
5397
36472
5398
36473
5399
8785
36474
36475
5390
5391
5392
36476
36477
3885
36478
36479
21
30810
14671
34844
499
36465
36466
36467
36468
36469
24362
27630
36214
11058
278
1016
1258
28378
10852
5510
5508
5509
5500
5501
5502
5503
5504
5505
5506
5507
5520
5400
5521
5519
5511
5512
5513
5514
5515
14515
5516
5517
5518
5530
5410
5531
5411
5532
5409
29694
3228
5401
5522
5402
5523
5403
5524
5404
5525
32738
5405
5526
5406
5527
5407
5528
2934
5408
5529
25748
5540
5420
5541
4695
5421
5542
5422
5543
2270
25066
754
5412
5533
17329
5413
5534
5414
5535
5415
5536
5416
5537
5417
5538
5418
5539
5419
5550
5430
5551
5431
5552
5432
5553
5433
5554
17573
7170
3010
35543
5423
5544
5424
5545
5425
5546
5426
5547
5427
5548
27490
5428
5549
1989
5429
5560
5440
5561
5441
5562
5442
5563
5443
5564
5444
5565
21806
32820
5434
5555
5435
5556
5436
5557
4227
5437
5558
5438
5559
5439
4481
5570
5450
5571
5451
5572
5452
5573
5332
5453
5574
5333
5454
5575
5334
5455
5576
26383
35523
27353
5445
5566
5446
5567
5447
5568
5448
5569
5449
5580
5460
5581
5340
5461
5582
5341
5462
5583
5342
5463
5584
5343
5464
5585
5344
5465
5586
5345
5466
5587
24854
3957
1774
28653
1530
5335
5456
5577
5336
5457
5578
5337
5458
5579
5338
5459
5339
11424
5470
5591
5350
5471
5592
5351
5472
5593
5352
5473
5353
5474
5354
5475
5355
5476
5356
5477
5590
26121
30052
5346
5467
5588
5347
5468
5589
3720
5348
5469
5349
4932
35506
5360
5481
5361
5482
13140
5362
5483
5363
5484
5364
5485
5365
5486
5366
5487
5367
5488
5480
2766
5357
5478
5358
5479
5359
5371
5492
5372
5493
5373
5494
5374
5495
5375
5496
30949
5376
5497
5377
5498
5378
5499
30271
34193
5490
5370
5491
3502
5368
5489
5369
2538
