5937
2305
5938
5939
11505
5930
3753
5931
5932
5933
5934
5935
5936
5950
3530
5948
11999
5949
2798
5940
5941
5942
5943
5944
5945
5946
5947
5960
5961
2573
5959
5951
5952
5953
5954
5955
5956
5957
5958
5970
5971
5972
11856
5962
5963
5964
5965
5966
4515
5967
5968
5969
5980
5860
5981
5861
5982
5862
5983
1260
1018
5973
5974
5975
5976
5977
5978
5979
5990
5870
5991
5871
5992
5872
5993
5873
5994
5863
5984
5864
5985
5865
5986
5866
5987
5867
5988
5626
5868
5989
5869
5880
5881
5882
5883
5884
10712
5874
5995
5875
5996
5876
5997
5877
5998
5878
5999
5879
5890
5891
5892
5893
5894
5895
2023
1294
3230
1050
501
5885
5886
5887
5888
5889
2272
756
5896
5897
5898
5899
7957
7717
3012
4697
3263
10238
534
4229
4483
7510
5333
788
10458
12515
5594
4259
6317
8873
8410
13242
13243
13240
13241
13246
13247
5139
13244
13245
13248
13249
13250
6001
6000
6003
13253
6002
13254
6005
13251
6004
13252
13257
13258
13255
13256
13259
6010
23
6012
6011
6014
13341
13220
6013
13342
13221
6016
6015
13340
6007
13345
13224
6006
13346
13225
6009
13343
13222
6008
13344
13223
13349
13228
13229
13347
13226
13348
13227
6021
6020
6023
6022
6025
13352
13231
6024
13232
6027
13350
6026
13351
13230
5170
6018
11298
13235
6017
13236
9526
13233
6019
13234
13239
13237
13238
6032
6031
6034
6033
6036
6035
13320
6038
6037
6030
13329
13208
13209
6029
13323
13202
6028
13324
13203
13321
13200
13322
13201
13327
12359
13206
13328
13207
13325
13204
13326
13205
55
6043
6042
6045
6044
6047
13330
6046
13331
13210
6049
6048
280
6041
6040
13219
13334
13213
6039
13335
13214
13332
13211
13333
13212
13338
13217
13339
13218
13336
13215
13337
13216
6054
7022
6053
6056
6055
6058
6057
12691
6050
6052
6051
13309
13307
13308
13301
13302
13300
13305
13306
13303
13304
9334
13318
13319
13312
13313
13310
13311
13316
13317
13314
13315
10937
6090
1991
13194
13195
13192
13193
13198
13199
13196
13197
13191
13282
13283
13280
13281
13286
13287
13284
13285
1776
3959
1532
13288
13289
13293
13294
13291
13292
13297
13298
13295
13296
13290
5904
5905
5906
5907
5908
5909
13299
3722
5900
5901
4934
5902
5903
13260
13261
13022
13264
13265
13262
13263
2768
5915
5916
5917
5918
5919
13268
13269
13266
5910
13267
5911
5912
5913
5914
13271
13272
13270
13275
13276
3991
13273
13274
2540
5926
3504
5927
5928
5929
13279
5920
13277
5921
13278
5922
5923
5924
5925
