18930
5937
5938
5939
18939
18935
5930
18936
5139
5931
18937
5932
18938
5933
18931
5934
18932
5935
18933
5936
18934
13370
6001
18940
6000
18941
6003
6002
6005
5950
6004
5948
5949
13813
1586
5940
18946
5941
18947
5942
18948
5943
18949
5944
15319
18942
5945
18943
5946
18944
5947
18945
6010
23
6012
6011
6014
6013
5960
6016
5961
6015
5959
17949
18917
18918
18919
5951
6007
18913
5952
6006
18914
5953
6009
18915
5954
6008
18916
4987
5955
5956
18910
5957
18911
5958
18912
6021
6020
6023
6022
8683
6025
5970
6024
5971
6027
5972
6026
18928
18929
5962
6018
18924
5963
6017
18925
5964
18926
5965
6019
18927
5966
18920
5967
18921
5968
18922
5969
18923
6032
6031
6034
6033
5980
6036
5860
5981
6035
14893
5861
5982
6038
5862
5983
6037
1260
6030
15180
1018
5973
6029
5974
6028
5975
5976
5977
5978
5979
13205
6043
6042
17256
6045
5990
6044
5870
5991
6047
5871
5992
6046
5872
5993
6049
5873
5994
6048
280
6041
6040
16607
18906
18907
18908
18909
5863
5984
18902
5864
5985
6039
18903
5865
5986
6834
18904
5866
5987
18905
5867
5988
5868
5989
5869
18900
18901
6054
6053
6056
5880
6055
5881
6058
5882
6057
5883
5884
6050
6052
6051
10958
5874
5995
5875
5996
6600
5876
5997
5877
5998
5878
5999
5879
8903
17107
5890
5891
5892
5893
5894
5895
3230
501
5885
2819
5886
5887
5888
5889
11138
18894
18895
18896
18897
18890
18891
18892
18893
2272
13527
756
5896
5897
5898
5899
18898
18899
3012
13659
4697
10265
14746
12204
15481
7741
9361
12537
1991
12894
18876
4229
18877
18878
18879
18883
18884
18885
4483
18886
18880
5333
18881
18882
10002
18887
18888
18889
18971
18972
18973
18970
1776
3959
1532
5594
5904
5905
5906
5907
5908
5909
4017
3722
5900
5901
4934
5902
5903
18950
18951
18952
18152
8191
2768
5915
5916
5917
5918
5919
18957
17747
18958
18959
5910
17508
5911
18953
5912
18954
5913
18955
5914
18956
18960
18961
18962
18963
6343
4289
2540
18041
5926
3504
5927
5928
5929
1322
18968
18969
5920
5921
5922
18964
5923
18965
5924
18966
5925
18967
