22877
29709
29708
29703
29702
29701
29700
590
29707
591
29706
592
29705
593
29704
23602
594
595
596
597
598
22194
599
11743
29714
29713
29712
29711
26325
480
481
482
483
29715
484
1
485
486
487
488
29710
489
13256
7582
28952
490
491
492
493
494
495
496
497
498
499
258
5710
15764
22745
700
701
702
703
704
705
706
707
708
709
710
711
712
21064
713
714
715
716
717
718
719
20306
27173
15518
720
2114
600
721
601
722
602
723
603
724
604
725
605
726
606
727
607
728
12247
608
729
609
16372
29689
22810
29684
730
29688
610
731
29687
611
732
29686
612
733
29685
613
734
614
735
615
616
617
618
619
22945
3111
29695
29694
29693
29692
620
29699
500
621
29698
501
622
29697
502
623
29696
503
624
504
625
505
626
506
627
507
628
29691
508
629
29690
509
630
510
631
511
632
512
633
513
634
514
635
515
636
516
637
517
638
518
639
519
29558
20989
8260
640
520
641
521
642
522
643
523
644
524
645
525
646
526
647
527
648
528
649
529
20156
650
530
651
531
652
532
653
533
654
534
655
535
656
536
657
537
658
538
659
539
8964
660
540
661
541
662
28680
542
663
543
664
544
665
545
666
546
667
547
668
548
669
5446
549
25946
15223
8730
670
550
671
551
672
552
673
14935
553
674
554
675
555
676
556
677
557
678
558
679
559
9816
25717
23892
680
560
681
561
682
562
683
563
684
564
685
565
686
566
687
567
688
2872
568
689
569
20475
19002
690
570
691
571
692
572
693
573
694
574
695
575
696
576
697
577
698
578
699
579
580
581
582
583
584
585
10329
586
587
588
589
