6593
6592
5142
6595
16196
6594
6597
6596
6599
6598
9061
6591
6590
31236
10416
2543
6589
7450
27412
13936
26
6257
29806
38074
22989
38198
3683
5862
1021
1263
6708
6707
6709
6700
6702
6701
38503
6704
6703
6706
6705
6289
6720
283
38293
6719
6718
6711
6710
6713
6712
6715
6714
6717
6716
6610
6731
6730
3462
6609
6608
6729
6601
6722
6600
6721
6603
6724
6602
6723
6605
6726
6604
6725
6607
6728
38605
6606
6727
38606
38151
6740
6621
6742
6620
6741
3233
24321
6060
16709
6619
30670
6612
6733
504
6611
6732
6614
6735
6613
6734
6616
6737
6615
6736
6618
6739
6617
6738
6630
6751
6750
6632
6753
6631
6752
2275
6623
6744
6622
6743
6625
6746
38029
759
6624
6745
6627
6748
6626
6747
6629
6628
6749
6760
6641
6762
38012
6640
6761
6643
6764
6642
6763
34451
6634
6755
6633
6754
6636
6757
6635
6756
6638
6759
6637
6758
6639
6650
6771
6770
6652
6773
4232
6651
6772
6654
6775
6653
6774
21925
1994
3015
26498
6645
6766
6644
6765
6647
6768
6646
6767
6649
37833
6648
6769
2968
26827
6661
6660
6663
6662
4486
6665
6664
36172
6656
6777
6655
6776
6658
6779
6657
6778
12667
6659
6670
6672
6671
6674
6673
6555
6676
6554
6675
1535
6667
5336
6666
6669
6668
1779
6560
6681
6680
6562
6683
6561
6682
6564
6685
38452
6563
6684
5597
6566
6687
6565
6686
24863
4937
33440
6557
6678
6556
6677
3962
6559
6558
6679
5108
3725
6571
6692
6570
6691
6573
6694
6572
6693
6575
6696
6574
6695
6577
6698
6576
6697
2771
6690
454
35851
6568
6689
19926
6567
6688
4700
6569
6582
6581
6584
6583
6586
6585
6588
6587
6580
33300
25012
6579
6578
6699
3507
