6906
6905
6908
6907
2544
6909
2784
6900
6902
6901
6904
6903
6917
6916
6919
2556
6918
3520
6911
6910
6913
6912
6915
6914
6807
6928
6806
6927
6809
6808
6929
6920
6801
6922
6800
6921
6803
6924
6802
6923
6805
6926
6804
6925
6940
6818
6939
6817
6938
6819
6810
6931
6930
6812
6933
6811
6932
6814
6935
6813
6934
6816
6937
6815
6936
6830
6951
6950
1022
1264
6829
6828
6949
5610
6821
6942
6820
6941
6823
6944
6822
6943
6825
6946
6824
6945
6827
6948
6826
6947
6960
6841
6962
6840
6961
6839
5863
6832
6953
6831
6952
6834
6955
6833
6954
6836
6957
6835
6956
6838
6959
6837
6958
6850
6971
6970
6852
6973
7941
6851
6972
2007
1034
1276
6843
6964
5875
6842
6963
6845
6966
6844
6965
6847
6968
6846
6967
6849
6848
6969
6980
6861
6982
6860
6981
6863
6984
6862
6983
6854
6975
6853
6974
7700
505
6856
6977
6855
6976
6858
6979
6857
6978
6859
6870
6991
6990
6872
6993
6871
6992
6874
6995
6873
6994
2276
3234
6865
6986
6864
6985
6867
6988
517
6866
6987
6869
6868
6989
6881
6880
6883
6882
6885
6884
760
3246
6876
6875
6996
6878
6877
6879
6890
6892
6891
6894
6893
4233
6896
6895
772
3016
2288
6887
6886
6889
6888
6780
6782
6781
6784
6783
6302
6786
4245
4487
6785
3028
6898
6897
6899
6791
6790
6793
6792
6795
9700
6794
9701
6797
6554
6796
6788
6787
5337
6789
6566
5598
4499
6799
9704
6798
9705
9702
5349
8856
9703
9706
9707
9601
9602
9600
9612
9613
9610
9611
9605
9606
9603
9604
9609
9607
9608
9620
5143
9623
9624
9621
9622
9616
8648
9617
9614
9615
9618
9619
9630
9631
5155
9513
9634
9514
9635
9632
9512
9633
9627
9628
9625
9626
9629
9520
9641
9521
9642
9640
9524
9645
27
9525
9646
9522
9643
9523
9644
9517
9638
9518
9639
9515
9636
9516
9637
9519
9531
9652
9532
9653
9650
9530
9651
9535
9656
9536
9657
39
9533
9654
9534
9655
9528
9649
9529
9526
9647
9527
9648
9542
9663
9543
9664
9540
9661
9541
9662
9546
9667
9547
9668
9544
9665
9545
9666
9660
9539
9537
9658
9538
9659
7495
9553
9674
9554
9675
9551
9672
7254
9552
9673
9557
9678
9558
9679
9555
9676
9556
9677
9670
9550
9671
284
7007
9548
9669
9549
9564
9685
9565
9686
9320
9562
9683
9563
9684
9568
9689
9569
9566
9687
9567
9688
6290
9560
9681
9561
9682
296
9680
9559
9575
9696
9576
9697
9573
9694
9574
9695
9579
9577
9698
9578
9699
6061
9571
9692
9572
9693
9690
9570
9691
9586
9587
9584
9100
9585
9588
9589
9582
9583
9580
6073
9581
9597
9598
9595
9596
9599
8148
9590
9593
9594
9591
9592
8393
1995
1780
1536
1792
3726
4938
3963
1548
3738
3975
4701
2772
4950
3508
4713
