20455
5143
6906
111
6905
6908
6907
2544
6909
6900
6902
6901
17843
6904
6903
24825
24827
24826
24829
24828
6917
6916
6919
6918
6911
6910
6913
6912
6915
6914
17024
20555
22734
27
24597
6807
6928
6806
6927
6809
6808
6929
1113
6920
6801
6922
6800
6921
6803
6924
6802
6923
6805
6926
6804
6925
6940
23831
6818
6939
6817
6938
6819
6810
6931
6930
6812
6933
6811
6932
6814
6935
10521
6813
6934
6816
6937
10765
6815
6936
16625
6830
6951
6950
1022
1264
21507
9780
6829
6828
6949
6821
6942
6820
6941
10296
6823
6944
6822
6943
6825
6946
6824
6945
6827
6948
6826
6947
6960
6841
6962
6840
6961
284
6839
10986
5863
6832
6953
6831
6952
6834
6955
6833
6954
6836
6957
6835
6956
6838
6959
6837
6958
6850
6971
6970
6852
6973
6851
6972
6290
6843
6964
6842
6963
6845
6966
6844
6965
6847
6968
6846
6967
6849
6848
6969
6980
6861
6982
6860
6981
4321
6863
6984
6862
6983
6061
6854
6975
6853
6974
14765
505
6856
6977
6855
6976
6858
6979
1847
6857
6978
6859
18895
6870
6991
6990
6872
6993
6871
6992
6874
6995
6873
6994
2276
24655
3234
6865
6986
6864
6985
6867
6988
6866
6987
6869
6868
6989
19747
6881
18665
6880
6883
6882
6885
6884
760
6876
6875
6996
6878
6877
6879
10027
6890
6892
6891
6894
6893
4233
6896
6895
24872
24871
24874
24873
24875
1995
3016
24870
6887
6886
6889
6888
3811
6780
6782
6781
6784
6783
6786
14285
4487
6785
6898
6897
6899
6791
24858
6790
24857
6793
17642
6792
24859
6795
18054
6794
6797
6554
6796
24850
1780
24852
18173
24851
24854
24853
24856
24855
1536
2624
11547
6788
6787
5337
6789
15902
15349
24869
24868
5598
24861
24860
24863
24862
24865
24864
24867
24866
3726
4938
6799
6798
3963
24836
24835
24714
24838
24837
21321
24839
24830
24832
9164
24831
24834
24833
15203
4701
24847
24846
24849
24848
24841
24840
24843
24842
24845
24844
23076
2772
3508
14129
