12713
2545
19687
19686
19689
19567
19688
19683
4991
19682
19685
19684
19681
19680
19698
19697
19699
18483
19694
19693
19696
19454
19695
19690
19692
19691
19665
15185
19664
19667
19666
19661
19660
19663
19662
19669
19668
19676
19675
19678
17258
19677
19672
19671
19674
19673
19670
1023
1265
5864
19679
6838
8907
19647
19649
19648
19654
19653
19656
19655
19650
19652
19651
506
19658
19657
19659
10490
3235
1075
19076
12208
761
2277
6997
6999
13530
6998
7743
4234
3017
2048
12897
6780
7990
6555
4488
5338
18278
7301
5599
3072
7200
5144
7202
6112
7201
7204
7203
7211
7210
7213
7212
7215
7214
7206
7205
7208
7207
7209
7220
7222
7101
7221
7100
7224
7103
7223
7102
28
7226
7105
7225
7104
7217
7216
17825
7219
7218
7231
7110
7230
7233
7112
8440
7232
7111
7235
7114
7234
7113
7237
7116
8686
7236
7115
7228
7107
16745
12024
7227
7106
7109
7229
7108
7000
7242
7121
7241
7120
7002
7244
7123
7001
7243
7122
7004
7125
7003
7124
7006
7127
7005
7126
7240
13209
7239
7118
14896
7238
7117
7119
7011
7132
7010
7131
7013
7134
9551
7012
7133
7015
7136
7014
7135
7017
7138
7016
7137
7130
285
7008
7129
7007
7128
7009
7022
7143
7021
7142
7024
7145
7023
7144
7026
7147
7025
7146
7028
7149
7027
7148
6291
7020
7141
7140
7019
7018
7139
7033
7154
7032
7153
7035
7156
7034
7155
7037
7158
7036
7157
7039
7038
7159
7150
7031
7152
6062
7030
7151
7029
7044
7165
7043
7164
7046
7167
7045
7166
7048
7169
7047
7168
7049
7040
7161
7160
7042
7163
7041
7162
2822
91
15027
7176
7055
7175
7054
7178
7057
7177
7056
7059
7179
7058
7170
7172
7051
7050
7171
7174
7053
7173
7052
16008
7187
7066
19720
7186
7065
7189
7068
19722
7188
7067
19721
7069
16331
7181
7060
7180
7183
7062
7182
7061
7185
7064
7184
7063
1996
19728
19727
19729
19724
19723
19726
19725
7198
7077
19731
7197
7076
19730
7079
7199
7078
19732
9134
7190
7192
7071
7191
7070
7194
7073
7193
7072
7196
7075
7195
7074
7088
15582
7087
19700
7089
1781
7080
7082
7081
7084
7083
7086
7085
19709
19706
19705
19708
19707
19702
19701
19704
1537
19703
7099
7098
19711
13050
19710
7091
7090
7093
7092
7095
7094
7097
7096
3727
4939
19717
19716
19719
19718
3964
19713
19712
19715
19714
15322
4702
2773
3509
