2545
19238
1589
11879
2333
11701
6839
1023
1265
5864
17259
19885
19884
19887
19886
19881
19880
19883
19882
8909
6605
19889
19888
19896
19895
18566
19898
19897
19892
19891
19894
19893
19890
506
19899
10492
3235
761
2277
6997
6999
6998
4234
3017
6780
7991
6555
4488
5338
4022
3297
562
18279
7303
336
5599
4293
7200
5144
7202
7201
7204
7203
19908
19907
19909
19904
19903
19906
19905
19900
19902
19901
13371
7211
7210
7213
9755
7212
7215
7214
19919
19918
7206
19915
7205
19914
7208
19917
7207
19916
19911
7209
19910
19913
19912
7220
7222
7101
7221
7100
7224
7103
7223
7102
28
7226
7105
7225
7104
7217
7216
7219
7218
7231
7110
7230
7233
7112
7232
7111
7235
7114
7234
7113
7237
7116
7236
7115
12383
7228
7107
7227
7106
7109
7229
7108
17953
16746
7000
7242
7121
7241
7120
7002
7244
7123
7001
7243
7122
7004
7125
7003
7124
7006
7127
7005
7126
7240
7239
7118
7238
7117
7119
7011
7132
7010
7131
7013
7134
5198
7012
7133
7015
7136
7014
7135
7017
7138
7016
7137
7130
285
7008
7129
7007
7128
1827
7009
7022
7143
7021
7142
7024
7145
7023
7144
7026
7147
7025
7146
7028
7149
7027
7148
6291
7020
7141
7140
7019
7018
7139
13662
7033
7154
7032
7153
7035
7156
7034
7155
7037
7158
7036
7157
7039
7038
7159
7150
7031
7152
6062
7030
7151
7029
7044
7165
19863
7043
7164
19862
7046
7167
19865
7045
7166
19864
7048
7169
7047
7168
19861
7049
19860
7040
7161
7160
7042
7163
7041
7162
2823
93
19867
19866
19869
19868
7176
7055
19874
7175
7054
19873
7178
7057
19876
7177
7056
19875
7059
19870
7179
7058
19872
19871
7170
7051
7172
7050
7171
7174
7053
7052
7173
19878
19877
19879
7187
7066
19841
7186
7065
19840
7189
7068
19843
7188
7067
19842
14271
7069
15486
7181
7060
7180
7183
7062
7182
7061
7185
7064
7184
7063
1996
2600
19849
19848
19845
19844
19847
19846
7198
7077
19852
7197
7076
19851
9136
7079
19854
7199
7078
19853
19850
18881
7190
7192
7071
7191
7070
7194
7073
7193
7072
7196
7075
7195
7074
19859
19856
19855
19858
19857
7088
19940
7087
19942
7089
19941
1781
7080
7082
7081
7084
7083
7086
7085
19827
19829
19828
1537
7099
19830
13051
7098
19832
19831
7091
7090
7093
7092
7095
7094
7097
7096
3727
4939
19838
19837
19839
3964
19834
19833
19836
19835
19920
16894
5915
19929
19926
19925
19928
15324
19927
19922
4702
19921
19924
19923
17625
19931
19930
2773
19937
19936
19939
19938
3509
19933
19932
19935
19934
