7200
5144
7202
7201
23608
7204
7203
17045
22512
2545
7211
7210
7213
7212
7215
7214
11196
27775
29717
28984
7206
7205
7208
7207
14466
7209
7220
7101
7222
7100
7221
7103
7224
7102
7223
28
7105
7226
7104
7225
12935
24473
7217
7216
7219
7218
18912
7231
7110
7230
7233
7112
4087
7232
7111
7235
7114
7234
7113
7237
7116
7236
7115
30590
30596
30595
30598
30597
30592
30591
30594
30593
7228
7107
7106
7227
7109
7229
7108
30599
7000
7242
7121
7241
7120
7002
7244
7123
7001
7243
7122
7004
7125
7003
7124
7006
7127
7005
7126
7240
30585
30584
30587
30586
30581
1135
28016
30580
30583
30582
7239
7118
7238
7117
12595
7119
30589
30588
7011
7132
7010
7131
7013
7134
7012
7133
29917
7015
7136
7014
7135
7017
7138
7016
7137
7130
285
7808
22040
1023
1265
7008
7129
5864
7007
7128
7009
30579
7022
7143
7021
7142
7024
7145
7023
7144
7026
7147
7025
7146
7028
7149
7027
7148
6291
7020
7141
7140
7019
7018
7139
16935
7033
7154
7032
7153
7035
7156
7034
7155
7037
7158
19771
7036
7157
7039
7038
7159
7150
7031
7152
6062
7030
7151
7029
506
7044
7165
7043
7164
19862
7046
7167
7045
7166
7048
7169
7047
7168
7049
7040
7161
7160
7042
7163
7041
7162
3117
875
3235
7055
7176
7054
7175
7057
7178
7056
7177
7059
7058
7179
7170
7051
7172
7050
7171
7053
7174
7052
7173
761
2277
6997
6999
16248
6998
7066
7187
7065
7186
7068
7189
7067
7188
7069
4234
6895
7060
7181
7180
7062
7183
7061
7182
7064
7185
7063
7184
1996
3017
20393
21240
6780
7077
7198
7076
7197
7079
7078
7199
8045
7190
7071
7192
7070
7191
7073
7194
7072
7193
7075
7196
7074
7195
20160
7088
7087
8971
7089
6555
1781
7080
7082
7081
7084
7083
7086
7085
22436
10338
14938
4488
5338
1537
7099
7098
30608
30607
30609
7091
7090
7093
7092
7095
7094
7097
7096
3727
4939
23099
27332
3964
30611
30610
30613
30612
20478
5599
30604
30603
30606
30605
30600
4702
30602
30601
24969
26589
25250
2773
3509
