7682
7561
21545
7681
7560
21544
7684
7563
21543
7683
7562
21542
7686
7565
21541
7685
7564
21540
5146
6357
7688
7567
7687
7566
12032
18492
21549
21548
7680
21547
21546
2547
3511
7558
7679
7557
7678
7559
7572
21556
7692
7571
21555
7574
21554
7573
21553
7576
21552
5398
7575
21551
7578
21550
7577
21559
7691
7570
21558
7690
21557
7569
7689
7568
7583
21523
7582
21522
7585
21521
7584
21520
7587
7586
7589
7588
21529
21528
21527
21526
7581
21525
7580
21524
1599
7579
30
7594
21534
7593
21533
7596
21532
7595
21531
7598
21530
7597
3794
7599
8203
21539
7590
21538
21537
7592
21536
7591
21535
3305
823
5601
17831
4999
7488
7245
7487
17121
7489
21509
21508
21507
21506
21505
21504
21503
21502
4763
7495
21512
7494
21511
7497
21510
7496
7499
7498
11153
21519
21518
21517
7491
21516
7490
21515
7493
21514
7492
21513
287
1025
1267
5866
4552
9561
6293
10277
14751
4304
1834
6064
6611
508
7600
3237
7611
7610
7609
15718
763
2279
7602
7601
7604
6998
7603
7606
7605
7608
7607
7620
7501
7622
7500
7621
1086
1998
3019
11329
7613
7612
7615
7614
7617
7616
7619
7618
20048
6782
7750
7510
7631
7630
7512
7633
20285
7511
7632
18761
16221
15490
9371
12548
2059
7503
7624
4236
7502
7623
7505
7626
7504
7625
7507
7628
7506
7627
7509
7508
7629
5340
7640
7521
7642
7520
7641
7523
7644
7522
7643
21582
4490
7514
7635
21581
7513
7634
21580
7516
7637
7515
7636
7518
7639
1539
7517
7638
7519
7530
7651
7650
7532
7653
7531
7652
7534
7655
7533
7654
19151
3729
1783
6557
7525
7646
7524
7645
7527
7648
7526
7647
7529
7528
7649
3966
7660
21567
21566
7541
7662
21565
7540
7661
21564
7543
7664
21563
7542
7663
21562
7545
7666
21561
7544
7665
21560
570
21569
21568
7536
7657
7535
7656
4941
7538
7659
7537
7658
7539
4704
7550
7671
21578
7670
21577
7552
7673
21576
7551
7672
21575
7312
7554
7675
21574
21211
7553
7674
21573
7556
7677
21572
15331
7555
7676
21571
21579
2775
7547
7668
21570
17516
7546
7667
7549
7548
7669
