22638
19464
1341
2550
3514
21673
21316
14904
12726
1100
17266
10756
5604
12909
3313
832
22725
2001
3571
1270
15192
1028
5869
7935
16020
6853
3240
511
2282
766
13536
3022
22335
6785
21131
2066
4239
4493
5343
6560
19249
18166
103
8300
7694
8303
8304
8301
8302
5149
8310
8311
8314
8315
8312
8313
23144
23145
23146
23147
23140
23141
23142
23143
8307
8308
8305
8306
8309
14437
33
8200
8321
8201
8322
8320
8204
8325
8205
8326
8202
8323
8203
8324
8318
8319
8316
8317
8211
8332
8212
8333
8330
7001
8210
8331
8215
8336
8216
8337
7248
8213
8334
7489
8214
8335
23122
23123
23124
23125
23126
23127
23128
23129
23120
23121
8208
8329
8209
8206
8327
8207
8328
8222
8343
8223
8344
8220
8341
8221
8342
8226
8347
8227
8348
8224
8345
8225
8346
23133
23134
23135
23136
23137
8340
23138
23139
23130
23131
23132
8219
8217
8338
8218
8339
6296
8233
8354
23108
8234
8355
23109
8231
8352
8232
8353
8237
8358
8238
8359
8235
8356
8236
8357
23100
290
23101
23102
23103
8350
23104
22257
8230
8351
23105
23106
23107
8228
8349
8229
8244
8365
23119
8245
8366
6067
8242
8363
8243
8364
8248
8369
8249
8246
8367
10284
8247
8368
23111
23112
23113
23114
8240
8361
23115
8241
8362
23116
23117
8360
23118
23110
8239
1607
8255
8376
8256
8377
21940
8253
8374
8254
8375
8259
8257
8378
8258
8379
8251
8372
8252
8373
8370
8250
8371
8145
8266
8387
8146
8267
8388
8143
8264
8385
8144
8265
8386
8149
8147
8268
8148
8269
8380
8262
8383
8263
8384
8260
8381
8261
8382
15039
8156
8277
8157
8278
8154
8275
8155
8276
8158
8279
8159
8270
8152
8273
8153
8274
8150
8271
8151
8272
8167
8288
8168
8289
15493
8165
8286
8166
8287
8169
8280
8160
8281
7071
8163
8284
8164
8285
8161
8282
8162
8283
18767
8178
8299
8179
8176
8297
8177
8298
8170
8291
23089
8171
8292
8290
8174
8295
8175
8296
8172
8293
8173
8294
23081
23082
23083
23084
23085
23086
23087
23088
23080
8189
9157
8187
8188
8181
8182
8180
8185
8186
8183
8184
23092
3969
23093
23094
1786
23095
23096
1542
23097
23098
23099
19954
23090
23091
8198
8199
13383
8192
8193
8190
8191
8196
8197
8194
8195
4707
3732
4944
23078
23079
2778
23074
23075
23076
23077
17755
17636
