37330
7688
2550
3514
8300
7694
8303
38771
8304
8301
38652
8302
26207
9506
5149
8310
8311
8314
8315
8312
8313
38642
27864
255
8307
8308
8305
8306
8309
14558
33
8200
8321
8201
8322
8320
8204
8325
8205
8326
8202
8323
8203
8324
8318
8319
38633
8316
36577
37303
8317
5604
8211
8332
39032
8212
8333
8330
7001
8210
8331
8215
8336
8216
8337
7248
8213
8334
7489
8214
8335
37410
7482
26079
8208
8329
8209
8206
8327
8207
8328
8222
8343
8223
8344
8220
8341
8221
8342
8226
8347
8227
8348
8224
8345
8225
8346
2001
1270
8340
1028
8219
8217
8338
8218
8339
17816
5869
6296
8233
8354
8234
8355
8231
8352
8232
8353
8237
8358
8238
8359
8235
8356
8236
8357
290
8350
8230
8351
29682
8228
8349
8229
7935
8244
8365
8245
8366
6067
8242
8363
8243
8364
39000
8248
8369
8249
8246
8367
8247
8368
27159
8240
8361
8241
8362
8360
8239
8255
8376
8256
8377
8253
8374
8254
8375
8259
8257
8378
8258
8379
3240
8251
8372
8252
8373
8370
8250
8371
511
13646
8145
8266
8387
8146
8267
8388
8143
8264
8385
8144
8265
8386
8149
8147
8268
8148
8269
8380
8262
8383
2282
8263
8384
8260
8381
8261
8382
29433
766
36873
12684
27370
8156
8277
8157
8278
18752
8154
8275
8155
8276
13187
8158
8279
8159
38125
8270
3022
8152
8273
8153
8274
8150
8271
8151
8272
28674
8167
8288
8168
8289
8165
8286
8166
8287
8169
6785
8280
8160
8281
8163
8284
8164
8285
8161
8282
8162
8283
4239
5328
31965
8178
8299
8179
4493
8176
8297
8177
8298
5343
8170
8291
8171
8292
8290
8174
8295
8175
8296
8172
8293
8173
8294
6560
8189
8187
37482
8188
8181
8182
8180
8185
8186
8183
8184
30178
3969
37927
1786
1542
2752
18867
8198
8199
8192
8193
8190
8191
8196
8197
8194
8195
4707
3732
4944
8640
2778
12867
