2551
3515
13803
4740
11516
2313
3764
3540
2580
5605
6820
5870
1271
1029
2002
7936
2033
3241
1060
512
2283
767
13654
3023
11683
4240
8600
8601
6786
4003
3274
542
10248
4494
8611
8612
5344
8610
8604
8605
8602
8603
8608
8609
8606
8607
6561
8501
8622
8502
8623
8620
8500
8621
8615
8616
8613
8614
8619
8617
8618
8630
8512
8633
8513
8634
8510
8631
8511
8632
6326
8505
8626
8506
8627
8503
8624
8504
8625
8509
8507
8628
8508
8629
8640
8520
8641
8402
8523
8644
9733
8403
8524
8400
8521
8642
8401
8522
8643
8885
8516
8637
8517
8638
8514
8635
8515
8636
8518
8639
8519
8530
9982
8410
8531
8413
8534
15542
8414
8535
15541
8411
8532
15540
8412
8533
6590
8406
8527
15546
8407
8528
15545
15303
8404
8525
15544
8405
8526
15543
15549
8408
8529
15548
8409
15547
8420
8541
8421
8542
7695
8540
8424
8545
14100
15553
8425
8546
15552
8422
8543
15551
8423
8544
15550
5150
8417
8538
15557
8418
8539
15556
8415
8536
15555
8416
8537
15554
8419
15559
15558
8431
8552
8432
8553
8550
8430
8551
8435
8556
15520
8436
8557
8433
8554
8434
8555
15529
8428
8549
15524
8429
15523
8426
8547
15522
8427
8548
15521
15528
15527
15526
15525
8442
8563
34
8443
8564
9532
8440
8561
8441
8562
8446
8567
15531
8447
8568
15530
8444
8565
8445
8566
8560
8439
15535
15534
14567
8437
8558
15533
8438
8559
15532
15539
15538
13358
15537
15536
8453
8574
8454
8575
7002
8451
8572
8452
8573
8457
8578
8458
8579
8455
8576
8456
8577
8570
8450
8571
5183
15509
15508
15507
15502
15501
8448
8569
15500
8449
1815
15506
15505
15504
15503
8464
8585
8465
8586
8462
8583
8463
8584
8468
8589
8469
8466
8587
8467
8588
8460
8581
7490
8461
8582
8580
15519
15518
15513
7249
15512
8459
15511
15510
15517
15516
15515
15514
8475
8596
67
8476
8597
8473
8594
6297
8474
8595
8479
8477
8598
8478
8599
291
8471
8592
8472
8593
8590
8470
8591
2807
8486
8487
8484
8485
7279
6068
8488
8489
8482
8483
8480
7030
8481
8497
8498
9345
8495
8496
8499
8490
8493
8494
8491
8492
8143
8389
8398
15483
8399
15482
8396
15481
8397
15480
15487
15486
15485
15484
8390
8391
8394
8395
8392
8393
15489
15488
15009
15494
15493
15492
15491
15498
13198
15497
15496
15495
15490
15499
8176
12194
15476
15475
15474
3970
1787
1543
15479
15478
15477
1306
15560
15564
15563
15562
15561
4708
15568
15567
15566
15565
3733
4945
15569
15571
15570
13031
2779
