3760
3516
1573
2552
4736
3536
5606
14098
5871
1030
1272
2003
7937
1055
10720
8810
3242
14739
8808
14858
14737
2028
8809
14859
14738
513
8802
14852
14731
8803
14853
14732
8800
14850
8801
14851
14730
8806
14856
14735
8807
14857
14736
8804
14854
14733
8805
14855
14734
8820
8821
8700
14860
2284
8819
14869
14748
14749
8813
14863
14742
768
8814
14864
14743
8811
14861
14740
8812
14862
14741
8817
14867
14746
8818
14868
14747
8815
14865
14744
8816
14866
14745
8710
8831
8711
8832
8830
3024
14838
14839
8709
14836
14837
8824
8703
14830
8704
8825
11682
14831
8822
8701
8823
8702
8707
8828
14834
8708
8829
14835
8705
8826
14832
8706
8827
14833
4241
4000
8721
8842
8722
8843
8840
8720
8841
14849
540
14847
14848
3269
8714
8835
14841
8715
8836
14842
8712
8833
8713
8834
14840
8718
8839
14845
8719
10245
14846
8716
8837
14843
8717
8838
14844
8850
4495
8732
8853
8733
8730
8851
5345
8731
8852
14816
14817
794
14814
14815
14818
315
14819
8725
8846
6787
8726
8847
8723
8844
7515
8724
8845
8729
14812
14813
8727
8848
14810
8728
8849
14811
8740
6562
8743
8744
4266
8741
8742
14827
14828
14825
14826
14829
8736
8737
14820
8734
12881
13970
8735
14823
14824
8738
14821
8739
14822
8750
8751
8754
8755
8752
8753
8747
8748
8745
8746
8749
8761
8762
8880
8760
8765
8645
8766
8763
8764
14805
14806
14803
14804
14809
14807
14808
8758
8759
8756
8757
14801
14802
9729
14800
8651
8772
8652
8773
8770
9980
8650
8771
8655
8776
8656
8777
8653
8774
8654
8775
8648
8769
8649
8646
8767
8647
8768
5151
8662
8783
8663
8784
8660
8781
8661
8782
8787
8666
7696
8788
8667
8664
8785
8786
8665
8780
8659
8657
8778
8658
8779
8419
8794
8673
8795
8674
14790
8792
8671
8793
8672
8798
8677
14793
8799
8678
14794
8796
8675
14791
8797
8676
14792
8790
8791
8670
14797
14798
8789
8668
14795
8669
14796
14799
8684
8685
35
8682
8683
8688
8689
8686
8687
8680
8681
8679
13355
8695
8696
8693
8694
8699
14771
7003
14772
8697
8698
14770
8691
8692
8690
1810
14775
14776
14773
14774
14779
14777
14778
14782
14783
14780
14781
7491
7250
12009
12366
14786
14787
14784
14785
63
14788
14789
6298
14870
14871
14750
292
14759
14874
14753
14875
14754
14872
14751
14873
11123
14752
14757
14758
12698
14755
14756
6069
14760
14761
14764
14765
14762
14763
14768
14769
14766
14767
9341
8144
8389
10942
6097
14395
13195
14255
8171
12190
1788
1302
1544
4709
3971
3734
4946
2780
