2792
11504
11625
11503
11624
11506
11627
11505
11626
2786
11508
11629
11507
11628
11509
4722
11500
11621
11620
11502
11623
11501
11622
11515
11636
2558
11514
11635
11517
11638
11516
11637
11519
3522
11518
11639
11630
11511
11632
11510
11631
11513
11634
11512
11633
11603
11602
11605
11604
11607
2565
11606
11609
11608
4501
11601
4506
11600
11614
11613
11616
11615
11618
11617
11619
11610
11612
11611
5618
5612
1285
1041
1036
1278
5877
7950
7709
2015
7943
7702
11580
10130
11582
11581
10019
10018
10139
10011
10132
11584
10010
10131
11583
10013
10134
11586
10012
10133
11585
10015
10136
11588
519
10014
10135
11587
10017
10138
10016
10137
11589
11591
11590
10020
10141
11593
10140
11592
3255
10029
3248
10022
10143
11595
526
10021
10142
11594
10024
10145
11597
10023
10144
11596
10026
10147
11599
10025
10146
11598
10028
10149
10027
10148
2290
11560
2297
10118
10117
11569
10119
774
10110
11562
11561
10112
11564
10111
11563
10114
11566
10113
11565
10116
11568
10115
11567
11571
11570
3035
3030
781
10008
10129
10007
10128
10009
10000
10121
11573
10120
11572
10002
10123
11575
7504
10001
10122
11574
10004
10125
11577
10003
10124
11576
10006
10127
11579
10005
10126
11578
6793
4254
10217
11548
11669
10216
11547
11668
10219
10218
11549
6304
11540
11661
4247
11660
10211
10453
11542
11663
10210
11541
11662
10213
11544
11665
10212
11543
11664
10215
11546
11667
10214
11545
11666
5351
8865
11670
10107
11559
10106
11558
10109
10108
6799
10220
11551
8858
11550
10101
10222
11553
10100
10221
11552
9708
10103
10224
11555
10102
10223
11554
10105
11557
10104
10225
11556
9960
9961
6575
9964
9965
9962
9963
11526
11647
11525
11646
11528
11649
11527
11648
11529
5357
6568
9958
11520
11641
9714
11640
11522
11643
11521
11642
9959
11524
11645
11523
11644
9971
9972
9970
8402
9975
9976
9973
9974
10206
11537
11658
10205
11536
11657
10208
11539
10207
11538
11659
10209
9968
11650
9969
9966
10200
11531
11652
9967
11530
11651
10202
11533
11654
10201
11532
11653
10204
11535
11656
10203
11534
11655
9982
10091
9983
10090
9980
10093
8650
9981
10092
9986
10095
9987
10094
9984
10097
9985
10096
9979
10099
10098
9977
9978
9993
9994
9991
9992
9513
9997
9998
5157
9995
9996
9990
8657
9988
9989
9520
10190
5164
10071
10192
10070
10191
10073
10194
10072
10193
10075
10196
10074
10195
10077
10198
10076
10197
9999
10079
10078
10199
10080
10082
10081
11291
10084
10083
10086
10085
10088
10087
10089
41
10170
10051
10172
10050
10171
10053
10174
10052
10173
10055
10176
10054
10175
10057
10178
10056
10177
10059
10058
10179
7497
10060
10181
10180
10062
10183
7014
7256
10061
10182
10064
10185
10063
10184
10066
10187
10065
10186
10068
10189
7009
10067
10188
10069
9322
7263
10150
9327
10031
10152
10030
10151
298
10033
10154
10032
10153
10035
10156
10034
10155
10037
10158
10036
10157
10039
10038
10159
10040
10161
10160
10042
10163
10041
10162
10044
10165
10043
10164
10046
10167
11498
10045
10166
10048
10169
10047
10168
11499
10049
6075
9105
10929
6081
8155
8395
8150
1550
1557
1799
1793
3977
4958
3740
3984
4952
4715
