9858 246
441 246
11525 246
10284 246
10293 246
10568 246
11533 246
4231 246
10291 246
11535 246
10285 246
11526 246
11534 246
10294 246
3972 246
10290 246
11536 246
283 246
10286 246
10299 246
10287 246
11524 246
74 246
8382 246
11537 246
10288 246
8825 246
4537 246
10292 246
10289 246
10300 246
10297 246
11538 246
10903 246
1498 246
10301 246
10247 246
11529 246
11530 246
10298 246
11539 246
10281 246
9535 246
11531 246
10295 246
10282 246
11527 246
5856 246
10302 246
7395 246
10280 188
10296 246
4147 246
10283 246
988 246
11528 246
11532 246
7935 246
10303 246
10279 246
