10492 1693
381 1693
4606 1693
10470 1693
10467 1693
4798 1693
10475 1693
10468 1693
19462 1693
10462 1693
4867 1693
10476 1693
10484 1693
8019 1693
2536 1693
10491 1693
16254 1693
9829 1693
10483 1693
10486 1693
10489 1693
10494 1693
10490 196
10481 1693
10478 1693
10464 1693
10472 1693
10465 1693
10480 1693
3545 1693
3628 1693
10473 1693
10487 1693
19819 1693
10479 1693
1500 1693
10474 1693
10477 1693
1322 1693
9324 1693
10485 1693
10469 1693
277 1693
10488 1693
2946 1693
10493 1693
10482 1693
15726 1693
10466 1693
15092 1693
10471 1693
5531 1693
10463 1693
