17600 1143
10532 1143
10546 1143
10540 1143
10549 1143
10038 1143
10554 1143
10538 1143
10543 1143
6267 1143
10535 1143
10551 1143
4287 1143
10541 1143
10544 1143
10552 1143
18729 1143
12999 1143
4962 1143
10536 1143
10547 1143
78 1143
10539 1143
10555 1143
1501 1143
10550 1143
10542 199
10556 1143
14991 1143
7650 1143
10553 1143
9587 1143
10533 1143
10548 1143
17546 1143
10530 1143
11978 1143
10537 1143
9673 1143
10529 1143
15633 1143
2667 1143
10545 1143
5297 1143
4736 1143
10531 1143
10534 1143
18219 1143
