11194 1008
11186 1008
16826 1008
3969 1008
6189 1008
11185 1008
11199 1008
18260 1008
11193 1008
11177 1008
11200 1008
4435 1008
7768 1008
14103 1008
11178 1008
6163 1008
18257 1008
11175 1008
11156 1008
5690 1008
11180 1008
4539 1008
11197 1008
11191 1008
16454 1008
11183 1008
7261 1008
11189 1008
10041 1008
11188 1008
83 1008
10599 1008
18259 1008
11182 1008
16998 1008
11196 1008
11176 1008
11179 1008
11187 1008
11181 1008
628 1008
18258 1008
11192 1008
2921 1008
11184 1008
8757 1008
11195 1008
11198 1008
11190 229
