17979 940
1227 940
1180 940
1172 940
1261 940
1235 940
1121 940
1138 940
781 940
1164 940
1162 940
1251 940
1154 940
1209 940
12433 940
1197 940
1146 940
1217 940
1128 940
1189 940
1200 940
1243 940
16212 940
931 940
1131 940
1174 940
1268 940
1187 940
1225 940
1144 940
1212 940
1255 940
1160 940
1207 940
1190 940
10109 940
1113 940
1192 940
1156 940
1199 940
1237 940
1253 940
1223 940
1210 940
3199 940
1169 940
1126 940
1241 940
1271 940
1219 940
1168 940
1249 940
1117 940
1142 940
1185 940
1134 940
1266 940
1194 940
1151 940
1177 940
7575 940
1125 940
1221 940
1213 940
1132 940
1239 940
1264 940
1158 940
1247 940
1115 940
1256 940
1204 940
1230 940
1136 940
1149 940
1196 940
1119 940
17977 940
1183 940
1153 940
1140 940
1123 940
1166 940
1179 940
1245 940
1202 940
1215 940
1228 940
1262 940
3090 940
1170 940
1232 940
1258 940
1252 940
1120 940
1155 940
1147 940
1198 940
1171 940
1201 940
1112 940
1218 940
1244 940
235 940
1269 940
1270 940
1137 940
1226 940
1181 940
1129 940
1234 940
1145 940
1260 940
1163 940
1208 940
1161 940
1157 940
1211 940
1238 940
563 940
1127 940
1242 940
11749 940
1188 940
1114 940
1175 940
1143 940
1186 940
1173 940
1240 940
1130 940
1224 940
1236 940
1267 940
1254 940
1191 940
5414 940
1206 940
1139 940
1257 940
1193 940
1214 940
1265 940
1133 940
1222 940
15817 940
1116 940
1248 940
1231 940
396 940
1205 940
1167 940
1159 940
1184 940
17976 940
1176 940
1141 940
1124 940
1150 940
1233 940
1220 940
1250 940
1182 940
1263 940
1216 6
1229 940
1246 940
1203 940
1259 940
5 940
1118 940
1148 940
17978 940
1122 940
1195 940
1152 940
1135 940
1178 940
1165 940
