12606 405
13835 405
13843 405
12622 405
9248 405
12615 405
13851 405
7903 405
9150 405
12605 405
13834 405
13844 405
10179 405
12614 405
839 405
13841 405
6746 405
12608 405
12609 405
8187 405
13838 405
13840 405
4542 405
11693 405
12611 405
3551 405
12613 405
13393 405
13836 405
13842 405
13849 405
12607 405
13837 405
12612 405
12601 405
13848 405
12619 405
110 405
10637 405
12602 405
12600 405
99 405
12618 405
13847 405
12610 405
12599 405
5619 405
1911 405
13839 405
12620 405
13846 405
8534 405
5395 405
12604 405
12617 405
12598 313
12621 405
13845 405
12616 405
12603 405
13850 405
8117 405
