1341
1340
1338
2306
1337
2305
1336
2304
1335
2303
1334
2302
236
1333
2301
1332
2300
1331
2309
2308
1339
2307
11
1352
2320
1351
1350
1349
2317
1348
2316
1347
2315
1346
2314
1345
2313
1344
2312
6
1343
2311
1342
2310
2319
2318
1363
2210
2331
1362
2330
1361
1360
2207
2328
1117
1359
2206
2327
1358
2205
2326
1357
2204
2325
1356
2203
2324
1355
2202
2323
1112
1354
2201
2322
1353
2200
2321
932
937
2209
2208
2329
1374
2221
1373
2220
1372
1371
1370
2218
2217
1369
2216
2337
1368
2215
2336
1367
2214
2335
1366
2213
2334
1365
2212
2333
1364
2211
2332
2219
1385
2232
1384
2231
1383
2230
1382
1381
1380
2229
397
2228
2227
1379
2226
1378
2225
1377
2224
1376
2223
1375
2222
1275
1396
2243
1274
1395
2242
1273
1394
2241
1272
1393
2240
1392
1391
1390
2239
2238
2237
1389
2236
1388
2235
1387
2234
1386
2233
1286
2254
1285
2253
1284
2252
1283
2251
1282
2250
1281
1280
2249
2248
1279
2247
1399
1278
2246
1398
1277
2245
1397
1276
2244
1297
2265
1296
2264
1295
2263
1294
2262
1293
2261
1292
2260
1291
1290
2259
2258
1289
2257
1288
2256
1287
2255
2155
2276
2275
2274
2273
2272
2271
2270
2269
2268
1299
2267
1298
2266
1859
2166
2287
2165
2286
2164
2285
2163
2284
2162
2283
2161
2282
2160
2281
2280
2159
2158
2279
2157
2278
2156
2277
2290
2177
2298
2176
2297
2175
2296
2174
2295
2173
2294
2172
2293
2171
2292
2170
2291
1996
2169
2168
2289
2167
2288
1639
2180
2188
2187
2186
2185
2184
2183
2182
2181
1404
782
1403
1402
1401
1400
787
2179
2178
2299
1409
1408
1407
1406
1405
2191
2190
2199
2198
2197
2196
2195
2194
2193
2192
1415
1414
1413
1412
1411
1410
2189
1419
1418
1417
1416
1305
1426
1304
1425
1303
1424
564
1302
1423
1301
1422
1300
1421
1420
569
1309
1308
1429
1307
1428
1306
1427
1440
1316
1437
1315
1436
1314
1435
1313
1434
1312
1433
1311
1432
1310
1431
1430
1319
1318
1439
1317
1438
1330
1327
1448
1326
1325
1324
1323
1444
1322
1443
1321
1442
1320
1441
1329
1328
