782 196
1309 196
1325 196
1272 196
1280 196
1368 196
1414 196
1361 196
1406 196
10487 196
1317 196
10483 196
10491 196
1392 196
1295 196
1442 196
10479 196
1329 196
1333 196
1426 196
1279 196
1376 196
10467 196
1430 196
1112 196
1388 196
1345 196
1302 196
1381 196
10480 196
1321 196
1402 196
1364 196
1372 196
1357 196
10471 196
932 196
1276 196
1410 196
2536 196
1434 196
1417 196
1310 196
1353 196
1396 196
1291 196
1349 196
1500 196
1336 196
1379 196
1287 196
10463 196
10476 196
1306 196
1407 196
1431 196
1288 196
1342 196
1385 196
1318 196
10484 196
10478 196
1352 196
1441 196
1298 196
1377 196
1395 196
1334 196
1308 196
1278 196
1362 196
10466 196
1389 196
1346 196
1413 196
1294 196
1303 196
1380 196
1314 196
1283 196
3628 196
10490 196
1328 196
1425 196
10472 196
1313 196
1356 196
1373 196
397 196
1284 196
1339 196
1390 196
10462 196
1399 196
1330 196
1307 196
1273 196
1367 196
1324 196
1418 196
1299 196
10488 196
1420 196
1435 196
3545 196
1290 196
1403 196
9324 196
1341 196
1429 196
10494 196
1384 196
1440 196
1386 196
1289 196
1300 196
1432 196
10477 196
1297 196
1351 196
1378 196
1335 196
10493 196
10469 196
1394 196
1424 196
1343 196
1439 196
6 196
1277 196
1331 196
10473 196
1320 196
1408 196
1327 196
1363 196
1412 196
1282 196
1315 196
1358 196
10485 196
1428 196
1398 196
1374 196
1355 196
1419 196
1312 196
1391 196
1285 196
1338 196
10465 196
1304 196
1436 196
1293 196
1347 196
10474 196
1421 196
1404 196
277 196
10482 196
1340 196
1370 196
1383 196
10489 196
1366 196
1323 196
1274 196
1319 196
1415 196
236 196
1326 196
10486 196
1344 196
9829 196
1387 196
10492 196
1405 196
1360 196
1369 196
564 196
1423 196
1332 196
1375 196
1409 196
1443 196
1316 196
1400 196
1281 196
1359 196
1301 196
1350 196
1296 196
1393 196
10468 196
1438 196
1348 196
10464 196
1275 196
4606 196
1292 196
1411 196
1437 196
1305 196
1427 196
1444 196
1365 196
1401 196
1382 196
10470 196
1337 196
1286 196
4867 196
1311 196
10475 196
1422 196
1433 196
1416 196
1371 196
1322 7
10481 196
1354 196
1397 196
