1617 342
1528 342
1579 342
1536 342
1625 342
1463 342
1595 342
13009 342
1498 342
1552 342
1447 342
1501 342
1633 342
1455 342
1587 342
1544 342
1475 342
7508 342
1513 342
1556 342
1508 342
1610 342
1491 342
1599 342
1560 342
1524 342
1605 342
1572 342
1451 342
1583 342
1494 342
1540 342
1575 342
1621 342
1532 342
13010 342
1592 342
1602 342
13013 342
1628 342
1504 342
1521 342
1483 342
1564 342
1517 342
1547 342
1630 342
1609 342
1479 342
1613 342
1466 342
933 342
1448 342
1472 342
1634 342
13008 342
3324 342
1482 342
1616 342
1500 342
1527 342
1561 342
1464 342
1509 342
1523 8
1458 342
1606 342
1512 342
1586 342
1543 342
1571 342
5679 342
1487 342
1537 342
1598 342
1622 342
1555 342
1492 342
1612 342
1469 342
1486 342
1582 342
1450 342
1476 342
1522 342
1565 342
1459 342
1460 342
1505 342
1548 342
1601 342
1454 342
1593 342
1627 342
1497 342
13014 342
1576 342
1170 342
1516 342
1471 342
1550 342
1533 342
1559 342
1481 342
1473 342
1562 342
1597 342
1465 342
1607 342
1518 342
1615 342
1570 342
1569 342
1619 342
398 342
1488 342
1445 342
1526 342
1461 342
1623 342
1493 342
1457 342
1635 342
1554 342
1538 342
1272 342
1511 342
1590 342
13007 342
1542 342
1585 342
1558 342
1515 342
1566 342
1604 342
1549 342
565 342
1506 342
3175 342
1468 342
1485 342
1477 342
1611 342
1577 342
1534 342
1594 342
1470 342
1551 342
1600 342
13015 342
1449 342
1496 342
1581 342
1453 342
1626 342
1499 342
1510 342
1553 342
1588 342
1596 342
13016 342
1456 342
293 342
1608 342
1502 342
1480 342
1545 342
1519 342
10237 342
1624 342
1535 342
1578 342
1632 342
1446 342
7 342
1490 342
1636 342
1462 342
1539 342
783 342
1525 342
1489 342
1530 342
1573 342
1618 342
1541 342
1113 342
1474 342
1568 342
1507 342
8361 342
13011 342
1591 342
1620 342
1478 342
1567 342
1603 342
1495 342
13012 342
1584 342
1452 342
1629 342
1514 342
1574 342
1557 342
1531 342
1631 342
1484 342
1614 342
1580 342
1467 342
9992 342
237 342
1503 342
1589 342
1529 342
1563 342
1520 342
1546 342
