1978 1404
1864 1404
1964 1404
1878 1404
1933 1404
1881 1404
1947 1404
1995 1404
11863 1404
1895 1404
1950 1404
1902 1404
5348 1404
1981 1404
1865 1404
1916 1404
1920 1404
1965 1404
1977 1404
1896 1404
1951 1404
1901 1404
1882 1404
1915 1404
1877 1404
1904 1404
1932 1404
1929 1404
1866 1404
1921 1404
1879 1404
1918 1404
1934 1404
1863 1404
1972 10
1994 1404
1948 1404
1945 1404
7540 1404
1980 1404
18701 1404
1983 1404
1959 1404
17896 1404
16568 1404
1928 1404
1953 1404
935 1404
1944 1404
1989 1404
1884 1404
7089 1404
1115 1404
1992 1404
1931 1404
1976 1404
1862 1404
1913 1404
1966 1404
1970 1404
1446 1404
1935 1404
1919 1404
1954 1404
1988 1404
1982 1404
19427 1404
1957 1404
1985 1404
1960 1404
1979 1404
1963 1404
1897 1404
1894 1404
567 1404
1909 1404
1903 1404
1941 1404
1900 1404
400 1404
1872 1404
1891 1404
1875 1404
1906 1404
1859 1404
1922 1404
1939 1404
1925 1404
1908 1404
1887 1404
1942 1404
1987 1404
1955 1404
1869 1404
1924 1404
1873 1404
1969 1404
1973 1404
239 1404
1938 1404
785 1404
1885 1404
1888 1404
1940 1404
1943 1404
1907 1404
1874 1404
1912 1404
1860 1404
1926 1404
1274 1404
1890 1404
1868 1404
1923 1404
1871 1404
1910 1404
1991 1404
1937 1404
1956 1404
1986 1404
1975 1404
1967 1404
1961 1404
1936 1404
1861 1404
1898 1404
3014 1404
1905 1404
1889 1404
1984 1404
1892 1404
1876 1404
1927 1404
1858 1404
1870 1404
1958 1404
1893 1404
17717 1404
1962 1404
1899 1404
1946 1404
1949 1404
1993 1404
1974 1404
1990 1404
1968 1404
1971 1404
9 1404
1952 1404
1880 1404
1637 1404
1886 1404
1911 1404
1917 1404
1883 1404
1930 1404
1867 1404
1914 1404
