1289 7
1281 7
1412 7
357 7
334 7
372 7
564 7
1435 7
311 7
1352 7
1375 7
1409 7
248 7
1390 7
319 7
1337 7
286 7
240 7
1398 7
263 7
1314 7
361 7
369 7
1293 7
1400 7
1423 7
346 7
323 7
384 7
1278 7
300 7
1340 7
1386 7
1363 7
259 7
308 7
1302 7
1348 7
274 7
297 7
251 7
236 1
1325 7
350 7
0 7
1434 7
335 7
358 7
1282 7
1411 7
312 7
373 7
1351 7
1397 7
287 7
1408 7
1374 7
249 7
1313 7
1336 7
1359 7
264 7
241 7
362 7
782 7
324 7
347 7
1294 7
1422 7
1279 7
301 7
385 7
1362 7
1385 7
298 7
1419 7
237 7
309 7
1301 7
1324 7
1347 7
290 7
275 7
1112 7
252 7
351 7
397 7
313 7
359 7
336 7
1414 7
1437 7
374 7
1287 7
265 7
288 7
1331 7
1392 7
280 7
1339 7
1377 7
1316 7
1354 7
242 7
363 7
386 7
1299 7
1276 7
340 7
1440 7
1291 7
302 7
348 7
325 7
1402 7
1425 7
276 7
299 7
1342 7
238 7
1380 7
291 7
1327 7
1365 7
253 7
1304 7
1388 7
352 7
375 7
1288 7
314 7
337 7
390 7
1280 7
6 7
1413 7
1436 7
266 7
289 7
243 7
1330 7
1353 7
1391 7
281 7
1338 7
1376 7
1315 7
1399 7
341 7
364 7
387 7
303 7
326 7
349 7
1292 7
1401 7
1424 7
1277 7
254 7
1341 7
1364 7
277 7
239 7
292 7
1349 7
1303 7
1326 7
1387 7
231 7
330 7
376 7
1307 7
338 7
1431 7
315 7
391 7
1285 7
1416 7
353 7
244 7
1428 7
1394 7
267 7
1371 7
282 7
1310 7
1333 7
1379 7
1356 7
365 7
388 7
1274 7
1318 7
327 7
380 7
1442 7
304 7
1297 7
1404 7
1427 7
342 7
232 7
278 7
255 7
1439 7
1382 7
270 7
293 7
1321 7
1306 7
1344 7
1367 7
377 7
1329 7
1430 7
316 7
392 7
1438 7
331 7
354 7
1286 7
1415 7
268 7
245 7
932 7
1393 7
339 7
1370 7
260 7
1317 7
1332 7
1355 7
283 7
1378 7
1275 7
366 7
389 7
1441 7
305 7
381 7
1403 7
320 7
343 7
1298 7
1426 7
233 7
279 7
256 7
1320 7
1381 7
328 7
1290 7
271 7
1305 7
1328 7
1343 7
1366 7
1389 7
294 7
1309 7
378 7
1410 7
1433 7
370 7
1283 7
355 7
332 7
1350 7
1373 7
1396 7
1407 7
246 7
269 7
317 7
1312 7
1358 7
261 7
284 7
1335 7
367 7
1272 7
1421 7
1444 7
382 7
1295 7
344 7
321 7
1418 7
1361 7
234 7
257 7
1384 7
306 7
329 7
1323 7
1369 7
1300 7
272 7
295 7
1346 7
1308 7
379 7
1432 7
310 7
333 7
356 7
371 7
1284 7
1406 7
1429 7
1372 7
1395 7
318 7
247 7
1311 7
262 7
285 7
1334 7
1357 7
1319 7
360 7
1273 7
368 7
1420 7
1443 7
322 7
345 7
383 7
1296 7
1405 7
1417 7
1383 7
235 7
307 7
258 7
1360 7
1322 7
296 7
250 7
1345 7
1368 7
273 7
