2449 1433
2504 1433
2482 1433
2487 13
2349 1433
2404 1433
2382 1433
2366 1433
2421 1433
2466 1433
4911 1433
2418 1433
2383 1433
2479 1433
2497 1433
2352 1433
2397 1433
2448 1433
2452 1433
2503 1433
2348 1433
2403 1433
2417 1433
2483 1433
2367 1433
2422 1433
2467 1433
2395 1433
2450 1433
2464 1433
2398 1433
2453 1433
2436 1433
2381 1433
2384 1433
2505 1433
2447 1433
2502 1433
2379 1433
2434 1433
938 1433
2368 1433
2423 1433
2365 1433
2420 1433
2496 1433
2354 1433
2370 1433
2351 1433
2499 1433
2407 1433
2501 1433
2507 1433
1449 1433
2385 1433
2340 1433
2432 1433
2485 1433
2155 1433
2463 1433
15838 1433
2429 1433
2410 1433
2363 1433
2341 1433
1118 1433
2441 1433
4194 1433
2480 1433
2486 1433
2394 1433
2378 1433
2372 1433
2359 1433
2406 1433
12 1433
2350 1433
2353 1433
2356 1433
2492 1433
2498 1433
17018 1433
2400 1433
2347 1433
2495 1433
1997 1433
2413 1433
12974 1433
2419 1433
2476 1433
11647 1433
2369 1433
2416 1433
2473 1433
402 1433
2451 1433
2454 1433
2435 1433
2470 1433
2388 1433
2438 1433
2488 1433
2374 1433
2474 1433
2360 1433
2457 1433
2460 1433
2490 1433
2426 1433
2344 1433
2509 1433
2389 1433
2444 1433
2489 1433
18462 1433
2409 1433
2491 1433
2391 1433
2375 1433
2430 1433
2475 1433
2392 1433
2428 1433
2425 1433
2456 1433
2461 1433
2387 1433
2442 1433
2508 1433
2445 1433
2500 1433
2439 1433
2362 1433
2458 1433
2376 1433
2431 1433
2373 1433
2469 1433
2357 1433
2412 1433
2493 1433
2338 1433
2343 1433
2346 1433
2401 1433
11193 1433
2446 1433
2440 1433
2377 1433
2477 1433
2415 1433
2468 1433
1860 1433
2355 1433
2455 1433
2371 1433
2471 1433
2437 1433
2386 1433
2380 1433
2494 1433
2433 1433
7058 1433
2478 1433
2472 1433
2414 1433
2506 1433
2459 1433
2411 1433
2364 1433
2361 1433
2481 1433
2484 1433
2339 1433
2345 1433
2405 1433
2342 1433
2402 1433
2358 1433
2462 1433
240 1433
2390 1433
2465 1433
2393 1433
2408 1433
2424 1433
2396 1433
2399 1433
2427 1433
1277 1433
2443 1433
