8387 283
2591 283
2603 283
2549 283
4417 283
2565 283
2621 283
939 283
2532 283
2628 283
2522 283
2575 283
2540 283
2583 283
12184 283
2611 283
2514 283
2557 283
2555 283
2598 283
2512 283
2585 283
2539 283
2623 283
2526 283
2571 283
2569 283
1119 283
2567 283
2524 283
2573 283
2530 283
12182 283
2560 283
2618 283
2537 283
2605 283
12178 283
6427 283
12181 283
2608 283
2633 283
2625 283
2587 283
2616 283
2561 283
2552 283
241 283
2595 283
2518 283
2597 283
2535 283
2578 283
2527 283
8871 283
2544 283
1278 283
2580 283
2614 283
2550 283
570 283
2520 283
2563 283
2627 283
2601 283
2576 283
2593 283
1640 283
2589 283
2533 283
2631 283
2546 283
2559 283
2529 283
2516 283
2566 283
2531 283
2523 283
2574 283
2515 283
2629 283
1450 283
2558 283
2604 283
2612 283
2582 283
2592 283
2602 283
1998 283
2548 283
2513 283
1002 283
5998 283
2620 283
2525 283
2619 283
2572 283
2538 283
12183 283
2599 283
2606 283
2584 283
2610 283
12179 283
788 283
2554 283
2541 283
2556 283
2543 283
2586 283
2511 283
2590 283
2622 283
2568 283
2635 283
2579 283
2536 283
2588 283
2617 283
2545 283
2634 283
2519 283
2528 283
403 283
10406 283
2607 283
2632 283
2562 283
2615 283
2510 283
2570 283
2624 283
2596 283
2553 283
12180 283
11269 283
2547 283
2577 283
2630 283
2534 283
2517 283
2626 283
11691 283
2613 283
2521 283
2600 283
2564 283
2551 283
2609 283
2594 283
2542 14
2581 283
