2974 808
3002 808
17339 808
3010 808
7698 808
2983 808
2990 808
2583 808
2966 808
1453 808
3003 808
3001 808
17338 808
2967 808
2992 808
2975 808
1281 808
2958 808
2984 808
3004 808
2980 808
3000 808
2993 808
2963 808
2976 808
8394 808
571 808
2977 808
3691 808
2442 808
2959 808
2964 808
3012 808
3005 808
2994 808
3018 808
2981 808
17333 808
11549 808
3019 808
2978 808
14447 808
3024 808
2965 808
3006 808
3011 808
2982 808
2995 808
243 808
2979 808
3007 808
2987 808
17334 808
2961 808
2341 808
3023 808
2970 808
3016 808
2962 808
3008 808
3025 808
3022 808
2988 808
17335 808
2989 808
942 808
3017 808
2971 808
2996 18
2997 808
3013 808
15793 808
16 808
2637 808
2998 808
2968 808
2985 808
3009 808
17337 808
3021 808
2972 808
2159 808
406 808
2986 808
3014 808
2999 808
2973 808
2960 808
3020 808
17336 808
10629 808
2991 808
2969 808
3015 808
