9071 139
3614 139
3586 139
3568 139
3551 139
9088 139
3576 139
3533 139
3584 139
1284 139
9081 139
410 139
1152 139
9065 139
9078 139
3588 139
3545 139
3558 139
9083 139
946 139
3531 139
3543 139
3561 139
3574 139
3564 139
4601 139
3547 139
3572 139
3581 139
3555 139
9068 139
3538 139
9093 139
9085 139
9076 139
3540 139
3553 139
3570 139
3583 139
3579 139
7073 139
3536 139
3549 139
3566 139
1646 139
9091 139
20 139
9087 139
9074 139
3569 139
3534 139
4984 139
3542 139
3560 139
3577 139
9072 139
9064 139
3559 139
9080 139
3567 139
3135 139
3585 139
3550 139
9089 139
3532 139
9082 139
9079 139
3575 139
5036 139
3562 139
2958 139
9066 139
3587 139
3557 139
3530 139
3544 139
9070 139
3539 139
9084 139
3556 139
9092 139
9067 139
3573 139
9075 139
9077 139
3546 139
3571 139
3589 139
3580 139
3554 139
3537 139
3563 139
3541 24
9090 139
9086 139
5549 139
3296 139
5218 139
9073 139
3552 139
575 139
3582 139
9069 139
3548 139
5455 139
2747 139
3535 139
3565 139
3578 139
