3572 1243
3533 1243
2958 1243
946 1243
3547 1243
19031 1243
3539 1243
3564 1243
7701 1243
3573 24
3555 1243
3550 1243
3542 1243
3581 1243
3569 1243
3532 1243
3577 1243
3546 1243
14181 1243
3296 1243
410 1243
3538 1243
3554 1243
3551 1243
3135 1243
1646 1243
3540 1243
3537 1243
3534 1243
3545 1243
3559 1243
18665 1243
3548 1243
3556 1243
20 1243
3567 1243
3580 1243
3586 1243
3578 1243
3583 1243
3530 1243
3575 1243
3544 1243
1284 1243
3536 1243
3589 1243
3553 1243
3561 1243
2747 1243
3566 1243
17457 1243
3558 1243
11652 1243
3584 1243
575 1243
14954 1243
3531 1243
3535 1243
3588 1243
3543 1243
19033 1243
3549 1243
3570 1243
3562 1243
3557 1243
3565 1243
3568 1243
3585 1243
3576 1243
3579 1243
3571 1243
3574 1243
3582 1243
3587 1243
3563 1243
19032 1243
3552 1243
3560 1243
16589 1243
10068 1243
3541 1243
12611 1243
