3787 407
3825 407
3817 407
3795 26
849 407
3789 407
3800 407
3835 407
12683 407
3777 407
3809 407
3831 407
3785 407
3827 407
2959 407
3772 407
13868 407
3797 407
13866 407
3821 407
3802 407
3815 407
3770 407
3783 407
3829 407
3779 407
3833 407
7515 407
13865 407
3767 407
3773 407
9836 407
3839 407
2641 407
3799 407
3813 407
3764 407
3781 407
3822 407
3790 407
3805 407
3769 407
3830 407
3807 407
3837 407
3762 407
3824 407
3811 407
22 407
3788 407
3775 407
13863 407
3792 407
1727 407
3761 407
947 407
3796 407
248 407
3808 407
3834 407
3832 407
3654 407
3840 407
3786 407
3826 407
3794 407
795 407
3530 407
3818 407
13869 407
2849 407
3814 407
3801 407
3798 407
3828 407
13870 407
3778 407
3784 407
3178 407
3771 407
3816 407
3803 407
13867 407
4156 407
3766 407
3820 407
3838 407
3774 407
3812 407
3782 407
3804 407
3765 407
13864 407
3791 407
3810 407
3768 407
3819 407
3780 407
3298 407
3823 407
3763 407
577 407
3776 407
3836 407
9393 407
3793 407
3806 407
