3907 298
4100 298
4089 298
4119 298
4054 298
4097 298
4080 298
4064 298
4110 298
4099 298
12390 298
4117 298
4072 298
4109 298
4069 30
10262 298
4087 298
4074 298
4090 298
411 298
4060 298
1287 298
4058 298
4056 298
4062 298
4112 298
25 298
4107 298
4092 298
3862 298
12396 298
4105 298
4050 298
4076 298
4114 298
4067 298
4084 298
8112 298
4093 298
12395 298
4086 298
12389 298
10360 298
12398 298
4059 298
2749 298
4122 298
4082 298
4052 298
4065 298
4103 298
4116 298
4078 298
12393 298
4095 298
4120 298
4063 298
1649 298
4071 298
4118 298
796 298
12391 298
4101 298
3401 298
4098 298
4055 298
4081 298
4057 298
4111 298
4061 298
12401 298
4073 298
4091 298
4108 298
4088 298
4075 298
288 298
4106 298
12397 298
4121 298
4094 298
12400 298
4104 298
4051 298
4077 298
9326 298
4113 298
4085 298
12394 298
4068 298
2163 298
4049 298
12399 298
4070 298
95 298
4115 298
9168 298
4102 298
3976 298
3137 298
12392 298
4079 298
4066 298
4053 298
4083 298
4096 298
