1459 1226
4250 1226
4295 1226
4217 1226
4233 1226
4278 1226
4317 1226
4248 1226
4303 1226
4264 1226
4280 1226
4220 1226
4234 1226
4279 1226
4265 1226
4320 1226
18989 1226
4281 1226
4218 1226
18991 1226
4318 1226
4282 1226
17294 1226
4277 1226
4296 1226
4316 1226
4266 1226
4293 32
4263 1226
4305 1226
4236 1226
4247 1226
4252 1226
4302 1226
4253 1226
4259 1226
4230 1226
4275 1226
4214 1226
4319 1226
4306 1226
18987 1226
4237 1226
15961 1226
4262 1226
3842 1226
4300 1226
4315 1226
4215 1226
4268 1226
2346 1226
4231 1226
4284 1226
4246 1226
4249 1226
4312 1226
4224 1226
4240 1226
4243 1226
4227 1226
4297 1226
12900 1226
18990 1226
4291 1226
4294 1226
4309 1226
4221 1226
15513 1226
2475 1226
3592 1226
4225 1226
4272 1226
4308 1226
4208 1226
4211 1226
4256 1226
4311 1226
3300 1226
4273 1226
2004 1226
17109 1226
4212 1226
4242 1226
4287 1226
4226 1226
4307 1226
4207 1226
4288 1226
4271 1226
4285 1226
4274 1226
4299 1226
251 1226
4258 1226
4313 1226
4255 1226
4310 1226
3402 1226
4209 1226
4269 1226
4241 1226
4290 1226
4260 1226
4239 1226
4244 1226
1867 1226
4267 1226
4222 1226
4228 1226
4261 1226
4298 1226
4314 1226
15770 1226
4219 1226
4270 1226
4245 1226
4229 1226
11232 1226
4223 1226
1288 1226
4292 1226
4276 1226
4301 1226
4304 1226
4232 1226
18988 1226
4257 1226
4251 1226
4254 1226
4238 1226
13287 1226
4235 1226
4216 1226
4283 1226
4286 1226
4213 1226
4289 1226
4210 1226
