3763 611
4402 611
4763 611
4348 611
4356 611
4399 611
15925 611
11007 611
27 611
4372 611
4382 611
3186 611
2699 611
4321 611
4338 611
4390 611
4362 611
4392 611
1753 611
4346 611
4358 611
4376 611
4328 611
4389 611
4400 611
950 611
15929 611
4331 611
4374 611
4380 611
15927 611
4387 611
4344 611
4364 33
15921 611
1289 611
4368 611
4342 611
4385 611
4334 611
4394 611
4351 611
4377 611
4325 611
9455 611
4370 611
15923 611
4404 611
4336 611
4349 611
4396 611
4383 611
4353 611
4340 611
4323 611
4366 611
4379 611
4373 611
4381 611
3241 611
4330 611
4207 611
4322 611
4365 611
4339 611
4355 611
4347 611
4398 611
15926 611
4401 611
1868 611
15928 611
4329 611
4332 611
4345 611
4359 611
4363 611
4391 611
4350 611
4361 611
4393 611
4357 611
11565 611
4327 611
14290 611
412 611
579 611
4388 611
4375 611
4343 611
4386 611
4395 611
4352 611
15920 611
4335 611
4369 611
4326 611
4378 611
11745 611
4333 611
15922 611
4405 611
4360 611
4337 611
4367 611
4354 611
4397 611
4384 611
4341 611
4324 611
2005 611
15924 611
4371 611
4403 611
