4561 1526
1825 1526
4528 1526
3941 1526
3242 1526
4536 1526
4589 1526
4519 1526
4559 1526
4583 1526
15962 1526
4522 1526
4530 1526
4567 1526
4575 1526
4570 1526
4531 1526
4576 1526
4537 1526
4545 1526
4553 1526
4529 1526
4592 1526
4523 1526
4568 1526
4584 1526
4582 1526
4585 1526
2008 1526
19266 1526
4843 1526
4588 1526
2166 1526
4552 1526
3594 1526
4566 1526
2347 1526
4208 1526
4569 1526
4577 1526
4544 1526
4547 1526
4560 1526
4590 1526
4574 1526
4558 1526
4563 1526
4555 1526
4571 1526
15105 1526
4539 1526
4564 1526
4578 1526
4525 1526
4533 1526
4556 1526
4586 1526
4541 1526
4580 36
4572 1526
4548 1526
4520 1526
4573 1526
4581 1526
4542 1526
4579 1526
3223 1526
4550 1526
4534 1526
4587 1526
4526 1526
4540 1526
1291 1526
4543 1526
4549 1526
4532 1526
4557 1526
4535 1526
4565 1526
4562 1526
4546 1526
4551 1526
4554 1526
4538 1526
4591 1526
4527 1526
1461 1526
18751 1526
4524 1526
5827 1526
18888 1526
4321 1526
4521 1526
