549 928
506 928
409 928
514 928
425 928
557 928
397 928
486 928
540 928
443 928
417 928
15949 928
1 928
441 928
476 928
530 928
522 928
407 928
451 928
433 928
494 928
468 928
539 928
555 928
512 928
488 928
542 928
461 928
17918 928
402 928
508 928
393 928
415 928
14396 928
17922 928
445 928
458 928
395 928
400 928
17920 928
427 928
492 928
474 928
431 928
524 928
537 928
501 928
439 928
544 928
11335 928
456 928
499 928
413 928
527 928
480 928
471 928
430 928
411 928
429 928
489 928
454 928
473 928
15794 928
437 928
490 928
463 928
518 928
17919 928
552 928
420 928
403 928
446 928
535 928
550 928
520 928
399 928
503 928
516 928
495 928
482 928
15766 928
497 928
435 928
484 928
448 928
452 928
529 928
422 928
559 928
465 928
478 928
546 928
533 928
418 928
405 928
442 928
531 928
434 928
396 928
450 928
477 928
558 928
426 928
408 928
469 928
493 928
523 928
459 928
460 928
416 928
548 928
513 928
467 928
505 928
556 928
16242 928
424 928
485 928
17923 928
17921 928
491 928
525 928
394 928
428 928
432 928
475 928
538 928
16379 928
507 928
10641 928
554 928
462 928
541 928
401 928
414 928
487 928
511 928
457 928
444 928
447 928
472 928
464 928
412 928
519 928
510 928
421 928
504 2
553 928
560 928
536 928
404 928
500 928
10415 928
438 928
543 928
509 928
481 928
455 928
526 928
498 928
423 928
496 928
466 928
453 928
479 928
517 928
436 928
410 928
534 928
449 928
547 928
406 928
521 928
551 928
231 928
419 928
532 928
502 928
545 928
398 928
515 928
528 928
440 928
470 928
483 928
