5130 472
14548 472
1130 472
5104 472
5147 472
5149 472
14558 472
5114 472
5139 472
5140 472
7191 472
5122 472
5157 472
5137 472
2752 472
5124 472
5110 472
12289 472
5108 472
5106 472
5112 472
5155 472
5142 472
2010 472
14552 472
5118 472
5127 472
2690 472
35 472
5161 472
2169 472
5101 472
5152 472
14550 472
5144 472
5135 472
5116 472
5129 472
14555 472
5874 472
5150 472
14561 472
10017 472
5103 472
5120 472
5159 472
5146 472
5133 472
5105 472
5156 472
14557 472
5113 472
5121 472
14549 472
5131 472
4255 472
5123 472
3405 472
14563 472
1741 472
5148 472
14559 472
2243 472
5111 472
5141 472
955 472
5154 472
5138 472
4212 472
14553 472
5125 472
5107 472
10407 472
5100 472
14560 472
5143 472
5151 472
5119 472
5160 472
5134 472
14551 472
5136 472
5117 472
5153 472
14554 472
5109 472
5126 45
1655 472
5102 472
5115 472
5145 472
5158 472
14562 472
5132 472
4664 472
5128 472
14556 472
