2752 485
5124 485
5127 45
5159 485
12186 485
1655 485
955 485
14690 485
5116 485
5141 485
5108 485
5132 485
5125 485
4664 485
5142 485
4212 485
5106 485
12623 485
5158 485
5115 485
2010 485
5133 485
5107 485
5150 485
5105 485
5148 485
14684 485
5118 485
14692 485
5119 485
5151 485
5134 485
5149 485
5121 485
5136 485
5117 485
14691 485
5123 485
14685 485
5147 485
7816 485
3405 485
5104 485
5153 485
5140 485
2169 485
10515 485
5152 485
5122 485
14686 485
5479 485
5135 485
5129 485
5154 485
5111 485
5103 485
5102 485
5138 485
5145 485
5110 485
7519 485
14687 485
6430 485
5112 485
5128 485
5155 485
14693 485
14327 485
5137 485
5146 485
5120 485
14688 485
5130 485
5113 485
5143 485
5100 485
5156 485
5114 485
1130 485
10408 485
14689 485
5160 485
35 485
5131 485
5101 485
5157 485
5139 485
5144 485
5126 485
5109 485
5161 485
