481 1098
495 1098
550 1098
395 1098
417 1098
450 1098
517 1098
448 1098
503 1098
403 1098
548 1098
464 1098
396 1098
451 1098
496 1098
551 1098
465 1098
520 1098
418 1098
349 1098
404 1098
434 1098
449 1098
479 1098
504 1098
518 1098
534 1098
420 1098
421 1098
446 1098
501 1098
416 1098
432 1098
435 1098
419 1098
480 1098
547 1098
393 1098
478 1098
483 1098
533 1098
405 1098
497 1098
552 1098
494 1098
402 1098
536 1098
400 1098
498 1098
500 1098
406 1098
459 1098
453 1098
545 1098
470 1098
437 1098
422 1098
506 1098
522 1098
554 1098
454 1098
529 1098
476 1098
492 1098
431 1098
523 1098
415 1098
507 1098
14509 1098
460 1098
535 1098
538 1098
532 1098
463 1098
394 1098
466 1098
17268 1098
485 1098
488 1098
469 1098
519 1098
6401 1098
447 1098
441 1098
482 1098
513 1098
425 1098
510 1098
1 1098
428 1098
444 1098
397 1098
556 1098
442 1098
487 1098
542 1098
525 1098
409 1098
509 1098
456 1098
511 1098
411 1098
472 1098
526 1098
426 1098
412 1098
457 1098
512 1098
473 1098
557 1098
15086 1098
438 1098
424 1098
491 1098
413 1098
443 1098
427 1098
440 1098
516 2
489 1098
544 1098
475 1098
530 1098
408 1098
486 1098
541 1098
558 1098
539 1098
410 1098
555 1098
18600 1098
528 1098
17379 1098
560 1098
231 1098
445 1098
553 1098
414 1098
514 1098
559 1098
398 1098
13228 1098
461 1098
467 1098
6443 1098
429 1098
499 1098
537 1098
399 1098
401 1098
18599 1098
462 1098
531 1098
423 1098
17021 1098
468 1098
484 1098
407 1098
515 1098
477 1098
474 1098
549 1098
546 1098
521 1098
540 1098
543 1098
524 1098
527 1098
430 1098
505 1098
490 1098
493 1098
502 1098
508 1098
433 1098
458 1098
455 1098
471 1098
436 1098
439 1098
452 1098
