5990 58
802 58
5560 58
6014 58
5998 58
3037 58
5548 58
5568 58
5583 58
6028 58
5545 58
6005 58
5551 58
6020 58
5574 58
6017 58
5565 58
5840 58
5995 58
5586 58
5571 58
6002 58
6023 58
5554 58
1469 58
5579 58
5592 58
6016 58
5996 58
5543 58
5566 58
5585 58
5572 58
5999 58
6003 58
6022 58
5987 58
5557 58
5591 58
1298 58
6019 58
5588 58
3406 58
6011 58
5549 58
5993 58
5563 58
5580 58
586 58
5541 51
5546 58
6025 58
6031 58
6008 58
2171 58
5577 58
6000 58
5552 58
1660 58
5449 58
5988 58
254 58
6018 58
5564 58
5361 58
6010 58
5587 58
5994 58
5163 58
5570 58
6030 58
6024 58
6009 58
3844 58
6001 58
5555 58
5578 58
5593 58
5561 58
6013 58
5569 58
5582 58
5991 58
5544 58
5550 58
6006 58
6027 58
5558 58
5575 58
1467 58
256 58
5589 58
6012 58
5562 58
5581 58
5992 58
5547 58
6007 58
6026 58
5553 58
5559 58
5576 58
5989 58
6015 58
1657 58
5542 58
5997 58
2518 58
5567 58
5584 58
6004 58
6029 58
5791 58
5590 58
6021 58
5556 58
5986 58
5573 58
