5752 1300
5719 1300
5735 1300
5783 1300
5722 1300
5704 1300
5753 1300
5749 1300
5784 1300
19178 1300
5779 1300
5718 1300
5720 1300
19177 1300
5703 1300
5717 1300
4127 1300
5706 1300
5785 1300
5782 1300
5736 1300
11706 1300
5747 1300
5766 1300
5771 1300
6205 1300
5780 1300
5741 1300
5716 1300
5738 1300
5786 1300
5764 1300
5701 1300
5707 1300
5729 1300
5742 1300
5723 1300
5770 1300
5776 1300
5745 1300
5748 1300
365 1300
5773 1300
5751 1300
3948 1300
5754 1300
5767 54
12691 1300
5732 1300
4106 1300
4509 1300
5789 1300
5710 1300
5713 1300
13920 1300
5758 1300
5744 1300
2173 1300
5727 1300
4464 1300
5730 1300
5775 1300
5757 1300
1658 1300
5712 1300
5761 1300
5700 1300
5726 1300
5731 1300
5709 1300
5714 1300
5788 1300
5725 1300
16636 1300
5728 1300
5777 1300
5760 1300
5790 1300
5774 1300
2014 1300
5739 1300
5763 1300
5755 1300
5724 1300
5769 1300
5733 1300
5772 1300
5746 1300
1296 1300
5711 1300
18794 1300
5207 1300
5715 1300
5768 1300
5787 1300
5750 1300
5734 1300
5737 1300
5765 1300
5781 1300
5759 1300
5756 1300
3534 1300
5762 1300
5743 1300
5778 1300
3244 1300
5740 1300
5708 1300
5705 1300
5721 1300
5702 1300
