5824 842
5795 842
5700 842
5808 842
5832 842
15931 842
16983 842
5815 842
5823 842
5806 842
5831 842
5809 842
5794 842
5814 842
17497 842
3035 842
5818 842
2174 842
5805 842
5822 842
13977 842
17498 842
5835 842
5798 842
5804 842
5817 842
17499 842
1135 842
5796 842
5834 842
5821 842
5797 842
5833 842
5803 842
5816 842
5829 842
5811 842
5837 842
5802 842
4977 842
5791 842
16148 842
5828 842
2587 842
5799 842
5810 842
2756 842
5836 842
15670 842
5827 842
3535 842
9844 842
5801 842
5830 842
2521 842
11892 842
5793 842
17500 842
5826 842
17501 842
5819 842
5839 842
5813 842
5800 842
4008 842
5820 55
5812 842
5792 842
5838 842
3598 842
4851 842
5807 842
5825 842
