5976 1756
959 1756
3407 1756
5923 1756
5931 1756
5968 1756
5984 1756
5959 1756
5954 1756
5962 1756
5970 1756
5946 1756
5928 1756
5940 1756
5985 1756
4521 1756
5971 1756
5963 1756
5924 1756
5977 1756
5932 1756
5969 1756
1659 1756
5983 1756
5980 1756
5975 1756
5978 1756
5964 1756
5967 1756
1468 1756
5950 1756
5918 1756
5956 1756
2015 1756
5972 1756
5926 1756
5942 1756
5953 1756
5961 1756
17611 1756
5945 1756
5929 1756
5937 1756
5973 1756
1297 1756
5934 1756
5979 1756
5948 1756
6562 1756
5951 1756
5981 1756
5920 1756
5957 1756
5965 1756
5917 1756
16158 1756
1261 1756
5935 1756
5939 1756
5943 1756
5921 1756
5974 1756
5966 1756
4847 1756
5955 1756
19376 1756
5958 1756
5952 1756
13407 1756
5927 1756
19867 1756
5919 1756
5947 1756
5930 1756
5960 1756
5936 1756
5938 1756
5944 1756
3303 1756
5949 1756
5933 1756
5941 1756
5925 1756
5448 1756
18986 1756
5922 1756
588 1756
15448 1756
5982 57
