6381 534
15197 534
6410 534
6399 534
6372 534
6402 534
1878 534
6380 534
15200 534
13040 534
6382 534
1665 534
15198 534
13032 534
6398 534
6401 534
15195 534
6373 534
15199 534
10625 534
5364 534
6390 534
2965 534
6388 534
6375 534
6409 534
6412 534
4596 534
6413 534
6391 534
6400 534
6408 534
1299 534
6387 534
6393 534
6374 534
15196 534
6411 534
6407 534
13928 534
6392 534
6394 534
6386 534
6378 534
4467 534
5564 534
6406 534
6376 534
6395 534
5210 534
6385 534
12858 534
6414 534
6377 534
6405 534
6404 534
6389 68
6383 534
5701 534
6397 534
14410 534
12099 534
6371 534
6384 534
5485 534
6396 534
6403 534
5920 534
6379 534
