6564 916
6521 916
6548 916
3769 916
6505 916
6546 916
6511 916
17320 916
17866 916
6554 916
6558 916
16657 916
6562 916
6531 916
6501 916
257 916
6507 916
6544 916
6493 916
6560 916
6525 916
6538 916
6513 916
6556 916
5595 916
2290 916
6509 916
6534 916
6526 916
6551 916
6496 916
6568 916
6542 916
13137 916
6519 916
6532 916
17393 916
2651 916
3147 916
6515 916
6540 916
6528 916
6553 916
6523 916
6510 916
17385 916
6566 916
17037 916
6498 916
17865 916
6547 916
16979 916
6517 916
6504 916
6539 916
6512 916
6555 916
6514 916
6520 916
3603 916
6563 916
961 916
6506 916
6549 916
6502 916
6545 916
6494 916
6537 916
6561 916
6557 916
6536 71
6508 916
6500 916
6530 916
6543 916
6497 916
2179 916
419 916
6518 916
6527 916
6533 916
6550 916
6524 916
6495 916
6567 916
6541 916
1139 916
6499 916
17864 916
6529 916
6559 916
6516 916
6503 916
6552 916
6522 916
6535 916
6565 916
9132 916
