6648 1396
6611 1396
6620 1396
1668 1396
15253 1396
6617 1396
6625 1396
3771 1396
6633 1396
6639 1396
6643 1396
1880 1396
6647 1396
6621 1396
19411 1396
532 1396
258 1396
6638 73
2181 1396
14629 1396
6615 1396
6618 1396
6612 1396
3377 1396
6407 1396
6623 1396
6637 1396
19409 1396
6629 1396
6634 1396
6626 1396
6642 1396
5365 1396
6645 1396
6631 1396
19410 1396
6614 1396
6622 1396
4853 1396
6636 1396
13387 1396
2967 1396
2129 1396
6628 1396
6640 1396
6644 1396
6632 1396
6613 1396
6627 1396
6624 1396
6616 1396
6641 1396
4219 1396
6619 1396
6635 1396
6630 1396
6646 1396
13882 1396
3727 1396
3954 1396
