1238 1354
6787 1354
6773 1354
6781 1354
6811 1354
1141 1354
6809 1354
422 1354
19313 1354
6778 1354
6796 1354
19312 1354
6808 1354
6802 1354
6788 1354
5102 1354
6790 1354
6313 1354
6774 1354
6782 1354
3150 1354
807 1354
6810 1354
6807 1354
6804 1354
5211 1354
4524 1354
6801 1354
6792 1354
11608 1354
6795 1354
6779 1354
3846 1354
6798 1354
15723 1354
6800 1354
6803 76
6806 1354
6776 1354
6784 1354
6799 1354
13563 1354
6793 1354
12183 1354
6785 1354
6789 1354
6771 1354
10868 1354
6777 1354
18927 1354
6805 1354
6791 1354
6797 1354
19311 1354
6780 1354
18320 1354
6783 1354
6022 1354
6794 1354
6786 1354
1302 1354
6775 1354
6772 1354
