6869 1346
6855 1346
6863 1346
6841 1346
17373 1346
6494 1346
6611 1346
6864 1346
6872 1346
12932 1346
1813 1346
17495 1346
6850 1346
6856 1346
6880 1346
6845 1346
6842 1346
6882 1346
1478 1346
6847 1346
4409 1346
6871 1346
6874 1346
6858 1346
6885 1346
18951 1346
6877 1346
6878 78
6852 1346
6866 1346
1142 1346
6883 1346
6844 1346
6860 1346
6849 1346
18994 1346
6875 1346
6867 1346
2762 1346
6853 1346
1669 1346
2019 1346
6861 1346
6848 1346
15025 1346
6884 1346
6870 1346
6876 1346
12381 1346
6879 1346
6859 1346
6862 1346
6868 1346
3290 1346
6881 1346
6865 1346
6873 1346
6857 1346
6854 1346
6846 1346
6851 1346
6843 1346
5921 1346
6569 1346
