6940 454
45 454
6975 454
6966 454
6967 454
6949 454
6932 454
6958 454
1737 454
6957 454
14341 454
6965 454
6948 454
6974 454
2524 454
6931 454
6964 454
14347 454
6934 454
4807 454
6951 454
8709 454
424 454
6947 454
1480 454
4469 454
6976 454
6933 454
6314 454
6963 454
6950 454
6929 454
6959 454
14340 454
6946 81
5988 454
6928 454
6953 454
14336 454
6954 454
6962 454
6936 454
5164 454
14345 454
6945 454
6971 454
6952 454
14337 454
9395 454
12575 454
5316 454
14338 454
6961 454
6935 454
6944 454
14346 454
7414 454
11355 454
6970 454
6939 454
14342 454
6969 454
14339 454
14245 454
6943 454
6973 454
6956 454
6960 454
14343 454
6930 454
6941 454
6968 454
6938 454
2892 454
6937 454
6942 454
6955 454
6972 454
592 454
14344 454
