7707 1361
6497 1361
1239 1361
4927 1361
4192 1361
7715 1361
7699 1361
7701 1361
7686 1361
7694 1361
19330 1361
7704 100
7700 1361
7698 1361
1304 1361
4859 1361
7176 1361
7702 1361
7705 1361
7693 1361
7710 1361
7696 1361
7685 1361
7708 1361
7713 1361
7716 1361
13406 1361
7690 1361
5452 1361
51 1361
5275 1361
7688 1361
7691 1361
7697 1361
7712 1361
5292 1361
15287 1361
7703 1361
7687 1361
17295 1361
7711 1361
7714 1361
15552 1361
7695 1361
16116 1361
7692 1361
7706 1361
7709 1361
4471 1361
7689 1361
599 1361
18274 1361
