13192 355
8369 355
11735 355
13176 355
13183 355
8376 355
8359 355
8360 355
8378 355
13177 355
13191 355
7901 355
8351 355
8368 355
13182 355
7732 355
8377 355
13186 355
3981 355
8353 355
8366 355
8370 355
8352 355
13181 355
13187 355
8354 355
8371 355
13180 355
8367 355
4225 355
6911 355
13188 355
8379 355
6654 355
10049 355
8372 355
8355 355
8363 355
12499 355
13189 355
5216 355
8365 355
8373 355
6462 355
1886 355
5673 355
8356 355
843 355
975 355
8364 355
3049 355
8358 355
3434 355
13178 355
13190 355
7925 355
8374 355
8361 355
13185 355
8357 355
13179 355
8375 355
8362 117
13184 355
7494 355
