7494 1521
8352 1521
8358 1521
8377 117
1886 1521
8360 1521
3387 1521
5525 1521
8374 1521
8366 1521
19600 1521
8361 1521
8353 1521
8359 1521
16234 1521
17329 1521
3049 1521
8367 1521
8375 1521
12343 1521
6462 1521
17527 1521
6654 1521
19096 1521
19601 1521
4225 1521
8355 1521
8369 1521
8371 1521
8363 1521
8364 1521
8378 1521
8356 1521
8372 1521
8373 1521
8370 1521
8376 1521
5673 1521
8365 1521
7925 1521
975 1521
8368 1521
8379 1521
19574 1521
8357 1521
5216 1521
19468 1521
8351 1521
8354 1521
8362 1521
