8401 258
8386 118
8399 258
8398 258
8410 258
1703 258
11749 258
8380 258
5454 258
8419 258
8402 258
11756 258
8389 258
8390 258
11739 258
11740 258
11758 258
10600 258
2877 258
8400 258
8382 258
7355 258
8381 258
11748 258
3957 258
8409 258
11757 258
8418 258
6375 258
8412 258
8388 258
11738 258
9832 258
7926 258
8387 258
8408 258
8391 258
11754 258
11741 258
4331 258
8411 258
8424 258
11737 258
5384 258
11755 258
7937 258
8392 258
7323 258
8407 258
11742 258
4068 258
8406 258
11752 258
8385 258
8394 258
8423 258
11735 258
11760 258
4343 258
8415 258
11743 258
8393 258
8395 258
8413 258
11745 258
11753 258
11736 258
8422 258
1308 258
8414 258
11744 258
8405 258
8396 258
11746 258
8420 258
8383 258
8421 258
11750 258
8417 258
8404 258
11734 258
8397 258
11747 258
11751 258
8704 258
8384 258
8403 258
1490 258
3412 258
11759 258
8416 258
