8635 1287
7555 1287
8621 1287
8618 1287
8613 1287
8626 1287
2370 1287
4965 1287
8609 1287
8622 1287
271 1287
8630 1287
18248 1287
8611 1287
6065 1287
7226 1287
3540 1287
3493 1287
16838 1287
18396 1287
8616 1287
8608 1287
8640 1287
12867 1287
8619 1287
19146 1287
8627 1287
8643 1287
1492 1287
8632 1287
8638 1287
5105 1287
8624 1287
8633 125
8610 1287
8607 1287
8615 1287
8637 1287
8629 1287
8641 1287
8606 1287
8614 1287
8617 1287
6773 1287
8628 1287
8625 1287
9739 1287
8631 1287
19147 1287
8634 1287
8636 1287
8642 1287
8639 1287
13083 1287
8623 1287
8482 1287
8612 1287
8620 1287
18108 1287
