8834 132
8858 441
8840 441
10127 441
8832 441
8831 441
8824 441
3158 441
8822 441
8841 441
8857 441
14216 441
11322 441
1734 441
8849 441
8823 441
8866 441
14221 441
7288 441
13552 441
8842 441
8856 441
1313 441
8843 441
5601 441
8826 441
14220 441
1149 441
8839 441
8860 441
8830 441
8855 441
8838 441
8825 441
8828 441
8853 441
8845 441
8837 441
8861 441
7013 441
8854 441
4731 441
8827 441
8835 441
12149 441
6844 441
8819 441
8844 441
8818 441
8862 441
8836 441
435 441
5682 441
8821 441
6657 441
12917 441
8847 441
2407 441
14217 441
14218 441
8848 441
9621 441
8820 441
8863 441
8865 441
8850 441
8846 441
8852 441
8833 441
14219 441
8859 441
8829 441
8851 441
8864 441
