835 1425
804 1425
535 1425
797 1425
852 1425
897 1425
783 1425
883 1425
849 1425
905 1425
796 1425
851 1425
19382 1425
836 1425
896 1425
819 1425
919 1425
782 1425
866 1425
921 1425
805 1425
821 1425
882 1425
898 1425
881 1425
806 1425
803 1425
884 1425
822 1425
833 1425
870 1425
817 1425
865 1425
920 1425
780 1425
868 1425
923 1425
879 1425
918 1425
895 1425
863 1425
824 1425
894 1425
846 1425
841 1425
233 1425
394 1425
794 1425
799 1425
15338 1425
808 1425
793 1425
847 1425
802 1425
885 1425
910 1425
840 1425
869 1425
916 1425
784 1425
859 1425
787 1425
12184 1425
781 1425
928 1425
903 1425
16130 1425
856 1425
831 1425
909 1425
906 1425
922 1425
878 1425
925 1425
812 1425
875 1425
815 1425
872 1425
834 1425
818 1425
850 1425
853 1425
900 1425
837 1425
860 1425
827 1425
888 1425
927 1425
843 1425
788 1425
891 1425
18861 1425
791 1425
857 1425
912 1425
889 1425
890 1425
3 1425
789 1425
844 1425
813 1425
19460 1425
790 1425
858 1425
913 1425
874 1425
800 1425
814 1425
811 1425
892 1425
828 1425
873 1425
862 1425
809 1425
825 1425
561 1425
830 1425
926 1425
915 1425
19292 1425
876 1425
887 1425
929 1425
838 1425
877 1425
832 1425
871 1425
907 1425
807 1425
19459 1425
801 1425
901 1425
4791 1425
786 1425
854 1425
899 1425
886 1425
902 1425
893 1425
908 1425
839 1425
855 1425
785 1425
810 1425
816 1425
924 1425
914 1425
842 1425
848 1425
792 1425
911 1425
904 4
7584 1425
867 1425
820 1425
917 1425
829 1425
826 1425
930 1425
823 1425
880 1425
864 1425
861 1425
795 1425
798 1425
845 1425
