9709 163
610 163
2531 163
9191 163
9204 163
9697 163
9203 163
9688 163
440 163
8264 163
9679 163
9212 163
9205 163
9708 163
9680 163
3311 163
9193 163
9698 163
1893 163
9689 163
9700 163
9672 163
9213 163
9699 163
9686 163
9194 163
4733 163
9690 163
9673 163
9707 163
9190 144
9201 163
9214 163
9195 163
9674 163
9687 163
8868 163
9706 163
9215 163
9202 163
9691 163
826 163
9675 163
9196 163
9692 163
9209 163
9683 163
9208 163
9684 163
9197 163
9705 163
5993 163
9703 163
9693 163
9189 163
9200 163
6658 163
9685 163
3853 163
4985 163
9198 163
9676 163
9704 163
9681 163
5605 163
9694 163
9206 163
9701 163
8902 163
9199 163
9210 163
4928 163
9677 163
1891 163
8564 163
9695 163
9192 163
9207 163
9682 163
9696 163
2373 163
9702 163
9211 163
9678 163
