2321 1559
9545 1559
9537 1559
9562 1559
9570 1559
9553 1559
19658 1559
9559 1559
9567 1559
6421 1559
4144 1559
9561 1559
11489 1559
9546 1559
9529 1559
17421 1559
9554 1559
9701 1559
7862 1559
9576 1559
9584 1559
9531 1559
9568 1559
9527 1559
18573 1559
9538 1559
9532 1559
9583 1559
3783 1559
9535 1559
11613 1559
3619 1559
9543 1559
9580 1559
9572 1559
9578 1559
9540 1559
9575 1559
10488 1559
2201 1559
7767 1559
9548 1559
9573 1559
7803 1559
9534 1559
9542 1559
9579 1559
9551 1559
9556 1559
9564 1559
7588 1559
9557 1559
9550 1559
9526 1559
9549 1559
9565 1559
9581 1559
4863 1559
9569 1559
613 1559
9563 1559
9558 1559
9566 1559
9577 1559
9585 1559
13532 1559
9536 1559
9539 1559
9530 1559
9533 1559
9582 1559
9541 1559
9544 1559
9547 1559
9571 1559
9555 1559
9560 1559
9528 1559
9552 1559
9574 158
