1036 200
1079 200
1052 200
1028 200
1095 200
937 200
981 200
1087 200
973 200
1044 200
1001 200
949 200
1072 200
996 200
1008 200
965 200
10557 200
1099 200
1110 200
1056 200
1024 200
1067 200
1060 200
10562 200
780 200
1105 200
953 200
2537 200
968 200
993 200
950 200
933 200
985 200
942 200
1032 200
5854 200
976 200
1092 200
1013 200
1075 200
1102 200
1040 200
562 200
10565 200
1083 200
1047 200
957 200
1021 200
961 200
1004 200
1017 200
10511 200
1064 200
1109 200
1010 200
1045 200
1088 200
954 200
1108 200
1019 200
3629 200
1002 200
1078 200
1035 200
1053 200
964 200
1096 200
1025 200
982 200
1039 200
4538 200
948 200
1041 200
1084 200
1073 200
1030 200
997 200
970 200
10563 200
10558 200
1007 200
936 200
395 200
979 200
1068 200
1031 200
1091 200
1103 200
1074 200
10564 200
234 200
986 200
969 200
943 200
1057 200
960 200
1014 200
1020 200
1063 200
1080 200
932 200
1029 200
992 200
1089 200
958 200
1046 200
975 200
1003 200
998 200
955 200
939 200
963 200
1097 200
1107 200
1062 200
10560 200
1070 200
947 200
7291 200
1018 200
1085 200
1038 200
1069 200
935 200
4 200
1026 200
978 200
1054 200
1011 200
967 200
10559 200
1090 200
940 200
983 200
971 200
1042 200
1006 200
1066 200
1049 200
1023 200
959 200
1104 200
1015 200
1058 200
9341 200
1111 200
944 200
974 200
987 200
1077 200
931 200
1034 200
1100 200
1094 200
1051 200
1081 200
1061 200
980 200
989 200
946 200
972 200
956 200
1000 200
999 200
990 200
1027 200
938 200
1012 200
10561 200
1106 200
1009 200
995 200
1071 200
952 200
1043 200
1086 200
1037 200
984 200
966 200
1098 200
1055 200
1691 200
941 200
1082 200
1048 200
1005 200
951 200
1065 200
994 200
1022 200
934 200
991 5
5375 200
977 200
10566 200
1050 200
1101 200
1093 200
945 200
1076 200
1033 200
988 200
1016 200
1059 200
962 200
