10899
10898
4608
10891
10890
10893
10892
5811
10650
10895
10894
10897
10896
1110
1107
1106
1105
3
1104
10427
1103
1102
1101
1100
10784
1109
1108
1000
1121
1120
1118
10998
1117
10997
1116
1115
10999
1114
1113
1112
1111
10990
10992
10991
10994
10993
10996
1119
10995
1011
1132
1010
1131
1130
1008
1129
10888
1007
1128
10887
1006
1127
1005
1126
10889
1004
1125
1003
1124
1002
1123
1001
1122
10880
3784
10882
10881
10884
10883
10886
1009
10885
5981
1022
1143
1021
1142
1020
1141
1140
1019
10976
1018
1139
10975
1017
1138
10978
1016
1137
10977
1015
1136
1014
1135
10979
1013
1134
1012
1133
10970
10972
10971
10974
10973
5617
1033
1154
1032
1153
1031
1152
1030
1151
1150
10987
1029
10986
1028
1149
10989
1027
1148
10988
1026
1147
1025
1146
1024
1145
1023
1144
10981
10980
10983
10982
10985
10984
1044
1165
1043
1164
1042
1163
1041
1162
1040
1161
1160
10954
10953
1039
10956
1038
1159
10955
1037
1158
10958
1036
1157
10957
1035
1156
1034
1155
10959
10950
10952
10951
1055
1176
1054
1175
1053
1174
1052
1173
1051
1172
1050
1171
1170
10965
10964
981
10967
982
1049
10966
983
1048
1169
10969
984
1047
1168
10968
985
1046
1167
986
1045
1166
987
988
989
10961
10960
10963
10962
1066
1187
1065
1186
1064
1185
1063
1184
1062
1183
1061
1182
1060
1181
1180
990
991
992
751
993
994
1059
995
1058
1179
996
1057
1178
997
1056
1177
998
999
1190
1077
1076
1075
1196
1074
1195
1073
1194
1072
1193
1071
1192
1070
1191
1069
1068
1189
1067
1188
529
1080
1088
1087
1086
1085
1084
1083
1082
1081
1079
1078
1091
1090
7510
1099
1098
1097
1096
1095
1094
1093
1092
1089
6778
4379
2094
7779
7670
3195
223
6592
480
11041
11040
9401
11043
11042
7338
9540
11021
11020
11023
11022
11025
50
11024
11027
11026
11029
11028
11030
11032
11031
11034
11033
11036
11035
11038
11037
11039
9682
11009
11008
11001
11000
11003
11002
11005
10037
11004
11007
11006
11010
11019
11012
11011
11014
11013
11016
11015
11018
11017
8139
10929
10928
10932
10931
10934
10933
10936
10935
10938
10937
10930
10939
7173
10943
10942
10945
10944
10947
10946
10949
10948
10941
10940
10907
10906
10909
10908
10910
1876
10912
10911
10914
10913
10916
10915
10918
10917
10919
10921
10920
10923
10922
10925
10924
10927
10926
9152
2757
10901
3601
10900
10903
10902
10905
10904
