7683
11063
15300
13483
15309
15304
15303
15302
15301
15308
15307
15306
15305
15311
15310
1110
480
1107
10547
1106
1105
3
1104
1103
1102
1101
1100
15315
15314
15313
15312
1109
1108
4195
1000
1121
1120
2570
1118
1117
1116
1115
1114
1113
1112
1111
4625
5835
1119
7353
9414
1011
1132
1010
1131
1130
1491
1008
1129
1007
1128
1006
1127
1005
1126
1004
1125
2335
1003
1124
1002
1123
1001
1122
1009
8578
1022
1143
1021
1142
1020
1141
1140
1019
1018
1139
1017
1138
1016
1137
1015
1136
1014
1135
1013
1134
1012
1133
13326
1033
1154
1032
1153
1031
1152
2120
1030
1151
1150
1029
1028
1149
1027
1148
1026
1147
1025
1146
1024
1145
1266
1023
1144
15285
15284
15283
15282
15289
15288
15287
15286
1044
1165
1043
1164
1042
1163
1041
1162
1040
1161
15281
1160
15280
3218
1039
1038
1159
1037
1158
1036
1157
1035
1156
1034
1155
5638
15296
15295
15294
15293
15299
15298
15297
1055
1176
1054
1175
1053
1174
1052
1173
1051
1172
15292
1050
1171
15291
1170
15290
981
982
1049
983
1048
1169
984
1047
1168
985
1046
1167
986
1045
1166
987
988
989
6613
15263
15262
15261
15260
15267
5420
15266
15265
15264
1066
1187
1065
1186
1064
1185
1063
1184
1062
1183
1061
1182
1060
1181
1180
990
991
992
751
993
994
1059
995
1058
1179
996
1057
1178
997
1056
1177
998
999
15269
15268
1190
15274
15273
15272
15271
15278
15277
15276
15275
1077
1076
1075
1196
1074
1195
1073
1194
15270
1072
1193
1071
1192
1070
1191
1069
1068
1189
3809
1067
1188
15279
13655
1080
15241
15240
15245
15244
15243
15242
1088
1087
1086
1085
1084
1083
1082
1081
1079
1078
15249
15248
15247
15246
1091
15252
1090
15251
15250
15256
15255
15254
15253
1099
1098
1097
7192
1096
1095
1094
1093
1092
1089
15259
15258
15257
4809
10902
15238
11430
15239
7535
7795
223
12865
