6592
6595
2550
10899
11504
10898
11503
4608
11506
11505
11508
11507
11509
10891
10890
10651
10893
5811
10650
10892
10895
11500
10894
10897
11502
10896
11501
5398
1473
11515
11514
11517
10427
11516
11519
11518
4610
11511
10784
11510
11513
11512
11041
11040
9401
11043
11042
10998
10997
10999
7338
10990
11045
10992
10991
10994
10993
10996
10995
6384
10888
10887
10889
3784
10880
4996
9405
10882
10881
10884
10883
10886
10885
9540
5981
11021
11020
274
10976
5619
10975
10978
10977
10979
11023
11022
10970
11025
50
11024
10972
11027
10971
11026
10974
11029
5617
10973
11028
6166
11030
11032
10184
11031
11273
1031
10987
10986
10989
10988
11034
5985
11033
10981
11036
10980
11035
10983
11038
10982
11037
10985
10984
11039
9684
11481
11480
11483
11482
9682
10954
11009
10953
11008
10956
10955
10958
10957
10959
11001
11485
11000
11484
11003
11487
11002
11486
10037
10950
11005
11489
11004
11488
10952
11007
10951
11006
11490
11492
11491
11010
11494
11493
10965
10964
11019
10967
10966
10969
10968
11012
11496
11011
11495
11014
11498
11013
11497
10961
11016
10960
11015
11499
10963
11018
10962
11017
8139
11461
6994
11460
10929
10928
10932
10931
10934
10933
10936
10935
10938
10937
11463
11462
11465
11464
11467
11466
10930
11469
11468
7176
11470
11472
11471
10939
7173
10943
10942
10945
10944
10947
10946
10949
10948
11474
11473
11476
11475
529
11478
11477
10941
10940
11479
10907
10906
10909
10908
10910
11449
1876
11448
10912
10911
10914
533
10913
10916
10915
11441
11440
11443
11442
11445
11444
1879
11447
11446
7510
11450
10918
10917
10919
9010
10921
10920
11459
10923
10922
10925
10924
10927
3388
10926
11452
11451
11454
6778
11453
11456
11455
11458
11457
11427
11426
11429
11428
11540
11542
11421
11541
11420
11544
11423
11543
11422
11425
11424
9152
2757
11438
3603
11437
10901
3601
10900
11439
10903
10902
2993
10905
10904
11430
4379
11432
11431
11434
11433
2759
11436
11435
7781
2098
2094
11526
11525
11528
11527
11529
11520
7779
11522
11521
11524
11523
7670
7672
3195
11537
11416
11536
11539
11418
11538
11417
11419
11531
11530
11533
11532
11535
11534
