6596
4178
5267
2551
594
11625
10535
11624
11627
11626
11629
11628
4841
11621
11620
11623
11622
5399
11636
11635
11638
11637
11639
11630
11632
11631
11634
11633
11603
11602
11605
11604
11607
11606
11609
1474
11608
11601
11600
19214
8562
17272
11614
11613
11616
11615
1246
11618
11617
11619
3785
4997
11610
10883
11612
11611
20654
9543
20653
15064
20652
20651
20650
20657
20656
20655
52
4649
15195
6167
847
9685
20632
20631
20630
7941
20639
20638
20637
20636
20635
20634
20633
1035
10039
20643
20642
20641
20640
18320
20649
20648
20647
20646
20645
20644
7828
15384
11580
11582
9589
11581
20618
2153
11584
11583
11586
11585
11588
11587
11589
20621
20620
11591
11590
11593
11592
20629
20628
20627
20626
20625
20624
20623
20622
20619
11595
11594
11597
16006
11596
11599
11598
11560
19043
11569
534
11562
11561
11564
11563
11566
11565
11568
11567
11571
11570
18083
11573
11572
11575
12782
11574
11577
11455
11576
11579
11578
11548
11547
11549
11661
7513
11660
5219
11546
11545
4382
13170
11791
20141
2760
3055
8180
3604
11559
11558
2994
11551
11550
11553
11552
11555
11554
11557
11556
19956
17984
2099
1679
11647
11646
11649
11648
11641
11640
11643
12975
11642
11645
11644
14118
3991
3198
11416
11658
11657
11659
11650
11652
11651
11893
11654
11653
11656
11655
