6871
12550
3000
18096
1974
12559
12553
12554
12551
22909
12552
12557
12558
12555
13523
12435
12556
4184
7178
17455
12560
12561
19591
25114
23178
25116
25115
25118
25117
25119
881
2557
12564
12565
12562
12563
12568
12566
12567
15085
12539
12537
12538
24195
2321
12531
12532
12530
12535
12536
12533
12534
3791
10480
3396
143
10888
12548
12549
1884
12542
12543
12540
16468
12541
12546
12547
12544
12545
8730
22398
6390
12517
12518
12515
12516
12519
6787
11421
12513
12514
7519
12512
56
20783
17654
14145
5993
20823
12528
12529
12526
13978
12527
12520
11154
12521
13610
5624
3608
12524
12525
2638
12522
12523
12290
20871
5002
7784
25125
25124
25127
25126
25129
25128
4390
25121
2763
25120
25123
25122
2409
4789
19008
12335
17594
25097
25130
25132
25131
1684
25133
10046
18728
5406
7946
