13121
13122
13120
17045
5819
10891
13125
13126
16634
13123
13124
13129
13127
13128
5033
13132
13133
13130
8423
13131
11878
13136
13137
13134
13135
804
13138
13139
18476
18477
18478
18472
13100
18473
18474
18475
18470
18471
13109
13103
13104
13101
13102
12259
13107
13108
13105
13106
16065
13110
13111
6817
13114
11297
13115
13112
13113
13118
1924
13119
13116
15658
13117
18454
18455
9782
18456
18457
18450
18451
18452
18453
6393
2105
2586
1254
18458
18459
18465
18466
18467
18468
18461
18462
9797
12360
18463
18464
18460
9550
7371
3205
60
12246
18469
18432
18433
18434
16251
18435
4792
7025
18430
18431
1041
4425
5998
14631
18436
18437
18438
18439
18443
18444
18445
18446
18440
18441
18442
18447
12104
18448
18449
10049
13084
13085
13082
13083
13088
13089
13086
13087
13080
13081
13095
13096
13093
13094
18424
13099
13097
13098
1075
13091
13092
13090
18429
18425
18426
18427
18428
13062
13063
13060
13061
13066
13067
13064
13065
7181
10913
13068
13069
11686
13073
13074
15130
13071
13072
17434
4000
13077
13078
13075
13076
3398
13070
1887
545
13079
6790
321
5225
13059
7524
13140
4395
14111
7787
13141
18270
9280
10679
2767
7675
5256
13956
