2422
7679
10895
14100
14101
23298
25237
5827
3404
23050
14104
14105
14102
14103
14108
14109
14106
16769
14107
6498
1484
23029
13222
18915
21532
14200
22181
14203
7348
14204
14201
14202
17717
14207
14208
14205
14206
1260
10976
13323
4401
21631
14662
7259
22161
12247
14195
14196
20873
14193
14194
14199
14197
14198
290
14191
14192
14190
5512
6606
7950
4799
14173
16473
14174
14171
14172
14177
14178
14175
14176
14170
13408
14179
14184
14185
14182
14183
14188
14189
14186
14187
14180
14181
3801
14151
14152
14150
14155
14156
14153
14154
17661
14159
14157
14158
8948
14162
14163
14160
14161
14166
14167
14164
14165
16348
14168
10485
14169
14130
19147
14133
14134
14131
14132
26357
26356
26359
26358
26351
26350
1895
26353
26352
556
26355
26354
14137
14138
14135
14136
12755
14139
14140
14141
7530
23418
14144
5112
5233
14145
14142
14143
26360
26362
26361
2874
26363
21907
14148
14149
14146
14147
14111
8876
14112
12176
14110
9285
26339
1553
14115
14116
14113
14114
14119
10311
3617
10798
14117
14118
14122
14123
14120
14121
26346
26345
1691
26348
26347
26349
26340
2775
26342
26341
26344
26343
14126
14127
14124
14125
14128
14129
