14294
14295
14292
14293
14210
14298
14211
14299
14296
14297
16474
14290
14291
7680
24811
14214
14215
14212
5415
14213
14218
14219
14216
14217
8149
14221
14222
14220
1351
3010
22883
24669
19193
3405
5828
8659
14225
14226
10662
14223
14224
14229
13779
14227
3802
14228
7187
13062
14272
14273
14270
6891
14271
14392
14276
14277
14274
14275
26533
2330
26532
23267
26535
24511
26534
26537
26536
26531
26530
13189
14278
8427
14279
12810
14283
14284
14281
14282
14287
14288
14285
14286
20847
14280
14209
11058
13112
14289
14250
14251
6275
14254
14255
14252
14253
1261
14258
14259
14256
14257
4800
26190
17405
14261
8740
14262
24901
26529
3691
14260
14265
16961
14266
14263
14264
26526
26528
26527
2112
11551
14269
14302
13698
14267
14300
14268
14301
65
4271
14232
14233
14230
14231
291
9286
7262
14236
14237
16414
14234
12574
13146
14235
3618
6607
14238
14239
14240
5010
7793
14243
14244
14241
5895
7951
14242
26469
24049
9691
14247
14248
8877
14245
14246
14249
