1583
1462
1582
1461
1581
1460
1580
1459
1579
1458
1578
1457
1699
1577
1456
1698
1576
1455
1697
1575
1454
1696
1574
1453
1695
1573
1452
1694
1594
1473
1593
1472
1592
1471
1591
1470
1590
1469
1589
1468
1588
1467
1587
1466
5
1586
1465
6
1585
1464
1584
1463
1484
1483
1482
1481
1480
1479
1599
1478
1598
1477
1597
1476
1596
1475
1595
1474
1495
1494
1493
1492
1491
1490
1489
1488
1487
1486
1485
1499
1498
1497
1496
982
983
753
754
1198
1197
225
226
482
483
1809
1800
1808
1807
1806
1805
1804
1803
1802
1801
1811
1810
1819
1818
1817
1816
1815
1814
1813
1812
1701
1822
1700
1821
1820
1709
1708
1829
1707
1828
1706
1827
1705
1826
1704
1825
1703
1824
1702
1823
1712
1711
1710
1830
1719
1718
1717
1716
1715
1714
1713
1602
1723
1601
1722
1600
1721
1720
1609
1608
1729
1607
1728
1606
1727
1605
1726
1604
1725
1603
1724
1613
1734
1612
1733
1611
1732
1610
1731
1730
1619
1618
1739
1617
1738
1616
1737
1615
1736
1614
1735
1624
1503
1745
1623
1502
1744
1622
1501
1743
1621
1500
1742
1620
1741
1740
1509
1629
1508
1628
1507
1749
1627
1506
1748
1626
1505
1747
1625
1504
1746
1514
1635
1756
1513
1634
1755
1512
1633
1754
1511
1632
1753
1510
1631
1752
1630
1751
1750
1519
1518
1639
1517
1638
1759
1516
1637
1758
1515
1636
1757
1770
1525
1646
1767
1524
1645
1766
1523
1644
1765
1522
1643
1764
1521
1642
1763
1520
1641
1762
1640
1761
1760
1529
1528
1649
1527
1648
1769
1526
1647
1768
1660
1781
1780
1536
1657
1778
1535
1656
1777
1534
1655
1776
1533
1654
1775
1532
1653
1774
1531
1652
1773
1530
1651
1772
1650
1771
1539
1538
1659
1537
1658
1779
1550
1671
1792
1670
1791
1790
1547
1668
1789
1546
1667
1788
1545
1666
1787
1544
1665
1786
1543
1664
1785
1542
1663
1784
1541
1662
1783
1540
1661
1782
1549
1548
1669
1561
1440
1682
1560
1681
1680
1558
1437
1679
1557
1436
1678
1799
1556
1435
1677
1798
1555
1434
1676
1797
1554
1433
1675
1796
1553
1432
1674
1795
1552
1431
1673
1794
1551
1430
1672
1793
1439
1559
1438
1572
1451
1693
1571
1450
1692
1570
1691
1690
1569
1448
1568
1447
1689
1567
1446
1688
1566
1445
1687
1565
1444
1686
1564
1443
1685
1563
1442
1684
1562
1441
1683
1449
