8377
23444
3114
5016
3910
16000
22525
16004
9635
16003
16002
16001
25997
27658
25193
6513
16008
16007
16006
16005
10388
16009
16055
8157
16054
6012
16053
16052
26938
16058
16057
16056
16051
16050
20557
13741
7737
13229
3812
14441
21817
1493
10802
26022
2575
306
16033
16032
16031
16030
16037
9789
16036
4013
16035
16034
23247
23644
16039
16038
16044
16043
16042
16041
16048
16047
16046
16045
27733
20706
27734
27731
27732
16040
27737
8582
27735
27736
1785
27730
15997
15996
15995
4414
15994
16049
15999
4814
15998
16011
22657
16010
9166
9563
5243
16015
16014
16013
5642
16012
24277
2890
4708
2123
16019
16018
16017
15840
16016
13150
16022
16021
15052
16020
16026
21299
5134
16025
17076
4200
16024
16023
2782
24964
26506
3623
3223
16029
10442
16028
10320
16027
