28739
25747
5016
16116
19901
16000
16004
16003
16002
16001
28745
28746
28744
7295
28747
25197
16008
16007
16006
16005
16009
16055
7461
8157
16054
6012
16053
16052
16058
16057
16056
25686
16051
16050
21800
20829
13466
13741
13229
3812
10754
14441
25850
1493
24401
25214
9372
10802
2575
306
6930
16033
16032
16031
16030
16037
9789
16036
4013
16035
16034
2230
16039
16038
5339
16044
25958
16043
16042
16041
16048
16047
16046
16045
16040
8582
27570
1388
15997
15996
15995
4414
15994
16049
15999
4814
15998
16011
16010
19763
9166
9563
20354
5243
16015
16014
16013
5642
16012
25084
28230
2123
16019
16018
16017
15840
16016
13150
16022
16021
15052
16020
16026
18560
16025
4200
16024
16023
2782
182
23193
3623
3223
16029
10442
16028
10320
16027
