16473
16990
16472
7200
16471
5022
16470
16477
16476
7963
16475
16474
16991
2788
11066
13486
16479
16478
16484
16483
16482
16481
16488
5431
16487
16486
16485
16480
16929
16928
7965
1906
14105
15433
16489
6014
16455
16972
16454
16971
11164
15243
16970
3420
1910
3417
3816
12255
16459
16976
16458
16975
16457
16974
16456
16973
6407
16979
16978
6804
16977
16462
16461
16460
13072
16466
16983
16465
16982
16189
16464
16981
16463
16980
3031
2577
3028
4631
5841
16987
16469
16986
14443
16468
16985
16467
16984
16500
4636
16989
16988
7362
12351
16950
11780
311
16959
16954
11781
16953
16952
16951
16958
16957
14018
16956
16955
16961
16960
4819
566
12520
16965
16964
4017
16963
16962
16969
7803
12767
16968
12764
16967
16966
16495
16494
16493
16492
16499
8755
16498
16497
16496
16491
16490
2129
16939
16938
16937
2124
10550
10671
16932
14512
15842
16931
16930
14356
16936
16935
16934
16933
16385
9697
8887
16949
16948
16943
16942
16941
16940
16947
5648
10201
16946
12588
13952
16945
16944
