16473
16472
16471
19469
16470
23848
16477
19980
7289
16476
7963
9500
16475
16474
25745
11628
24133
11066
13486
16479
16478
16484
16483
16482
16481
22528
16488
16487
16486
16485
16480
1906
14105
923
16489
12722
6014
16455
20793
16454
15243
4113
22852
3417
3816
25321
28278
16459
16458
16457
16456
6407
15890
16462
16461
16460
16466
16465
16464
20164
16463
2577
3028
4631
5841
16469
16468
16467
8972
11780
28375
311
25265
14018
22165
28385
28386
28383
28384
4819
12520
7887
4017
7803
28382
12764
16495
16494
16493
16492
16499
8755
16498
16497
20197
16496
16491
22136
16490
25480
28114
2124
10550
10671
14512
15842
16385
9697
26588
22026
