18135
6196
18136
18137
8892
18138
18131
4210
18132
16992
18133
18134
18130
15380
12958
17608
17609
17604
17605
16633
17606
17607
14218
17600
18139
6626
17601
17602
17603
17574
18146
17575
18147
17576
18148
17577
17610
18149
18142
18143
18144
5433
18145
18140
18141
16928
1501
17619
1067
17615
5028
17616
17617
17618
17578
17611
13416
14901
17579
17612
17613
17614
13580
6410
18197
12010
18193
18194
18195
18196
18190
18191
18192
1917
11682
12012
5437
16738
11565
14835
18124
18125
18126
11291
18127
9932
18121
18122
18123
2584
3828
14962
15656
18128
18129
828
1922
18179
7365
15580
18175
18176
7369
18177
18178
18171
18172
18173
18174
18170
17806
1498
12872
9036
4022
17372
18186
18187
18188
18189
18182
18183
18184
18185
18180
18181
2354
1708
14025
12525
7022
17585
18157
17586
18158
17587
17620
18159
17588
17621
17581
18153
17582
18154
17583
18155
17584
18156
18150
18151
17580
18152
1712
4826
14357
17626
7810
17627
17628
17589
17622
17623
10677
17624
17625
17596
18168
9576
17597
18169
17598
17599
17592
18164
17593
18165
17594
18166
17595
18167
18160
18161
17590
18162
17591
18163
9570
10207
16821
7549
13955
