18135
18136
18137
8892
18138
18131
4210
18132
18133
18134
18130
27482
29303
16633
14218
18139
18146
23856
18147
17576
18148
18149
17570
18142
18143
18144
18145
20581
18140
18141
23975
1501
29274
15039
13580
18197
21485
18193
18194
18195
18196
27506
18190
29409
18191
18192
26651
12012
5437
18124
18125
18126
18127
9932
18121
18122
18123
25295
29410
14962
15656
3940
18128
18129
828
1922
18179
18175
18176
7369
18177
18178
18171
18172
18173
18174
18170
26590
17806
28256
12872
8847
956
9036
11030
17372
18186
18187
18188
18189
18182
18183
18184
18185
18180
18181
26242
2354
14025
12525
7022
18157
18158
22537
18159
24838
18153
18154
18155
18156
18150
18151
18152
19086
22257
1712
14357
28070
13941
18168
26629
9576
18169
18164
7311
18165
18166
18167
18160
18161
18162
18163
10207
10286
16821
2939
7549
13955
