19104
14097
19103
21104
8451
15382
17202
19106
19105
27729
16994
17042
19100
9302
19102
19101
3836
3239
10813
15508
28890
28332
835
11784
19108
19107
19109
19115
9433
19114
19117
19116
19111
13496
19110
19113
19112
27896
1192
325
6635
12645
18425
19119
19118
10027
14350
19125
21960
7147
15322
19122
19121
18078
19124
19123
22451
26499
19120
21925
9041
13903
13827
4427
29283
19731
16140
6421
19099
14362
11570
19096
19095
27954
19098
2262
19097
20527
19092
25018
19094
5370
19093
6818
28760
27399
27431
13752
14520
13476
12666
29292
29490
