89
21429
28736
15309
16995
13887
16000
21155
20902
13497
1507
15439
19169
9760
19166
19165
20396
19168
13582
19167
19162
19161
19164
24995
19163
19160
27587
29361
17700
27181
19173
19172
26389
29414
25855
19171
19170
29254
6819
29413
12667
19148
19147
19149
12593
19144
19143
15584
19146
19145
19140
19142
19141
2591
27968
3438
27287
11300
9939
19159
19158
19155
7135
12363
19154
9434
17374
19157
19156
19151
19150
19153
19152
23536
326
12642
17811
19126
22899
19128
25927
19127
4033
8598
19245
19123
2490
28111
13828
11883
12452
19129
16933
19137
19136
19139
19138
19133
19132
7556
19135
6741
14363
19134
28526
19131
19130
26747
15851
