19467
8531
19466
18533
19469
19468
19463
19462
12154
19465
19464
19461
26953
19460
22356
22195
91
3637
19478
19477
19479
7697
19474
19077
19473
19476
19475
19470
19472
23850
19471
24427
13499
5546
18948
21644
930
5038
13586
17789
15131
19456
19455
19458
19457
19452
12261
19451
19454
19453
28204
19174
28722
5448
17436
19459
12074
20890
28778
2594
28779
24852
28776
3043
28777
4926
15509
26594
28775
26110
4645
14411
10454
26529
23531
1390
28781
28782
28780
28783
21350
4536
18311
18039
16255
18271
19480
9042
16935
18834
8765
14365
18561
586
14522
15853
10563
27391
