8771
11181
20331
7564
24014
28215
7040
16070
15029
16359
4843
9590
27099
27499
5269
5547
11079
3646
19998
20797
20796
20795
7221
20794
20793
20792
5047
20791
20790
23663
20799
20798
4226
17304
2604
14283
20687
28560
10927
17677
9808
11457
20775
20774
20773
28817
20772
20771
28811
25268
23485
28812
20814
20813
28810
20779
20812
28815
20778
20811
28816
20777
20810
28813
20776
28814
11307
26075
20809
20808
20807
27683
20806
23088
7998
15226
13200
20786
20785
20784
20783
20782
20781
20780
21352
3056
20789
20788
20787
17538
10461
3721
848
19128
28592
25484
13300
13426
11373
20805
20804
20803
20802
9054
20801
184
20800
103
11011
15698
13831
