11182
7565
6871
2155
10928
18096
19180
595
1974
22909
18535
13523
16516
20863
20862
17455
20861
20860
16882
19591
20904
25114
20903
23178
20869
20902
25116
20868
20901
25115
20867
20900
25118
20866
25117
20865
20864
25119
881
15085
13507
24195
6647
14317
20443
10480
11692
20209
143
16468
12546
18129
20896
20895
20894
20893
20892
20891
20890
22398
20899
20898
20897
7999
17654
20783
14145
20823
8184
1941
13978
6436
9946
9309
13610
2638
20874
12290
20873
20872
20871
20870
25125
25124
25127
20879
25126
20878
25129
20877
20910
25128
20876
20875
850
12978
20909
20908
25121
20907
25120
20906
25123
20905
25122
2409
19008
20885
20884
20883
20882
20881
20880
17594
19773
15330
20889
9055
20888
20887
20886
343
25097
25130
25132
25131
106
25133
18728
2816
