23329
11580
13088
1733
26398
17725
6105
12672
14972
4844
19470
25231
23306
14276
18111
28437
28438
28435
28436
16293
27988
28430
28433
28312
28434
28431
28432
28157
6525
18239
16462
18642
20444
15256
17439
11458
27071
5861
10691
15100
8973
20937
20936
20935
20934
20933
25305
20932
20931
20930
10858
11309
20929
20928
20927
10572
5458
2905
20940
15196
9310
15590
28427
20945
8185
20944
20943
20942
28428
20941
28429
26923
16607
20939
20938
7889
14703
27051
6214
20915
20914
20913
20912
20911
5919
25483
3058
20926
20925
22661
20924
20923
20922
20921
20920
27550
28361
344
20919
20918
20917
20916
107
14641
20082
11896
