16198
7123
21620
8694
14375
16675
4452
18298
22198
19183
22199
21109
22190
22191
5939
22192
22193
22194
22195
22196
23560
22197
27761
11188
13720
13882
12159
16119
6043
5473
8463
9951
4542
21518
22200
22201
21834
27617
10701
10867
21075
5347
4733
10342
16647
9322
24519
16012
22176
26577
22177
22178
25325
8191
22179
5161
22172
22173
22174
26454
22175
9517
29082
29081
9714
19800
29085
17866
29084
29083
18886
6225
17991
22187
22220
1098
22188
22189
19050
22180
13835
22181
22182
2610
22183
23195
22184
22185
22186
7305
16149
6657
5768
12985
