22239
22833
16199
22231
22232
22233
22234
22235
22236
22237
22238
13969
27285
26474
10938
22230
16437
18857
18467
20300
7573
8782
19078
5277
9599
12680
22242
28503
22243
24541
22167
22244
17250
22245
22246
7050
22247
21558
22248
22249
2911
28742
27213
22240
22241
28465
16887
10343
607
20796
5682
21883
11085
8832
6533
16013
22253
22254
22255
28798
22256
28799
3262
22257
22258
22259
27944
22139
27824
23349
13908
22250
22251
22252
26453
20271
12376
22229
21453
1099
18086
24402
13717
8919
22260
26144
22261
10088
14126
6658
6932
13998
16945
28281
