20212
27409
27403
27404
27401
27402
27407
27408
27405
27406
6907
11904
27125
17604
11189
9355
25914
20620
16481
10260
9632
14461
27414
10939
27415
27412
22003
27413
20986
27416
27417
27410
27411
1100
16888
9229
11117
16648
4233
13869
13345
14037
15010
21776
15097
7233
25450
10089
15934
22275
22276
22277
22278
22279
20776
22270
22271
22272
22273
27045
22274
12199
15864
21874
22969
13452
8621
9952
21472
18062
21636
24229
5905
22280
22281
22282
22283
22284
22285
608
6450
21600
13703
6843
14599
19409
3699
13542
19532
8007
22264
22265
22266
22267
22268
22269
22262
22263
14127
14487
