4053
23608
23683
23684
20737
23685
23686
23687
8010
23688
23689
9064
23680
23681
23682
18814
16755
17446
15943
6240
17213
4861
23694
23695
18140
18382
23696
23697
23698
2161
21559
23699
363
123
10705
10826
23690
23691
23692
23693
20180
11477
1746
14987
23669
16333
2171
23700
23668
1112
17824
23672
23673
23674
23675
20449
23676
23677
23678
23679
23670
23671
21492
14322
17711
17954
19736
22558
7241
22559
22550
22551
22552
22553
20779
22554
22555
22556
22557
15866
14140
9953
13177
16201
22561
22562
22563
22564
22565
22566
5073
15518
22560
21963
18433
6452
9200
9327
20912
1318
6848
22547
22548
22549
18043
7399
8920
3871
22540
22541
22542
22543
22544
22545
22546
1961
18205
19539
13436
