6474
8017
4056
10094
19102
22990
22991
22992
22993
22994
1971
11906
1331
8803
11588
11193
4462
13771
17055
20460
20507
22122
20869
12287
12683
20061
16528
22976
19961
22977
22978
22979
7588
24872
24871
22970
24874
22971
24873
22972
22973
24875
22974
22975
24870
19969
13349
22987
22988
22989
10361
22980
24640
22981
22982
22983
22984
22985
22986
14849
1763
4873
13514
22954
16153
19785
22955
22956
22957
14133
22958
22959
22951
22952
22953
13607
15346
14656
22965
24869
18587
22966
24868
22967
22968
22969
14142
5477
24861
24860
24863
22960
24862
22961
24865
22962
24864
20304
22963
24867
22568
22964
24866
10229
16206
14785
4670
6852
21164
1310
10838
16897
17904
7710
20918
13839
22262
3861
18727
