20456
23727
15267
18252
17166
22072
24091
4065
22649
6247
7853
24145
24146
24147
24148
24149
19190
3489
24144
14469
22614
8037
23147
22576
136
1114
10355
19694
8205
7073
1766
13519
17835
6672
17121
16155
25389
25388
18052
3284
25381
25380
25383
25382
24295
25385
11705
25384
24691
25387
25386
4260
18862
13691
21118
23657
25392
24061
25391
24220
14148
13179
21192
25390
13261
16894
17065
24156
24157
24158
24159
20117
24150
14914
24151
17905
24152
24153
24154
24155
8640
21215
20088
24167
25378
24168
25377
25379
23238
20248
10722
24160
24161
24162
24163
24164
24165
24166
11099
10840
