2430
2306
2427
2305
2426
2304
2425
2303
2424
2302
2423
2301
2422
2300
2421
2420
2309
11983
2308
2429
2307
2428
8541
2320
2441
2440
26327
23855
2317
2438
29398
11757
2316
2437
29397
486
2315
2436
29396
2314
2435
2313
2434
28983
2312
2433
2311
2432
2310
2431
9
2319
27092
2318
2439
2331
2452
2330
2451
2450
2328
2449
2327
2448
2326
2447
2325
2446
2324
2445
2323
2444
2322
2443
2321
2442
2329
18364
2342
2463
2341
2462
2340
2461
2460
2339
2338
2459
2337
2458
2336
2457
2335
2456
2334
2455
2333
2454
2332
2453
14201
2353
2474
2352
2473
2351
2472
2350
2471
2470
2349
2348
2469
2347
2468
2346
2467
2345
2466
2344
2465
2343
2464
2364
2485
2363
2484
2362
2483
2361
2482
2360
2481
2480
28946
2359
2358
2479
2357
2478
2356
2477
2355
2476
2354
2475
26081
2375
2496
2374
2495
2373
2494
2372
2493
2371
2492
2370
2491
2490
1832
2369
2368
2489
2367
2488
2366
2487
2365
2486
2386
2385
2384
2383
2382
2381
2380
2379
2378
2499
2377
2498
27276
986
2376
2497
2276
2397
2275
2396
2274
2395
2273
2394
2272
2393
2271
2392
23567
2391
2390
2389
2388
2387
757
18302
2287
25873
2286
2285
25633
2284
2283
2282
2281
2280
2279
2278
2399
2277
2398
21829
14620
2290
2298
2297
2296
2295
2294
2051
2293
2292
2291
1632
2289
2288
8280
20726
24082
26263
3149
2299
2504
2503
2502
1412
2501
2500
2506
2505
8984
200
2405
2404
2403
2402
1433
2401
2400
2409
2408
2407
2406
22422
2416
2415
2414
2413
2412
1201
2411
2410
28520
229
14006
2419
2418
2417
