470
350
471
230
351
472
26318
231
352
473
232
353
474
233
354
475
24492
234
355
476
235
356
477
236
357
478
237
358
238
359
239
360
240
361
241
362
0
242
363
243
364
244
365
245
366
246
367
247
368
248
369
249
22976
370
250
371
251
372
252
373
253
374
254
375
255
376
256
377
257
378
258
379
26770
259
14676
380
260
381
261
382
262
383
263
384
264
385
265
386
266
387
267
388
268
389
269
12827
25574
390
270
391
26995
271
392
272
393
273
394
274
395
275
396
276
397
277
398
278
399
279
25319
18221
25433
280
281
282
283
284
285
286
27175
287
288
289
16723
6714
11241
290
291
292
293
294
295
296
297
27021
298
299
26971
27956
23686
25866
28330
28331
28332
28333
400
401
402
403
404
405
406
407
408
409
9365
7621
410
411
412
413
414
415
416
417
418
419
28328
28329
420
300
421
14606
301
422
302
423
28203
303
424
27595
304
425
305
426
306
427
307
428
308
429
309
430
310
431
311
432
312
433
313
434
314
435
315
436
316
437
317
438
318
439
319
25399
25955
25834
440
320
441
321
442
322
443
323
444
324
445
325
446
326
447
327
448
328
449
329
450
330
451
331
452
332
453
333
454
334
455
335
456
336
457
337
458
338
459
339
460
340
461
341
462
24280
221
342
463
222
343
464
223
344
465
224
345
466
225
346
467
226
347
468
227
348
469
228
349
229
