10539
3995
1
11993
2319
1476
10887
1249
700
701
702
703
704
705
706
3789
707
708
709
710
711
712
713
714
715
716
717
718
719
5990
720
600
721
601
722
602
723
603
724
604
725
605
726
606
727
607
728
608
729
609
730
610
731
611
732
612
733
613
734
614
735
6600
615
736
616
737
617
738
618
739
619
740
620
741
500
621
742
501
622
743
502
623
744
503
624
745
504
625
746
505
626
747
7945
506
627
748
507
628
749
5405
508
629
509
12318
12317
750
630
12319
510
631
511
632
512
633
513
634
514
635
12310
515
636
516
637
12312
517
638
12311
518
639
12314
519
12313
12316
12315
12329
12328
640
520
641
521
642
522
643
523
644
524
645
525
646
12321
526
647
12320
527
648
12323
528
649
12322
529
12325
12324
12327
12326
650
530
651
531
652
532
653
533
654
534
655
535
656
536
657
537
658
538
659
539
660
12307
540
661
12306
541
662
12309
542
663
12308
543
664
544
665
545
666
546
667
547
668
548
669
549
12301
12300
12303
12302
12305
12304
670
550
671
551
672
552
673
553
674
554
675
555
676
556
677
557
678
558
679
559
7517
8728
4388
680
560
681
561
682
562
683
563
684
564
685
565
686
566
687
567
688
568
689
569
7783
690
570
691
571
692
572
693
573
694
574
695
575
696
576
697
577
698
578
699
579
7674
580
581
582
583
221
584
585
586
587
588
11419
589
12271
12270
12273
12272
12275
12274
590
591
592
593
594
595
596
597
598
599
479
12277
12276
12279
12278
12280
12282
12281
12284
12283
12286
12285
480
481
482
483
484
485
486
487
488
489
12288
8418
12287
12289
12251
12250
12253
12252
490
491
492
493
494
495
496
497
498
499
12255
12254
8305
12257
12256
12259
12258
12260
12262
12261
12264
9776
8566
12263
12266
12265
12268
12267
12269
279
11276
12244
12246
12245
12248
12247
12249
12330
6172
12333
12334
12331
12332
12101
10043
9012
1882
12291
12290
12293
12292
12295
12294
12297
12296
12299
12298
