8410
6111
9188
6110
9189
6113
6112
5388
6115
4971
6114
9182
9183
9180
9181
9186
9187
9184
9185
2306
6106
6105
6108
6107
3756
6109
1219
6120
7330
6001
6122
9199
6000
6121
6003
6124
6002
6123
6005
6126
3772
6004
6125
9193
9194
9191
9192
9197
9198
9195
9196
247
9190
6117
6116
6119
6118
6010
6131
6130
6012
6133
6011
6132
6014
6135
27
6013
6134
5960
6016
6137
8554
5961
6015
6136
5959
1236
6007
6128
6006
6127
6009
6008
6129
4988
6021
6020
6023
6022
6025
5970
6024
4761
5971
6027
5972
6026
5609
1004
5962
6018
5963
6017
6138
5964
5965
6019
5966
5967
5968
5969
6032
6031
6034
6033
5980
6036
5981
6035
6156
5982
6038
5983
6037
6030
5973
6029
5974
6028
5975
5976
5977
5978
5979
6043
6042
6045
5990
6044
5991
6047
5992
6046
5993
6049
5994
6048
5192
6041
6040
5984
5985
6039
5986
5987
5988
5989
6054
9201
6053
9202
6056
6055
9200
6058
9205
6057
9206
9203
6059
9204
6050
6052
6051
3579
5995
5996
7931
5997
5998
5999
6065
9212
6064
9213
6067
9210
6066
9211
6069
9216
6068
9217
9214
9215
3592
6061
6060
6063
6062
9209
504
9207
9208
6076
9223
6075
9224
6078
9221
6077
9222
8133
9227
6079
9228
9225
9226
6070
3361
6072
6071
9220
6074
6073
1850
9218
9219
6087
9234
6086
9235
4581
6089
9232
6088
9233
9238
9239
9236
9237
3376
6081
6080
6083
9230
6082
9231
6085
6084
520
5787
9229
6098
9245
6097
9246
9243
6099
9244
9002
9249
4354
9247
9248
6090
6092
6091
6094
9241
6093
9242
6096
6095
9240
2965
775
2288
9256
9257
9254
9255
9258
9259
9252
9253
9250
9251
2733
4598
5209
8716
9267
9146
9268
9147
9265
8297
9266
9269
9148
9149
9260
9263
9264
9261
9262
2069
2982
1650
9157
9158
5593
9155
9156
9159
9270
9271
9150
3176
9153
2084
9154
9272
9151
9152
1665
2750
3965
8859
9168
7660
9169
9166
9167
4155
3981
9160
3188
9161
9164
9165
9162
9163
2523
6582
9179
6100
9177
9178
5375
6102
6101
6104
6103
1451
9171
9172
9170
9175
9176
9173
9174
