1453
4600
2307
3758
1221
4973
5960
1238
3774
1006
1022
4763
5974
4777
3581
7933
6500
6984
3593
506
6511
6510
3363
6509
6502
6501
6504
6503
6506
6505
6508
6507
4583
6520
6401
6522
6400
6521
6513
6512
6515
5789
6514
6517
6516
6519
6518
2290
6770
6410
6531
6530
6412
6533
6411
6532
3378
777
6403
6524
6402
6523
6405
6526
6404
6525
6407
6528
6406
6527
6409
6408
6529
6540
6421
6542
6420
6541
6423
6544
6422
6543
4356
6414
6535
6413
6534
7502
6416
6537
6415
6536
6418
6539
8718
6417
6538
6419
6430
6551
6550
6432
6553
6431
6552
6434
6555
6433
6554
2071
792
6425
6546
6424
6545
6427
6548
6426
6547
6429
6428
6549
6560
8860
6441
6562
6440
6561
5595
6443
6564
6442
6563
6445
6566
6444
6565
3178
2085
6436
6557
6435
6556
6438
6559
6437
6558
6439
6450
6452
6451
6454
6453
6456
4157
6455
6447
6568
6446
6567
6449
6448
6461
6460
3190
6463
6584
6462
6465
6464
5377
6467
6466
6458
6457
6459
6472
6471
6474
6473
6476
9502
6475
9503
6478
9500
6477
9501
6470
6469
6468
6483
6482
9510
6364
6485
6484
6366
6487
9513
6365
6486
9514
6368
6489
9511
6367
6488
9512
6481
6480
249
9506
6479
9507
9504
9505
9508
9509
6373
6494
9520
6372
6493
9521
9400
6375
6496
6374
6495
6377
6498
9524
9403
6376
6497
9525
9404
6379
9522
9401
29
6378
6499
9523
9402
6490
6371
6492
6370
6491
9517
6369
9518
9515
9516
9519
6384
9531
9410
6383
9532
9411
6386
6385
9530
6388
9535
9414
6387
9415
9533
9412
6389
9534
9413
6380
6382
6381
265
6139
9528
9407
9529
9408
9526
9405
9527
9406
9409
43
6395
9421
6394
9422
6397
6396
9420
6157
6399
9425
6398
9426
9423
9424
6391
6390
6393
6392
9418
9419
9416
9417
9432
9433
9430
9431
9436
9437
9434
9435
5194
9429
9427
9428
9443
9444
9441
9442
9447
9448
9445
9446
9440
9438
9439
9454
9455
9452
9453
9458
9459
9456
9457
9450
9451
9449
8134
9465
9466
7164
9463
9464
9469
9467
9468
9461
9462
9460
1852
9476
9477
9474
9475
9478
9479
9472
9473
9470
9471
1867
9487
9003
9488
9485
9486
9489
9480
9483
9484
9481
9482
2967
9498
9499
9496
9497
9490
9491
9494
9495
9492
9493
2735
1652
9399
9397
9398
9396
3967
2525
3983
2539
5803
