5385
16195
8774
596
4982
1231
5271
7224
21089
21088
21087
257
13906
21086
21085
21084
21083
21082
21081
21080
8200
8201
19216
8204
8205
39
8202
21099
8203
21098
5050
21097
21096
21095
21094
21093
5604
5967
21092
21091
21090
8211
8212
16394
8210
8215
8216
4772
8213
8214
1016
8208
6149
8209
8206
8207
12599
8222
8223
8220
8221
8226
21079
8227
21078
8224
21077
8225
21076
5863
8219
21075
21074
8217
21073
8218
7927
15514
8233
8234
8231
8232
8237
8238
8235
8236
8230
8228
8229
8244
8245
8242
8243
7158
8127
8248
8128
8249
8246
4443
8247
8240
8241
3588
2819
8239
8134
8255
8135
8256
8132
8253
8133
8254
8138
8259
8139
8136
8257
8137
8258
8130
8251
8131
8252
8250
515
8129
1735
8145
8266
8146
8267
8143
8264
8144
8265
8149
6764
8147
8268
8148
8269
8141
8262
3371
8142
8263
8260
8140
8261
10821
1862
8156
8277
8157
8278
4592
6650
8154
8275
8155
8276
8158
8279
8159
1087
8270
20835
8152
8273
8153
8274
8150
8271
8151
8272
5676
5798
2605
8167
8288
8168
8289
8165
8286
8166
8287
8169
8280
8160
8281
8163
8284
8164
8285
8161
8282
8162
8283
2976
2299
5203
8178
21105
8179
21104
8176
21103
8177
21102
21101
8612
21100
2078
8170
8291
8171
8292
8290
8174
8175
8172
8293
8173
21106
2744
8189
8187
8188
8181
8182
20946
8180
8185
8186
8183
8184
1661
11793
6438
8198
8199
6576
8192
8193
8190
8191
8196
3184
8197
8194
8195
14119
3976
4043
4166
15332
2534
6216
