5386
6599
1461
5816
10538
2300
8406
8407
8404
8405
8300
8303
8304
8301
8302
800
8417
7326
3767
8310
6372
8311
8314
8315
8312
8313
258
4983
8307
8308
8305
8306
8309
8321
8322
11050
8320
6388
8325
8326
8323
8324
1248
8318
8319
8316
8317
9406
5605
5968
10886
8332
8333
8330
8331
8336
8337
9547
8334
12231
4773
8335
12230
6150
278
8329
12233
12232
8327
12235
8328
12234
12237
12236
12239
12238
8343
8344
7497
8341
8342
8347
12240
8348
8345
12242
8346
12241
8340
7928
3202
5622
12243
8338
8339
5989
8354
8355
8352
8353
8358
8359
8356
8357
6171
8350
8351
12219
12218
12211
12210
8349
12213
12212
12215
12214
12217
12216
8365
8366
8363
8364
8127
8369
8367
12220
8368
8361
8362
8360
12229
3589
12222
12100
12221
6977
12224
7944
12223
12226
12225
12228
12227
8376
8377
8374
8375
8378
8379
8372
8373
8370
8371
8387
8388
8385
8386
8389
8380
8141
8383
8384
8381
8382
12208
12207
1863
12209
12200
12202
12201
12204
12203
12206
9904
12205
8398
8399
8396
4593
8397
8390
8391
8394
8395
8392
8393
6765
538
5799
6784
3393
5204
8299
12192
12191
8297
12194
8298
12193
12196
12195
12198
12197
8295
8296
12190
8294
2745
12199
8727
9155
2998
2079
7768
3606
12170
12172
12171
12174
12173
6577
12176
12175
1682
7657
12178
8868
12177
12179
3977
12181
12180
12183
12182
8402
12185
8403
12184
4167
8400
12187
8401
12186
2535
12189
12188
