9069
9067
9068
5387
9061
9062
9060
9065
9066
9063
4171
9064
2305
12037
8409
9078
9079
3771
9072
9073
9070
9071
9076
9077
9074
9075
22766
1464
6239
14466
8792
9089
9083
9084
9081
9082
9087
9088
9085
22611
9086
9080
4987
9094
9095
9092
9093
9098
9099
9096
263
9097
9090
9091
41
6155
19300
1020
15868
15078
9326
6982
19538
16702
9102
9103
8132
9100
9101
9106
9107
9104
9105
22233
7162
519
17449
9113
9114
9111
9112
9117
9118
9115
9116
3375
9110
1865
9108
11476
9109
9003
9124
4470
9004
9125
9122
9002
9123
9007
9128
9008
9129
9005
9126
4597
9006
9127
23661
23662
23663
23664
9120
23665
9121
23666
23667
2841
23660
10352
6768
9119
10475
11200
10232
9014
9135
9015
9136
9012
9133
9013
9134
4242
9018
9139
9019
9016
9137
9017
9138
9010
9131
9011
9132
9130
9009
16467
5208
4370
9025
9026
9023
9144
9024
9145
9029
9822
9027
9028
9021
9142
8296
9022
9143
790
9140
9020
9141
2981
2749
14139
9036
23658
9037
23659
9034
9035
7773
9038
9039
9032
9033
2083
9030
9031
23657
11319
9047
9048
5483
9045
9046
9049
9040
3187
9043
9044
9041
9042
15204
9058
9059
9056
9057
15453
9050
9051
9054
9055
9052
9053
2537
5802
