8411
5389
27763
5139
3522
27774
6377
8555
20317
10998
1237
3773
20681
4520
264
2218
42
9300
9301
9304
9305
9302
9303
1021
12911
5973
9311
9312
9310
9315
9316
9313
9314
2001
21639
9308
9309
4776
9306
9307
9322
9323
9320
9321
9326
9327
9324
9325
170
7932
9319
9317
9318
9333
9334
9331
9332
9337
9338
9335
6983
9336
9330
9328
9329
14405
27270
9344
9345
9342
9101
9343
9348
9349
9346
19861
9347
9340
9341
7163
14732
9339
12314
25060
9355
9356
9353
9354
9359
9357
9358
9351
9352
14181
9350
1866
9366
9367
9364
9365
7501
9368
9369
9362
9363
9360
9361
3377
6769
9377
9378
9375
9376
5210
6302
9379
9370
9373
9374
9371
9372
4599
16227
8717
9388
9389
9386
9387
9380
9381
9384
9385
9382
791
9383
8967
28091
28092
28090
28093
28094
9278
9279
9276
9277
7774
9391
9392
9390
9274
9395
9275
24985
9393
9273
9394
26802
27330
1666
2751
9289
9287
7661
9288
3189
9281
9282
24278
9280
9285
9286
9283
9284
28077
28078
28079
9298
6583
9299
9292
9293
9290
9291
9296
9297
9294
9295
28088
28089
28086
28087
14809
3982
28080
28081
28084
28085
28082
2538
28083
