9620
9623
9624
9621
9622
9616
9617
9614
9615
2308
9618
9619
9630
9631
9634
9635
9632
9633
5390
28185
27651
9627
9628
9625
9626
9629
9641
9642
7464
28839
9640
8556
9645
9646
6379
9643
9644
1239
26773
9638
9639
3775
9636
9637
9652
9653
9650
9651
9656
9536
9657
9654
9655
26302
28842
25458
266
28840
28841
9649
9647
9648
44
9542
9663
9543
9664
9540
9661
9541
9662
9546
9667
9547
9668
9544
9665
9545
9666
9660
5610
9539
9537
9658
9538
9659
9553
9674
9554
9675
9551
9672
9552
9673
9557
9558
9555
9676
9556
9677
9670
9550
9671
25436
1023
9548
9669
9549
17932
9564
9565
9562
9563
9568
9569
9566
9567
9560
24315
9561
7934
9559
6723
9575
9576
9573
9574
9579
9577
9578
3594
9571
9572
9570
22140
11012
21172
7165
9586
8135
9587
9584
9585
9588
9589
9582
9583
9580
9581
6985
9597
9598
9595
9596
9599
9590
9593
9594
9591
9592
12320
1868
9004
6771
24632
26370
5211
23794
10008
6535
7503
8719
9146
19025
26356
793
28097
4929
9396
17091
9273
22447
1667
18746
25924
7662
17863
9601
9602
9600
3191
9612
9613
9610
9611
20800
9605
9606
3984
9603
9604
9609
9607
5804
9608
