907
7561
14690
17200
14691
17201
17202
14694
3682
12030
14695
14692
14693
9220
10812
13924
15907
14698
13049
14699
14696
6349
14697
7692
11394
14706
14707
10901
14704
564
14705
720
14708
14709
14702
14505
14703
14700
13777
14701
15118
17189
6454
13264
17185
17186
10471
17187
17188
15080
14717
14718
1952
11726
12933
14715
11527
14716
14719
14434
6006
14710
12535
14713
14714
14711
11567
14712
6022
17196
17197
17198
17199
17192
17193
17072
17194
17195
13191
17190
7151
17191
14687
14720
14688
14721
7229
14724
10124
12426
16506
11975
14689
14722
14723
