3082
8656
3516
3515
3514
3513
3512
3511
3510
7436
3519
3518
3517
18
3530
3527
3526
3525
3524
3523
3522
3521
3520
16646
3529
3528
3420
3541
3540
3417
3538
3416
3537
3536
3535
3534
3533
10517
3532
3531
3419
3418
3539
14561
3431
3552
3430
3551
3550
3428
3549
3427
3548
3426
3547
1005
1489
3425
3546
3424
3545
3423
3544
3422
3543
3421
3542
829
3429
3442
3563
3441
3562
3440
3561
2592
3560
3439
3438
3559
3437
3558
3436
3557
3435
3556
3434
3555
3433
3554
3432
3553
17255
17256
17251
17252
17253
17254
3453
3574
3452
3573
3451
3572
3450
3571
3570
3449
3448
3569
3447
3568
2236
3446
3567
3445
3566
3444
3565
3443
3564
2913
17224
3464
3585
3463
3584
3462
3583
3461
3582
1161
3460
3581
3580
1831
3459
3458
3579
3457
3578
3456
3577
3455
3576
3454
3575
3475
1296
3474
3473
3472
3471
3592
3470
3591
3590
3469
3468
3589
3467
3588
3466
3587
3465
3586
3486
3485
3484
3483
3482
3481
3480
2028
3479
3478
3477
3476
3497
3496
3495
3494
11909
3493
3492
3491
3490
14627
3489
3488
3487
12206
655
3257
3499
3498
1757
16580
7511
4003
15223
14260
1665
13616
206
14389
2771
451
15448
4165
3505
3504
3503
3502
2412
3501
3500
3509
3508
3507
3506
