5261
5262
5263
5264
5265
5266
5267
5300
5268
5301
5260
4609
2422
5258
5259
3758
5272
3092
5273
5274
5275
5276
5277
5310
5278
5311
5279
5312
5270
5271
9471
2679
2038
5269
5302
5303
5304
5305
5306
5307
5308
5309
5283
5284
5043
5285
5286
4473
5287
5320
27
5288
5321
5442
5289
5322
9401
5323
1083
5280
4071
5281
5282
2601
5313
6249
5314
5315
5316
5317
5318
5319
5294
5295
5296
5297
5330
5298
5331
5299
5332
5333
5334
5290
5291
5292
5293
11978
3829
544
3269
667
1929
5324
5325
5326
14201
5327
5328
5329
5340
5341
5342
5343
5344
5345
1381
1015
5335
5336
4369
5337
5338
5339
15593
5350
15592
5351
13170
5352
5353
15597
5354
15596
5355
15595
5356
15594
1305
3602
325
5346
5347
5348
15599
5349
15598
13855
5360
5361
5362
5363
5364
5365
13142
15608
15607
1676
15606
2246
5357
15601
5358
15600
5359
15605
15604
15603
15602
14361
8880
5253
5254
5255
5256
5257
1170
461
13950
