7685
12393
1066
12715
2664
94
10650
6001
6000
6003
6002
6005
6004
2041
3097
1500
3763
4737
6914
6010
4074
13580
6012
6011
6014
13583
6013
13584
5047
6016
13581
6015
13582
6007
13587
6006
13588
6009
13585
6008
13586
4228
13589
6021
13590
6020
13591
6023
6022
6025
13594
5970
6024
13595
5971
6027
13592
5972
6026
13593
3151
3272
6018
13598
6017
13599
13596
6019
13597
5968
5969
6032
6031
6034
4890
6033
5980
6036
5981
6035
5982
6038
5983
6037
8692
6030
8294
13606
673
13604
13605
5973
6029
12872
5974
6028
5975
4128
5976
13443
5977
13602
5978
13603
5979
13600
13601
6043
6042
6045
7497
5990
6044
5991
6047
5992
6046
5993
6049
5994
6048
6041
6040
3604
11319
841
5984
5985
6039
5986
11674
5987
5988
5989
13579
6054
6053
6056
6055
6058
6057
5641
6059
6050
6052
2093
6051
1678
1311
5753
5995
5996
5997
2927
5877
5998
5999
6065
6064
6061
6060
6063
6062
222
11813
