6197
6751
6750
6753
6752
6744
6743
6746
8008
6745
6748
6747
6749
6760
6762
15036
6761
6764
6763
1503
10945
3928
6513
6755
6754
6757
6756
6759
6758
6771
6770
6014
6773
16213
6772
16212
6775
16211
6774
16210
4620
6766
16217
6765
16216
6768
16215
6767
16214
12651
2606
6769
10476
16219
16218
4480
6780
6782
6143
6781
6784
6783
6786
5972
6785
3275
6777
6413
6776
6779
6778
9406
40
6791
6790
6793
6792
6795
6794
3435
3674
6788
6787
14256
6789
10731
15870
14826
16206
16205
15114
848
16209
16208
16207
737
1318
5914
7792
6740
6742
3992
6741
3350
12626
1685
2256
228
5643
6733
6732
6735
6734
6737
6736
2935
6739
6738
