6197
6751
6750
6753
6752
18096
3237
6744
6743
6746
6745
6748
6747
6749
6760
17334
6762
6761
6764
6763
1503
2558
3928
6513
6755
6754
6757
6756
6759
6758
6771
6770
6773
6772
6775
6774
4620
6766
6765
6768
6767
2606
6769
18635
4480
6780
6782
6143
6781
6784
6783
6786
5972
6785
3275
1128
6777
6413
6776
6779
6778
40
14568
6791
6790
6793
6792
6795
6794
3435
6788
8208
6787
6789
19399
17492
15192
10461
848
3722
17897
19522
19521
19125
8901
1318
17625
17235
6740
6742
6741
1685
2256
228
5643
6733
12465
6732
6735
6734
6737
6736
2935
6739
6738
