8497
8530
8498
8531
15262
8495
8496
8534
8535
19341
8499
8532
8533
8490
8493
8494
8491
6073
8492
1694
3113
5533
8527
8528
8525
8526
8529
8266
8541
8542
8540
8543
8544
16409
8538
8539
7208
8536
8537
18945
19169
2571
4749
19730
7596
6660
18243
19174
2060
4631
4239
3288
18458
8501
8502
19275
12088
8500
3450
17657
17103
8111
8512
8513
14354
8510
8511
12614
1034
8505
8506
6207
8503
8504
8509
18678
8507
8508
8486
8487
8520
7397
8485
5650
8523
8524
13034
8488
8521
8489
8522
862
8516
8517
8514
5767
8515
8518
8519
16702
