8651
8652
5263
8650
8655
8414
8656
8653
8654
2943
1699
1695
3114
7833
8648
8649
8646
8647
2948
8662
8663
8660
8661
8666
8667
8664
8665
2437
244
2799
487
8659
8657
8658
7209
8673
9245
8674
9246
8671
9243
8672
9244
8677
9249
8678
8675
9247
8676
9248
8670
9242
1514
2442
8668
8669
3777
3779
9256
9257
8682
9254
9255
9258
9259
8680
9252
8681
9253
2061
9250
9251
7866
4753
8679
9267
9268
9265
9266
8611
8974
5981
8612
9269
7401
8610
9260
9263
9264
4093
9261
9262
6424
6427
9278
9279
4383
9276
9277
8622
8623
8620
8621
9270
3452
9271
9274
9275
9272
9273
8615
7128
8616
8613
61
8614
8619
8617
8618
9289
8630
9287
9288
8633
6211
8634
8631
8632
9281
9282
9280
9285
9286
9283
9284
8626
8627
8624
8625
8628
8629
8640
8641
5890
7398
8644
5651
7278
8645
8642
8643
2264
9290
3624
8637
7546
8638
8635
8636
5768
8639
