7047
9461
2270
1059
8803
5414
5791
4100
3124
7220
8277
9766
9767
9800
12770
7985
1362
3143
491
2447
12779
1872
12773
12774
12771
12772
12777
12778
12775
12776
8046
9773
9774
9771
9772
9777
9810
12780
9778
9811
12781
9775
6664
9776
9770
2975
9809
9803
9804
9768
9801
12782
9769
9802
9807
9808
9805
9806
9784
9785
9782
7485
9783
9788
9821
9789
9822
9786
9787
9820
9381
9780
5181
9781
12759
11427
2623
12757
2468
12758
3313
9814
9815
4248
9779
9812
9813
9818
9819
9816
9817
9795
9796
9793
9794
9799
9797
9798
9791
9792
9790
12768
289
685
12769
12762
7403
12763
12760
12761
11552
12766
6318
12767
1549
12764
12765
11009
7139
1718
7669
3628
