60 806
10136 806
10161 806
6311 806
10145 806
493 806
10119 806
10129 134
10152 806
10128 806
20318 806
10118 806
10162 806
10135 806
10110 806
10144 806
13817 806
10127 806
10153 806
10117 806
10104 806
2327 806
9563 806
10147 806
10120 806
10134 806
8334 806
9691 806
10163 806
20320 806
10150 806
10159 806
10146 806
10121 806
10133 806
10151 806
10103 806
19045 806
10116 806
15168 806
10123 806
10131 806
6049 806
10149 806
10106 806
2164 806
8909 806
7447 806
4553 806
10158 806
10115 806
7384 806
10105 806
5910 806
10122 806
10132 806
10148 806
10157 806
20321 806
6928 806
10140 806
10114 806
10142 806
10112 806
10109 806
10108 806
10126 806
10139 806
10113 806
7131 806
10141 806
10156 806
10154 806
10130 806
10111 806
10143 806
10124 806
10137 806
10107 806
10160 806
20319 806
10138 806
10125 806
10155 806
