13807 278
13875 278
10273 278
13867 278
8910 278
10281 278
10282 278
13884 278
13866 278
10265 278
10274 278
10540 278
10266 278
10280 278
9952 278
1910 278
10258 278
10283 278
13868 278
10257 278
8122 278
10275 278
13876 278
13885 278
1122 278
13869 278
10270 278
10276 278
13890 278
10293 278
10289 278
1294 278
13886 278
10263 278
13873 278
10294 278
13891 278
8128 278
10277 278
13874 278
10264 278
13887 278
10260 278
13870 278
10286 278
10295 278
7541 278
1675 278
10269 278
10209 278
10287 278
13888 278
13871 278
9125 278
10278 278
10261 278
13880 278
10296 278
13872 278
10288 278
10262 278
10279 278
13889 278
2456 278
10259 138
13881 278
10267 278
10292 278
10271 278
10284 278
10297 278
13877 278
13393 278
5748 278
6536 278
9335 278
10285 278
10291 278
10272 278
13882 278
10298 278
13879 278
10268 278
13878 278
13883 278
3120 278
10290 278
