1141 21
3672 21
1084 21
1221 21
1078 21
1112 21
1244 21
1250 21
3689 21
3666 21
1170 21
3643 21
1135 21
1061 21
1193 21
1158 21
1129 21
260 21
3637 21
18 21
1215 21
1106 21
1238 21
1209 21
1090 21
2626 21
3648 21
271 21
1117 21
1226 21
1198 21
1095 21
3683 21
1152 21
1067 21
1233 21
1124 21
3655 21
1187 21
1227 21
1153 21
3684 21
1130 21
3661 21
1096 21
1100 21
1232 21
3690 21
1073 21
1054 21
1186 21
1169 21
1249 21
1079 21
3650 21
1111 21
3642 21
1136 21
1062 21
3667 21
1175 21
1192 21
1105 21
3636 21
1210 21
1147 21
1204 21
1181 21
1164 21
3678 21
3695 21
3647 21
1059 21
1197 21
1080 21
1139 21
3685 21
1174 21
1068 21
1211 21
3195 21
1151 21
2961 21
1102 21
1234 21
1205 21
3656 21
1180 21
3679 21
3673 21
1085 21
1113 21
1222 21
1251 21
2238 21
1134 21
1128 21
3662 21
1107 21
1240 21
1216 21
1074 21
1145 21
1091 21
1162 21
1053 21
1200 21
1118 21
3651 21
1223 21
3641 21
1063 21
1086 21
3680 21
3668 21
1179 21
1191 21
3635 21
1092 21
1217 21
1123 21
1146 21
1163 21
1140 21
1058 21
3646 21
1245 21
1228 21
1196 21
3663 21
1157 21
1069 21
3085 21
1097 21
1239 21
1101 21
3691 21
1168 21
3657 21
3674 21
1185 21
1229 21
1132 21
1098 21
1241 21
3640 21
1161 21
3652 21
1075 21
1144 21
3675 21
3692 21
1052 21
1167 21
1184 21
1190 21
1081 21
1247 21
1201 21
1121 21
1064 21
1230 21
1138 21
1155 21
1173 21
3669 21
3686 21
1070 21
1212 21
3634 21
1103 21
1206 21
1149 21
1057 21
1082 21
1189 21
3645 21
3670 21
1252 21
1114 21
1246 21
1172 21
1195 21
1133 21
3664 21
1156 21
3687 21
452 21
1213 21
3658 21
1127 21
641 21
1207 21
1108 21
3639 21
1224 21
1218 21
1087 21
1150 21
1119 21
3681 21
1178 21
1093 21
887 21
1235 21
3653 21
1122 21
1076 21
1116 21
1248 21
1202 21
1219 21
1225 21
1088 21
1231 21
3682 21
1094 21
1177 21
1071 21
3633 21
1125 21
1148 21
1056 21
1142 21
3644 21
1243 21
3665 21
1194 21
1060 21
1159 21
3659 21
1237 21
4 21
1131 21
1099 21
1110 21
1254 21
3638 21
3693 21
3676 21
1166 21
1183 21
1143 21
1120 21
1265 21
1137 21
3649 21
1176 21
1104 21
1236 21
1089 21
3677 21
1077 21
1220 21
3654 21
1182 21
3694 21
1165 21
1115 21
1188 21
1083 21
3396 21
3671 21
1203 21
1253 21
1065 5
1171 21
1066 21
3688 21
3660 21
1154 21
1126 21
1199 21
1208 21
1214 21
1242 21
1109 21
1160 21
1055 21
1072 21
