10684 1379
10692 1379
10670 1379
10706 1379
10675 1379
10698 153
10683 1379
14822 1379
10668 1379
10676 1379
10700 1379
10429 1379
15763 1379
10707 1379
10691 1379
10701 1379
10704 1379
10694 1379
10686 1379
10689 1379
10536 1379
10697 1379
23247 1379
1785 1379
10711 1379
21074 1379
10695 1379
10681 1379
67 1379
5285 1379
1102 1379
10673 1379
22945 1379
23248 1379
10709 1379
10617 1379
10678 1379
19388 1379
10672 1379
10680 1379
10703 1379
23249 1379
10687 1379
9670 1379
2983 1379
10679 1379
1472 1379
5378 1379
10671 1379
10677 1379
10688 1379
10699 1379
10702 1379
10693 1379
4650 1379
10439 1379
10696 1379
10710 1379
6979 1379
10685 1379
10669 1379
10708 1379
10705 1379
10690 1379
10674 1379
10682 1379
