16616 457
10774 457
10790 457
16607 457
10791 457
10773 457
16615 457
9127 457
10782 457
16617 457
691 457
16473 457
16608 457
10783 457
16605 457
739 457
10789 457
16618 457
7132 457
10776 457
10780 457
4380 457
8993 457
16619 457
10777 457
16606 457
16610 457
10781 457
6076 457
10787 457
10779 457
16603 457
9148 457
10778 457
16620 457
10786 457
3856 457
16611 457
5032 457
10769 457
10770 457
10788 457
9766 457
10681 457
10775 156
16604 457
16621 457
16612 457
10784 457
6685 457
10771 457
16613 457
6880 457
8960 457
12055 457
8556 457
16609 457
16614 457
10785 457
10772 457
10264 457
