1120 863
1252 863
1155 863
1147 863
1066 863
1104 863
1198 863
1171 863
1082 863
19600 863
1201 863
1058 863
1112 863
1244 863
1074 863
1163 863
1208 863
452 863
1127 863
1143 863
1186 863
1100 863
1240 863
1089 863
1224 863
1236 863
1094 863
1191 863
1139 863
1062 863
1116 863
1248 863
1097 863
1205 863
1167 863
1107 863
20662 863
1078 863
1159 863
1124 863
1233 863
1220 863
1182 863
1069 863
1216 863
1086 863
1071 863
1054 863
1090 863
1195 863
1152 863
1135 863
1178 863
1227 863
1172 863
641 863
1235 863
1138 863
260 863
1162 863
1251 863
1065 863
1217 863
1128 863
1083 863
1077 863
1101 863
1187 863
1144 863
1093 863
1212 863
1207 863
1190 863
1059 863
1113 863
1156 863
1199 863
2901 863
1223 863
1241 863
1061 863
1249 863
1117 863
20661 863
1134 863
1194 863
1151 863
1177 863
1213 863
1239 863
1087 863
1230 863
1072 863
1106 863
1149 863
11485 863
1183 863
1140 863
1123 863
1166 863
1245 863
1202 863
1228 863
1055 863
20659 863
1098 863
1218 863
1137 863
1226 863
1181 863
1129 863
1234 863
1102 863
1092 863
1145 863
1161 863
1064 863
1157 863
1211 863
19102 863
1238 863
1242 863
1080 863
1188 863
1114 863
1173 863
1076 863
1130 863
1109 863
1254 863
1206 863
1193 863
1214 863
1133 863
1222 863
20660 863
19258 863
1088 863
1231 863
1095 863
1052 863
1184 863
1176 863
1141 863
1150 863
12159 863
1250 863
8635 863
1056 863
1229 863
1073 863
1246 863
1203 863
1099 863
1060 863
1084 863
1118 863
1148 863
1067 863
1105 863
1122 863
1165 863
1180 863
1091 863
15944 863
1103 863
1075 863
1121 863
887 863
1164 863
1154 863
1209 863
1197 863
1146 863
1189 863
1200 863
1057 863
1243 863
1111 863
1131 863
1174 863
1225 863
1160 863
1192 863
1237 863
1253 863
1210 863
1081 863
1063 863
1169 863
1126 863
1219 863
1096 863
1053 863
1168 863
1108 863
1142 863
1185 863
1079 863
1125 863
1221 863
1132 863
1158 863
1247 863
1115 863
1070 863
1204 863
20663 863
1136 863
4 863
1196 863
1119 863
1110 863
1153 863
1179 863
11651 863
1215 863
1170 863
1068 863
1175 5
1232 863
1085 863
