11819 2084
11808 2084
11816 2084
11827 2084
700 2084
11822 2084
11830 2084
9627 2084
11811 2084
1681 2084
11807 2084
11804 2084
938 2084
24734 2084
11815 2084
4530 2084
11831 2084
17121 2084
11829 192
11818 2084
11826 2084
8124 2084
8896 2084
11820 2084
11823 2084
24080 2084
4061 2084
11812 2084
3333 2084
22178 2084
11806 2084
17262 2084
8297 2084
11809 2084
11814 2084
24008 2084
11817 2084
11825 2084
11824 2084
11828 2084
11821 2084
1110 2084
11813 2084
8029 2084
11805 2084
11810 2084
24197 2084
6231 2084
