15498 376
12005 376
14535 376
15501 376
12001 198
15518 376
12014 376
15499 376
15510 376
12015 376
3435 376
12007 376
11589 376
12006 376
15496 376
15519 376
15502 376
12003 376
7888 376
12016 376
9337 376
15503 376
15516 376
15504 376
12017 376
12004 376
15497 376
12290 376
15517 376
8375 376
1318 376
11999 376
12018 376
8995 376
15505 376
6149 376
15514 376
12010 376
8661 376
12002 376
3236 376
15469 376
15506 376
15515 376
12011 376
2494 376
15511 376
12008 376
15508 376
15507 376
15512 376
12012 376
10836 376
12009 376
15509 376
8623 376
11998 376
1111 376
15513 376
3124 376
12013 376
12000 376
15500 376
5548 376
