1060 1297
1091 1297
1127 1297
1243 1297
1212 1297
1057 1297
1130 1297
1226 1297
1175 1297
1161 1297
20608 1297
1214 1297
1156 1297
1187 1297
1192 1297
1209 1297
1173 1297
1231 1297
1228 1297
1108 1297
1189 1297
1093 1297
1088 1297
1113 1297
1132 1297
1069 1297
1074 1297
1177 1297
1171 1297
1101 1297
1146 1297
1199 1297
1086 1297
1129 1297
1168 1297
1123 1297
1180 1297
22946 1297
1064 1297
1095 1297
1117 1297
1142 1297
1111 1297
1067 1297
1076 1297
1070 1297
1120 1297
1190 1297
1205 1297
3774 1297
641 1297
1139 1297
1196 1297
1202 1297
1158 1297
1224 1297
260 1297
1066 1297
1135 1297
1083 1297
1152 1297
1197 1297
1252 1297
1203 5
1149 1297
1204 1297
1249 1297
1183 1297
1134 1297
1218 1297
1179 1297
1248 1297
1153 1297
1198 1297
1181 1297
1250 1297
1222 1297
1178 1297
1233 1297
1105 1297
1099 1297
1154 1297
1247 1297
1116 1297
1085 1297
1232 1297
1238 1297
22945 1297
1055 1297
1163 1297
1241 1297
1094 1297
1172 1297
1223 1297
1115 1297
1229 1297
18393 1297
1100 1297
1084 1297
1056 1297
1106 1297
1125 1297
1065 1297
1144 1297
1219 1297
1251 1297
1182 1297
1213 1297
1169 1297
1160 1297
1188 1297
1191 1297
1157 1297
1112 1297
1075 1297
1126 1297
1230 1297
20127 1297
887 1297
1061 1297
1159 1297
1211 1297
1242 1297
16065 1297
1239 1297
1176 1297
1162 1297
1225 1297
1244 1297
22947 1297
1143 1297
1058 1297
1077 1297
1124 1297
1090 1297
1063 1297
1110 1297
1107 1297
1215 1297
1246 1297
1186 1297
1164 1297
1080 1297
1237 1297
1145 1297
1092 1297
1114 1297
1136 1297
1073 1297
1133 1297
1054 1297
1193 1297
1089 1297
1155 1297
1240 1297
1227 1297
1221 1297
1782 1297
452 1297
1174 1297
1208 1297
1235 1297
1121 1297
1104 1297
1052 1297
1097 1297
1118 1297
1079 1297
1234 1297
1148 1297
1053 1297
1098 1297
1253 1297
1217 1297
1195 1297
1184 1297
1206 1297
1167 1297
1170 1297
1236 1297
1165 1297
1220 1297
15648 1297
1119 1297
1096 1297
1102 1297
1151 1297
1071 1297
1140 1297
1082 1297
16326 1297
1138 1297
1207 1297
1194 1297
1201 1297
1254 1297
1141 1297
1072 1297
1068 1297
1150 1297
1137 1297
1200 1297
1245 1297
1081 1297
1087 1297
1103 1297
1059 1297
1122 1297
1131 1297
1062 1297
1109 1297
1128 1297
1078 1297
1147 1297
1185 1297
1210 1297
15849 1297
1166 1297
1216 1297
4 1297
