22910 1288
12174 1288
4561 1288
3908 1288
9585 1288
12187 205
22908 1288
12197 1288
12190 1288
22902 1288
12182 1288
12196 1288
12188 1288
22041 1288
12198 1288
22903 1288
22906 1288
12181 1288
22914 1288
12195 1288
12170 1288
12173 1288
22911 1288
1304 1288
12184 1288
12192 1288
12176 1288
4656 1288
4005 1288
12179 1288
15847 1288
12177 1288
12171 1288
12194 1288
22913 1288
22905 1288
19387 1288
10441 1288
12199 1288
12185 1288
12169 1288
12193 1288
22909 1288
1896 1288
7911 1288
7262 1288
22887 1288
12200 1288
7867 1288
8376 1288
10257 1288
12186 1288
12189 1288
22912 1288
12183 1288
12175 1288
4874 1288
12178 1288
12191 1288
22907 1288
20043 1288
12180 1288
22904 1288
12172 1288
