1065 1924
1248 1924
1220 1924
1203 1924
1082 1924
1118 1924
1195 1924
1079 1924
1234 1924
1149 1924
1104 1924
1135 1924
1181 1924
1251 1924
1096 1924
1102 1924
1116 1924
1197 1924
1121 1924
1063 1924
1150 1924
1098 1924
1164 1924
1236 1924
1178 1924
1217 1924
1183 1924
1222 1924
4 1924
1176 1924
1137 1924
1131 1924
1100 1924
1084 1924
1229 1924
13212 1924
1207 1924
1232 1924
1185 1924
1154 1924
1201 1924
1238 1924
1213 1924
1210 1924
1219 1924
1072 1924
1166 1924
1147 1924
24112 1924
1053 1924
1125 1924
1160 1924
1128 1924
1106 1924
1094 1924
1075 1924
24541 1924
1090 1924
1173 1924
19099 1924
24539 1924
641 1924
1126 1924
1087 1924
1242 1924
1174 1924
1243 1924
24538 1924
1057 1924
1112 1924
1127 1924
23593 1924
1108 1924
1189 1924
1244 1924
1058 1924
1110 1924
1225 1924
1239 1924
1060 1924
1156 1924
1175 1924
1214 1924
1076 1924
1193 1924
1145 1924
1184 1924
1071 1924
1107 1924
1215 1924
1077 1924
1140 1924
10499 1924
1070 1924
1101 1924
1146 1924
1199 1924
887 1924
1231 5
1080 1924
1155 1924
1086 1924
1224 1924
1061 1924
1205 1924
1111 1924
1253 1924
24542 1924
1136 1924
1067 1924
1117 1924
1130 1924
1120 1924
1165 1924
1148 1924
1182 1924
1218 1924
1250 1924
1134 1924
1179 1924
1204 1924
1249 1924
1081 1924
1196 1924
1151 1924
1235 1924
1119 1924
1180 1924
1194 1924
1052 1924
1252 1924
1066 1924
1247 1924
1105 1924
1095 1924
1153 1924
1233 1924
1033 1924
1206 1924
1167 1924
1062 1924
1068 1924
11397 1924
1223 1924
18784 1924
1200 1924
1115 1924
1245 1924
1192 1924
1132 1924
1085 1924
1170 1924
1254 1924
1138 1924
1216 1924
1141 1924
1097 1924
1144 1924
1169 1924
1163 1924
1056 1924
1198 1924
1103 1924
1078 1924
1122 1924
1059 1924
1109 1924
1091 1924
24486 1924
1073 1924
1190 1924
1226 1924
1142 1924
1187 1924
1074 1924
1088 1924
1143 1924
1188 1924
24540 1924
1157 1924
1212 1924
1186 1924
1241 1924
1069 1924
1124 1924
1055 1924
1113 1924
1161 1924
1211 1924
1228 1924
1230 1924
1172 1924
1159 1924
1209 1924
1191 1924
1162 1924
1123 1924
1237 1924
1168 1924
1093 1924
452 1924
1129 1924
1246 1924
260 1924
1092 1924
1177 1924
1240 1924
1099 1924
1054 1924
1158 1924
1152 1924
1227 1924
1089 1924
1208 1924
1221 1924
1139 1924
1202 1924
1171 1924
1064 1924
1133 1924
1114 1924
1083 1924
