1224 2006
1055 2006
1069 2006
1238 2006
16647 2006
1207 2006
1086 2006
1241 2006
1171 2006
1210 2006
16994 2006
1125 2006
1111 2006
1156 2006
1072 2006
1106 2006
1137 2006
1142 2006
1070 2006
1123 2006
641 2006
1084 2006
1199 2006
1139 2006
1057 2006
1190 2006
1205 2006
1219 2006
1038 2006
1185 2006
1243 2006
1127 2006
1121 2006
1158 2006
1149 2006
1197 2006
1152 2006
1118 2006
1175 2006
1067 2006
1130 2006
1253 2006
1222 2006
20719 2006
1233 5
1187 2006
1209 2006
1228 2006
1234 2006
1181 2006
1231 2006
1168 2006
1212 2006
1140 2006
1146 2006
1074 2006
21359 2006
1108 2006
1096 2006
1093 2006
1094 2006
1163 2006
1247 2006
1215 2006
1178 2006
1229 2006
1080 2006
1164 2006
1203 2006
1145 2006
1134 2006
1117 2006
1095 2006
1065 2006
1120 2006
1076 2006
1115 2006
1251 2006
1101 2006
1182 2006
1232 2006
1193 2006
1066 2006
1213 2006
1249 2006
1144 2006
1204 2006
1252 2006
1189 2006
1060 2006
16849 2006
1075 2006
1183 2006
1198 2006
1214 2006
1248 2006
1242 2006
1173 2006
1100 2006
1192 2006
1179 2006
1239 2006
1223 2006
1085 2006
1154 2006
1135 2006
1116 2006
1169 2006
1110 2006
1124 2006
1138 2006
1141 2006
1186 2006
1071 2006
1155 2006
1107 2006
1225 2006
1056 2006
1237 2006
1211 2006
1172 2006
1073 2006
1087 2006
452 2006
1109 2006
1068 2006
1126 2006
1254 2006
1112 2006
1208 2006
1054 2006
1174 2006
1240 2006
1188 2006
1052 2006
1191 2006
1058 2006
1221 2006
1089 2006
1244 2006
1061 2006
1136 2006
1218 2006
1153 2006
1083 2006
1114 2006
1159 2006
887 2006
1206 2006
1250 2006
1165 2006
1184 2006
1099 2006
1105 2006
1077 2006
1162 2006
1090 2006
1143 2006
231 2006
1194 2006
1102 2006
1147 2006
1202 2006
1063 2006
1129 2006
1078 2006
1133 2006
1103 2006
1180 2006
1064 2006
1148 2006
1200 2006
1079 2006
4 2006
1062 2006
1150 2006
1081 2006
1128 2006
1092 2006
1131 2006
1196 2006
1104 2006
260 2006
1246 2006
1177 2006
1216 2006
1235 2006
1227 2006
1091 2006
1113 2006
1166 2006
1160 2006
12431 2006
1097 2006
1236 2006
1161 2006
1230 2006
1122 2006
1226 2006
1098 2006
1053 2006
1059 2006
1167 2006
14297 2006
1245 2006
1170 2006
1217 2006
1195 2006
1220 2006
1176 2006
1082 2006
1157 2006
1201 2006
1132 2006
1151 2006
1088 2006
1119 2006
