2124 1259
12561 1259
12636 1259
12653 1259
12661 1259
5543 1259
11781 1259
12652 1259
12637 1259
18851 1259
12644 1259
12645 1259
1114 1259
12659 1259
22773 1259
12643 1259
12646 1259
12657 1259
7358 1259
12649 1259
2564 1259
12640 1259
21145 1259
3045 1259
22777 1259
20914 1259
22774 1259
12665 1259
12638 1259
12651 1259
12662 1259
12654 1259
12664 1259
22776 1259
12647 1259
17436 1259
12639 1259
12650 1259
12642 1259
12655 1259
12641 1259
5928 1259
12648 1259
9338 1259
12509 1259
22775 1259
12660 1259
13771 1259
4875 1259
12666 1259
12663 1259
12658 1259
5756 1259
12656 224
19186 1259
