12971 949
12973 236
12963 949
12970 949
6057 949
5544 949
12989 949
4384 949
12980 949
6154 949
12979 949
1902 949
12988 949
12962 949
21250 949
12978 949
12965 949
19383 949
16184 949
12982 949
12981 949
21249 949
4068 949
12154 949
17968 949
20697 949
21247 949
21248 949
19778 949
10977 949
12964 949
12977 949
12959 949
12984 949
21246 949
12967 949
5427 949
566 949
12976 949
12966 949
12958 949
12983 949
9379 949
21245 949
1179 949
12975 949
7264 949
12960 949
12990 949
12957 949
21244 949
12956 949
12987 949
12974 949
12961 949
12972 949
12985 949
12969 949
21243 949
12968 949
12986 949
12655 949
