13285 2211
13301 2211
13307 2211
13293 2211
13277 2211
12957 2211
13268 2211
13271 2211
2470 2211
13270 2211
13276 2211
13269 2211
10844 2211
5107 2211
4849 2211
13299 2211
5679 2211
3115 2211
13308 2211
13298 2211
13302 2211
13305 2211
13284 2211
13287 2211
13292 2211
13295 2211
13310 2211
5882 2211
13288 2211
13282 2211
13312 2211
13304 2211
2810 2211
13290 2211
13274 2211
13266 2211
13279 2211
22658 2211
13265 2211
13273 2211
13281 2211
24752 2211
23910 2211
13296 2211
13309 249
13264 2211
13278 2211
20526 2211
5659 2211
13289 2211
22892 2211
8223 2211
13294 2211
13297 2211
13280 2211
5808 2211
13300 2211
13303 2211
6060 2211
13286 2211
13311 2211
13272 2211
11061 2211
13291 2211
13306 2211
13267 2211
13275 2211
13283 2211
