10442 2446
13719 2446
13713 2446
13698 2446
13705 2446
6449 2446
13700 2446
13721 2446
9246 2446
13691 2446
13706 2446
13714 2446
8951 2446
13697 2446
13722 2446
9054 2446
13728 2446
13712 2446
13726 2446
13718 2446
13723 2446
13715 2446
14532 2446
9630 2446
9983 2446
13692 2446
13729 270
13999 2446
13704 2446
13707 2446
13701 2446
17698 2446
13720 2446
13708 2446
13702 2446
13716 2446
13695 2446
13703 2446
13710 2446
13711 2446
13725 2446
13694 2446
13709 2446
13717 2446
22181 2446
13135 2446
13696 2446
3844 2446
13699 2446
16193 2446
13693 2446
23505 2446
2281 2446
2411 2446
13724 2446
3119 2446
23908 2446
13727 2446
