12544 496
13853 496
13862 496
17110 496
13854 496
13863 496
13850 277
11626 496
13855 496
11439 496
13900 496
17112 496
13864 496
13851 496
4251 496
6692 496
17118 496
13865 496
13852 496
17111 496
5624 496
11896 496
17119 496
17115 496
17123 496
8952 496
17114 496
13849 496
13858 496
17116 496
17122 496
17113 496
2678 496
17117 496
13859 496
2996 496
13182 496
13856 496
17109 496
17121 496
530 496
5884 496
11401 496
13860 496
5344 496
17120 496
13857 496
13451 496
15082 496
10234 496
13861 496
