1606 495
1509 495
13081 495
1525 495
1614 495
1428 495
1517 495
1541 495
1487 495
1576 495
1444 495
1568 495
1622 495
1436 495
1533 495
1479 495
1588 495
1561 495
1448 495
4329 495
1502 495
1480 495
16237 495
1452 495
1545 495
9290 495
1495 495
1592 495
1459 495
1518 7
1053 495
1464 495
1475 495
1432 495
1513 495
1556 495
1580 495
1441 495
1573 495
1255 495
1467 495
1599 495
1530 495
1618 495
9386 495
1529 495
1484 495
1537 495
1492 495
1456 495
1499 495
17097 495
1603 495
6 495
1439 495
1584 495
17103 495
1565 495
1595 495
1522 495
262 495
1552 495
1460 495
1548 495
1505 495
1577 495
17099 495
1488 495
1534 495
1445 495
1550 495
1593 495
1461 495
1437 495
1623 495
1516 495
1613 495
1471 495
1524 495
1559 495
15236 495
1528 495
454 495
1494 495
1562 495
1465 495
1433 495
1476 495
1607 495
1587 495
1501 495
17106 495
1451 495
1544 495
1572 495
1440 495
1512 495
1483 495
17107 495
643 495
1493 495
1449 495
1538 495
1466 495
1555 495
1598 495
1523 495
1540 495
1566 495
1472 495
1617 495
1549 495
1506 495
1438 495
1498 495
1602 495
1455 495
1583 495
17102 495
1551 495
1470 495
1454 495
1497 495
1586 495
17101 495
1489 495
1543 495
5418 495
17098 495
1507 495
1594 495
1462 495
1612 495
1515 495
1434 495
1608 495
1450 495
1558 495
17105 495
1482 495
1446 495
1500 495
1527 495
1574 495
1477 495
1531 495
1624 495
1601 495
1458 495
1539 495
1571 495
1589 495
1590 495
1554 495
1563 495
1511 495
1520 495
17108 495
1503 495
1546 495
1469 495
1620 495
1486 495
1443 495
1430 495
1567 495
1597 495
1582 495
1535 495
1616 495
17095 495
1578 495
1473 495
1490 495
1526 495
1569 495
1508 495
1560 495
1605 495
1496 495
1585 495
17100 495
1453 495
1542 495
963 495
1481 495
1591 495
1447 495
1478 495
1532 495
1575 495
1435 495
16194 495
1625 495
1463 495
1429 495
1514 495
1611 495
1557 495
1504 495
1547 495
1564 495
1619 495
1491 495
1521 495
1610 495
1457 495
1600 495
1474 495
1431 495
1581 495
1609 495
1626 495
1553 495
17104 495
1596 495
1536 495
1510 495
1579 495
17096 495
1604 495
1621 495
1519 495
1468 495
889 495
1485 495
1442 495
1615 495
1570 495
