1542 608
1488 608
1445 608
1534 608
1577 608
1526 608
1569 608
1437 608
1623 608
18471 608
1476 608
1433 608
1607 608
1484 608
1441 608
1514 608
1429 608
1611 608
1581 608
1557 608
18478 608
1453 608
1496 608
1550 608
1593 608
1465 608
1626 608
1600 608
1457 608
1538 608
889 608
1570 608
1449 608
1596 608
1619 608
1472 608
1561 608
18467 608
1480 608
18475 608
1468 608
1493 608
1615 608
1553 608
1585 608
1566 608
1510 608
1549 608
1523 608
1461 608
1604 608
1506 608
1452 608
1495 608
1584 608
1568 608
1507 608
1428 608
1525 608
1574 608
1614 608
3738 608
1489 608
1517 608
1446 608
1551 608
1594 608
1531 608
1624 608
1477 608
1440 608
1434 608
1588 608
1483 608
1502 608
1545 608
18477 608
1608 608
1580 608
1529 608
1430 608
1589 608
1618 608
1562 608
1520 608
1473 608
1546 608
1490 608
1503 608
454 608
1539 608
1599 608
1467 608
1513 608
1552 608
6 608
1595 608
1556 608
5902 608
1530 608
1535 608
1578 608
1573 608
1590 608
1255 608
9462 608
1518 608
1462 608
18472 608
1439 608
1620 608
1456 608
1499 608
1603 608
1567 608
1541 608
1613 608
1559 608
1605 608
1524 608
1486 608
1583 608
1451 608
1540 608
1516 608
1494 608
1591 608
16941 608
1508 608
16402 608
1471 608
1587 608
1544 608
18476 608
1501 608
1625 608
1528 608
1447 608
1563 608
1575 608
16097 608
1532 608
1435 608
1478 608
6341 608
1482 608
1609 608
1466 608
1555 608
1598 608
1512 608
1547 608
1564 608
1521 608
1610 608
1504 608
1463 608
1498 608
1602 608
8263 608
1455 608
1438 608
18473 608
1572 608
1579 608
1617 608
643 608
1431 608
1519 608
18469 608
1474 608
1491 608
1621 608
1536 7
18479 608
1487 608
1592 608
1444 608
1576 608
1053 608
1436 608
1479 608
18470 608
1533 608
1460 608
1622 608
1606 608
1509 608
1442 608
1485 608
1454 608
1586 608
1543 608
1450 608
1582 608
18480 608
1500 608
1459 608
1497 608
1527 608
1470 608
1612 608
1448 608
1558 608
1515 608
1511 608
1554 608
6553 608
1537 608
18474 608
1464 608
1601 608
1432 608
1481 608
1458 608
262 608
1505 608
1560 608
1548 608
1565 608
1522 608
18468 608
1616 608
1492 608
1475 608
1469 608
1443 608
1571 608
1597 608
