1731 147
1774 147
1642 147
10512 147
1766 147
1685 147
1820 147
455 147
1634 147
10520 147
1707 147
1839 147
9278 147
1790 147
1650 147
1782 147
7 147
10504 147
1693 147
1819 147
1649 147
1746 147
1428 147
1789 147
1800 147
1670 147
1703 147
1677 8
1665 147
1762 147
10524 147
1758 147
66 147
1715 147
10519 147
1812 147
1719 147
1727 147
1638 147
1770 147
1689 147
1815 147
1840 147
1751 147
1646 147
1794 147
1832 147
1734 147
1823 147
1777 147
1755 147
1798 147
10528 147
1631 147
1738 147
1742 147
1661 147
1674 147
1712 147
1657 147
1828 147
1785 147
1804 147
890 147
6144 147
1723 147
10532 147
10515 147
1749 147
1803 147
1714 147
1791 147
1783 147
1651 147
1757 147
2112 147
1694 147
1684 147
1641 147
10505 147
1836 147
1730 147
1773 147
1708 147
1666 147
1763 147
1831 147
10523 147
8740 147
1739 147
1813 147
1629 147
1720 147
1635 147
10511 147
644 147
1678 147
1702 147
1807 147
263 147
1745 147
1788 147
1808 147
1752 147
1824 147
10533 147
1735 147
10516 147
1729 147
1778 147
1795 147
1645 147
1818 147
1814 147
1628 147
1688 147
1662 147
1835 147
10527 147
10501 147
1630 147
1690 147
1724 147
1054 147
1718 147
7529 147
1673 147
1767 147
1656 147
1699 147
1741 147
1829 147
1639 147
1784 147
1837 147
1705 147
1748 147
1659 147
10529 147
10530 147
1756 147
1802 147
10522 147
1713 147
1632 147
1764 147
1667 147
1721 147
1799 147
1810 147
1780 147
1683 147
10510 147
1636 147
1806 147
1709 147
1830 147
1776 147
1640 147
1679 147
1733 147
1792 147
1652 147
10506 147
1695 147
1825 147
1672 147
1701 147
1779 147
1736 147
1744 147
1761 147
10509 147
10534 147
1728 147
1753 147
1698 147
1796 147
1817 147
1655 147
1787 147
1809 147
10526 147
1663 147
1256 147
1680 147
10517 147
1691 147
1725 147
1717 147
1768 147
4649 147
1644 147
1627 147
1772 147
1821 147
1834 147
1740 147
1687 147
1710 147
10502 147
1706 147
1838 147
1722 147
1765 147
1811 147
1668 147
10503 147
1781 147
1676 147
1633 147
1805 147
10521 147
1704 147
10513 147
1801 147
1747 147
1696 147
1750 147
1793 147
1716 147
10507 147
1759 147
1826 147
1653 147
1648 147
1682 147
10491 147
1775 147
1732 147
1647 147
1833 147
10525 147
1681 147
1664 147
10518 147
10535 147
1697 147
1743 147
1726 147
1671 147
1769 147
1700 147
1637 147
10508 147
1760 147
1654 147
1786 147
1827 147
1658 147
1822 147
10514 147
1675 147
1692 147
10531 147
7008 147
1660 147
1797 147
1737 147
1754 147
1711 147
1686 147
1771 147
1643 147
1816 147
1669 147
