1728 2438
1692 2438
1661 2438
644 2438
1700 2438
1745 2438
24844 2438
1731 2438
890 2438
1813 2438
1762 2438
1776 2438
1658 2438
1627 2438
1793 2438
1646 2438
1827 2438
21025 2438
1632 2438
1788 2438
1801 2438
1774 2438
1832 2438
1757 2438
1829 2438
1760 2438
1815 2438
1680 2438
1629 2438
1689 2438
1694 2438
1733 2438
1709 2438
1675 2438
1714 2438
1825 2438
1750 2438
1781 2438
1639 2438
1687 2438
1747 2438
1642 2438
1702 2438
6037 2438
263 2438
1690 2438
1665 2438
1712 2438
1769 2438
1724 2438
1696 2438
1743 2438
1677 2438
1721 2438
1671 2438
1718 2438
1797 2438
1778 2438
1803 2438
1772 2438
1630 2438
1806 2438
1791 2438
1759 2438
1822 2438
1798 2438
1753 2438
1784 2438
1736 2438
1684 2438
1805 2438
1819 2438
1754 2438
1640 2438
1799 2438
1670 2438
1735 2438
1804 2438
1782 2438
1823 2438
1755 2438
1779 2438
1834 2438
1686 2438
1637 2438
1648 2438
1717 2438
1706 2438
1667 2438
1650 2438
1695 2438
1656 2438
1764 2438
1839 2438
1647 2438
1657 2438
1716 2438
1720 2438
1773 2438
1824 2438
1651 2438
1638 2438
1707 2438
1660 2438
1685 2438
1666 2438
1710 2438
1726 2438
1641 2438
1789 2438
1833 2438
1783 2438
1814 2438
1792 2438
1761 2438
1628 2438
1828 2438
1428 2438
1645 2438
1800 2438
1631 2438
1676 2438
1831 2438
1662 2438
1713 2438
1758 2438
1693 2438
1727 2438
1701 2438
1746 2438
1777 2438
1812 2438
1790 2438
1826 2438
1838 8
1763 2438
1744 2438
1678 2438
1691 2438
1664 2438
1730 2438
1659 2438
455 2438
1711 2438
1725 2438
1681 2438
1756 2438
1787 2438
1734 2438
1708 2438
1765 2438
1816 2438
10643 2438
1643 2438
1674 2438
1740 2438
1649 2438
21443 2438
1652 2438
1715 2438
1655 2438
1737 2438
1809 2438
1794 2438
1775 2438
1633 2438
1653 2438
1836 2438
1698 2438
1636 2438
4625 2438
1705 2438
1719 2438
1668 2438
1723 2438
1699 2438
1654 2438
1835 2438
1054 2438
1770 2438
1749 2438
1635 2438
1807 2438
1785 2438
1840 2438
1766 2438
1768 2438
1821 2438
1810 2438
1771 2438
1818 2438
1683 2438
1741 2438
1837 2438
1697 2438
1752 2438
1703 2438
15977 2438
1256 2438
1672 2438
1722 2438
7 2438
1811 2438
1808 2438
1742 2438
1802 2438
1634 2438
1739 2438
1795 2438
1679 2438
1673 2438
1820 2438
1669 2438
1751 2438
1796 2438
1688 2438
1738 2438
1704 2438
1732 2438
1682 2438
1729 2438
1663 2438
1780 2438
1644 2438
1786 2438
18169 2438
1830 2438
1748 2438
1817 2438
11975 2438
1767 2438
