1849 73
1958 73
1912 73
7477 73
1935 73
7511 73
2012 73
1872 9
1850 73
1982 73
2035 73
1906 73
1929 73
7505 73
2058 73
2075 73
1844 73
2052 73
1901 73
1896 73
2006 73
2023 73
1999 73
2069 73
1970 73
1861 73
7494 73
7516 73
1953 73
1964 73
1855 73
2041 73
2017 73
1947 73
7483 73
2076 73
1952 73
1975 73
1889 73
2024 73
1895 73
2001 73
1862 73
1994 73
1856 73
1988 73
2063 73
2040 73
7476 73
1946 73
1969 73
7482 73
2018 73
7488 73
1890 73
1873 73
1867 73
2046 73
2029 73
1913 73
1930 73
1918 73
7499 73
1878 73
1884 73
2057 73
1983 73
1924 73
7500 73
2074 73
1907 73
1941 73
1977 73
1627 73
2051 73
1902 73
2022 73
2045 73
7515 73
1860 73
1992 73
1931 73
1954 73
1919 73
2068 73
2039 73
2016 73
7509 73
1877 73
1854 73
1986 73
1883 73
1948 73
2077 73
1925 73
2027 73
7484 73
1865 73
7490 73
1871 73
1848 73
1936 73
2062 73
1859 73
456 73
1429 73
1981 73
2034 73
1960 73
1943 73
2028 73
1843 73
2005 73
1866 73
1998 73
1971 73
1899 73
1937 73
7495 73
6043 73
1965 73
2033 73
2056 73
2073 73
1908 73
1942 73
1903 73
1976 73
2050 73
2000 73
1894 73
1959 73
1993 73
7478 73
264 73
2067 73
7510 73
1914 73
1987 73
4219 73
2011 73
1888 73
1920 73
7489 73
7504 73
1893 73
1870 73
2026 73
1864 73
1996 73
2003 73
1841 73
2061 73
1973 73
2049 73
7497 73
1950 73
1915 73
1858 73
1887 73
1921 73
7480 73
1967 73
1944 73
1978 73
1869 73
3328 73
2044 73
1932 73
4741 73
2038 73
1991 73
1985 73
1876 73
1882 73
2020 73
4431 73
2055 73
2072 73
1909 73
1926 73
7502 73
1927 73
1904 73
7485 73
1847 73
7479 73
2009 73
1910 73
2043 73
7491 73
2066 73
1933 73
1881 73
5458 73
2037 73
2100 73
2010 73
1875 73
2440 73
7503 73
1961 73
1980 73
1055 73
1842 73
1949 73
1997 73
891 73
2004 73
2021 73
7514 73
1972 73
2060 73
1898 73
1955 73
7496 73
1938 73
2015 73
1966 73
7508 73
1853 73
2032 73
645 73
1868 73
7487 73
1845 73
1874 73
7493 73
2007 73
1897 73
1939 73
1940 73
1963 73
2042 73
2071 73
2054 73
7501 73
1974 73
2031 73
1892 73
2002 73
1995 73
1911 73
1957 73
2048 73
7512 73
2065 73
1916 73
7498 73
1989 73
2013 73
1886 73
1922 73
1968 73
1851 73
1905 73
7506 73
2059 73
2053 73
1900 73
2030 73
1979 73
1891 73
1956 73
2047 73
7513 73
1917 73
1879 73
2014 73
1990 73
7507 73
1885 73
1852 73
1984 73
8 73
1923 73
7486 73
2025 73
1846 73
2008 73
1863 73
7492 73
1934 73
1951 73
284 73
1257 73
2064 73
1880 73
1857 73
2070 73
7481 73
1945 73
2019 73
2036 73
1962 73
1928 73
