14110 292
1860 292
1941 292
1844 292
1887 292
1976 292
2064 292
2021 292
2056 292
2072 292
1984 292
1852 292
1895 292
1992 292
1999 292
14109 292
1956 292
645 292
2044 292
2854 292
1972 292
2013 292
1909 292
1913 292
1859 292
1880 292
1968 292
2028 292
1429 292
2001 292
1875 292
14102 292
456 292
1925 292
1848 292
2008 292
14106 292
1961 292
1937 292
14114 292
1987 292
1901 292
1980 292
2017 292
1944 292
2068 292
1856 292
2025 292
1899 292
1867 292
1905 292
1948 292
1922 292
1952 292
1965 292
11402 292
2040 292
1933 292
2053 292
1995 292
1959 292
2036 292
1916 292
1841 292
1929 292
1884 292
1871 292
2010 292
1975 292
1843 292
1932 292
1055 292
1878 292
4320 292
1991 292
2020 292
2063 292
1914 292
2039 292
1868 292
1957 292
2029 292
2073 292
1886 292
1926 292
1892 292
1969 292
2014 292
2057 292
2030 292
1908 292
14103 292
1863 292
2002 292
1985 292
2045 292
1942 292
1960 292
1858 292
13831 292
2041 292
14107 292
1970 292
1857 292
2067 292
1881 292
2024 292
1874 292
2007 292
1891 292
1919 292
1864 292
14113 292
1996 292
1936 292
1953 292
1979 292
1847 292
1910 292
2052 292
1981 292
1921 292
1904 292
1896 292
2035 292
1870 292
1853 292
1879 292
2018 292
1947 292
1964 292
2003 292
1907 292
2046 292
1958 292
2054 292
2011 292
1885 292
264 292
1842 292
1974 292
1931 292
1877 292
1923 292
1966 292
1869 292
14100 292
2038 292
14104 292
1862 292
1943 292
1986 292
2031 292
1900 292
2074 292
1889 292
2026 292
1846 292
1938 292
2015 292
10941 292
1893 292
1257 292
1850 292
2058 292
2062 292
1990 292
1873 292
1997 292
1865 292
1890 292
1989 292
1954 292
1911 292
2034 292
1971 292
14108 292
2042 292
1882 292
2051 292
1927 292
11440 292
2077 292
1897 292
1854 292
1918 292
2019 292
1935 292
1950 292
1978 292
14112 292
1963 292
1982 292
1920 292
1946 292
1903 292
2070 292
2006 292
2049 292
2066 292
2023 292
7315 292
2071 292
1940 292
1983 292
1851 292
14101 292
1894 292
1967 292
1924 292
2037 292
1993 292
1861 292
1949 292
1906 292
2047 292
2004 292
313 292
891 292
2055 292
2012 292
508 292
2027 292
1930 292
1876 292
2061 292
2000 292
1939 292
1915 9
2009 292
1955 292
2032 292
1998 292
1888 292
1973 292
2075 292
1912 292
1845 292
1902 292
2076 292
2033 292
14115 292
1988 292
2059 292
2016 292
1945 292
8 292
1627 292
1928 292
1872 292
2050 292
2069 292
1855 292
14105 292
2043 292
2060 292
1962 292
1951 292
2022 292
1994 292
1934 292
2005 292
1917 292
2048 292
2065 292
1883 292
1898 292
1849 292
1866 292
1977 292
14111 292
