2205 120
2116 120
9602 120
2167 120
2221 120
2078 120
2175 120
2132 120
9610 120
9599 120
265 120
2124 120
2213 120
2159 120
9592 120
2225 120
2160 120
2139 120
9614 120
2191 120
1258 120
2101 120
2144 120
9609 120
2187 120
2094 120
2171 120
2082 120
2163 120
2180 120
2201 120
9595 120
2120 120
2195 120
2229 120
2178 120
9618 120
2152 120
9605 120
2097 120
2216 120
9584 120
2086 120
2233 120
2090 120
2105 120
2135 120
2148 120
2230 120
2141 120
2176 120
2087 120
2117 120
2184 120
892 120
1097 120
2151 120
2194 120
1628 120
9583 120
2107 120
2133 120
9613 120
2190 120
2224 120
2127 120
2156 120
9588 120
9593 120
2199 120
457 120
2093 120
2212 120
9601 120
2188 120
2206 120
2113 120
2161 120
2138 120
5099 120
2162 120
9197 120
2145 120
8553 120
2217 120
2102 120
2112 120
2128 120
9606 120
3827 120
9587 120
2155 120
2198 120
2083 120
9438 120
2172 120
2098 120
927 120
2106 120
2149 120
2183 120
2140 120
2123 120
2166 120
9617 120
9 120
2202 120
2228 120
9598 120
2193 120
1841 120
9590 120
2108 10
2134 120
2177 120
646 120
9620 120
2088 120
2231 120
9619 120
2096 120
2150 120
2142 120
2185 120
2157 120
9600 120
9589 120
2114 120
2207 120
2130 120
9612 120
2173 120
2081 120
2223 120
2126 120
2169 120
9594 120
2211 120
2146 120
2189 120
9607 120
2218 120
2103 120
2154 120
2111 120
2129 120
9616 120
2197 120
9586 120
2227 120
1430 120
2137 120
2092 120
2122 120
2182 120
2165 120
2084 120
2203 120
9597 120
2099 120
2220 120
2118 120
294 120
2168 120
2192 120
2125 120
2214 120
2095 120
2158 120
9591 120
2115 120
2204 120
9603 120
2222 120
2079 120
9611 120
2100 120
2208 120
2089 120
2143 120
2080 120
2210 120
2186 120
2109 120
1056 120
9608 120
2219 120
2131 120
2174 120
2200 120
2091 120
2147 120
2164 120
9596 120
2209 120
2181 120
9615 120
2226 120
2085 120
2232 120
2179 120
2119 120
2136 120
9621 120
2121 120
2110 120
2104 120
2196 120
2153 120
9604 120
5254 120
2215 120
2170 120
9585 120
