2080 174
2099 174
2109 174
2110 174
2153 174
2188 174
2196 174
11376 174
2206 174
11368 174
2161 174
11364 174
2087 174
2218 174
2141 174
2125 174
11380 174
2184 174
2137 174
2168 174
2222 174
2092 174
2113 174
2149 174
2156 174
2121 174
2130 174
2173 174
2106 174
2199 174
2202 174
2211 174
1841 174
2192 174
2230 174
11372 174
2102 174
2117 174
2145 174
2128 174
2134 174
2177 174
2083 174
2164 174
2209 174
2096 174
2116 10
2181 174
2079 174
2226 174
11379 174
2195 174
2207 174
2152 174
265 174
2136 174
11367 174
2225 174
11373 174
2179 174
2118 174
2215 174
2170 174
1892 174
2124 174
2167 174
11363 174
2221 174
2108 174
2091 174
3831 174
2088 174
2142 174
9624 174
2185 174
2229 174
2114 174
2084 174
2203 174
6394 174
2210 174
2219 174
2220 174
2191 174
2174 174
2157 174
10165 174
2131 174
2189 174
2103 174
2129 174
2163 174
7837 174
2078 174
2180 174
2214 174
2095 174
11378 174
1430 174
2231 174
2120 174
2146 174
2224 174
2135 174
2232 174
2100 174
2178 174
2127 174
2186 174
2119 174
2208 174
11374 174
2089 174
2097 174
2143 174
2216 174
892 174
1056 174
11382 174
2090 174
2171 174
2204 174
2112 174
2198 174
2155 174
2107 174
2190 174
11370 174
2085 174
2094 174
2104 174
2183 174
2123 174
2140 174
9 174
2139 174
2166 174
2228 174
2200 174
11377 174
2162 174
2175 174
2147 174
2132 174
2158 174
2115 174
2194 174
2151 174
1628 174
4752 174
2213 174
11366 174
2160 174
2098 174
70 174
2223 174
2081 174
1258 174
2169 174
2126 174
2101 174
2144 174
2233 174
11381 174
2187 174
2138 174
2154 174
2111 174
2205 174
11369 174
2197 174
646 174
2217 174
11375 174
2172 174
2122 174
2165 174
2182 174
6253 174
2093 174
457 174
2212 174
2086 174
2105 174
2148 174
2176 174
2082 174
2193 174
2227 174
11365 174
2201 174
11371 174
2150 174
2133 174
2159 174
