2890 195
2874 195
2919 195
11930 195
11914 195
2838 195
2882 195
11922 195
2927 195
2862 195
11910 195
11899 195
2943 195
11906 195
2889 195
2939 195
2846 195
2900 195
2831 195
11937 195
2858 195
2955 195
2912 195
2878 195
2843 195
2826 195
11917 195
6931 195
460 195
2907 195
1844 195
2924 195
2835 195
11934 195
2931 195
2869 195
11926 195
2886 195
11909 195
1434 195
2897 195
2854 195
11902 195
2935 195
2952 195
2920 195
2903 195
2946 195
2871 195
2916 195
11896 195
2830 195
2865 195
2839 195
2822 195
2928 195
5820 195
2855 195
2898 195
2944 195
11905 195
2901 195
2873 195
11923 195
2956 195
3111 195
2859 195
76 195
2913 195
1632 195
2938 195
2850 195
11911 195
2893 195
2827 195
2888 195
2851 195
2894 195
11897 195
2844 195
2887 195
2861 195
2906 195
2949 195
11927 195
649 195
895 195
2877 195
2923 195
2940 195
2834 195
2845 14
2951 195
2934 195
11901 195
2840 195
2883 195
2917 195
11916 195
2866 195
4235 195
2823 195
11933 195
2849 195
2902 195
11904 195
2945 195
2937 195
2856 195
11912 195
1262 195
2872 195
2848 195
2236 195
3335 195
2864 195
2821 195
2910 195
2899 195
2953 195
2909 195
2892 195
2876 195
11919 195
2930 195
2833 195
2880 195
2828 195
11924 195
2925 195
2852 195
2941 195
2914 195
2922 195
11900 195
2895 195
2905 195
2860 195
11898 195
11928 195
11894 195
2837 195
2824 195
2918 195
2841 195
2948 195
2867 195
11915 195
11932 195
2950 195
302 195
2933 195
2929 195
2884 195
2881 195
8219 195
2911 195
2954 195
2857 195
11921 195
2891 195
1060 195
11913 195
2936 195
11931 195
2847 195
2926 195
2829 195
8705 195
2863 195
2820 195
11936 195
2908 195
11907 195
2942 195
2832 195
2875 195
2932 195
11925 195
2915 195
11908 195
2885 195
2825 195
2842 195
267 195
2868 195
11918 195
11935 195
2921 195
2947 195
2870 195
2904 195
11895 195
2836 195
2879 195
2896 195
11903 195
2853 195
11929 195
11920 195
