460 571
2907 571
2895 571
1844 571
2869 571
2941 571
2887 571
2844 571
2852 571
2826 571
18038 571
2915 571
2842 571
18046 571
2931 571
2885 571
649 571
2923 571
2905 571
2834 571
2877 571
2860 571
2854 571
2824 571
2897 571
16070 571
2951 571
5832 571
2948 571
2867 571
2921 571
2935 571
2870 571
2917 571
2879 571
2883 571
2933 571
2840 571
2946 571
2849 571
2903 571
2836 571
2830 571
2873 571
2937 571
2890 571
2945 571
18042 571
2856 571
2881 571
2928 571
2839 571
2911 571
2902 571
2954 571
2847 571
1060 571
2864 571
2899 571
2821 571
2956 571
2913 571
2926 571
2943 571
2892 571
2909 571
968 571
2930 571
2939 571
2900 571
14031 571
1632 571
2828 571
2858 571
18044 571
2832 571
2845 571
2862 571
2888 571
2875 571
2878 571
2932 571
18039 571
18047 571
2924 571
2843 571
2835 571
2861 571
267 571
2906 571
2868 571
2922 571
2949 571
895 571
2894 571
2851 571
2825 571
2886 571
17223 571
2914 571
2940 571
18037 571
18040 571
2918 571
1434 571
2934 571
2841 571
2904 571
2947 571
2837 571
2952 571
2866 571
2920 571
2950 571
2853 571
2896 571
2916 571
2871 571
2823 571
2929 571
2848 571
2865 571
2857 571
1262 571
2822 571
2874 571
1530 571
2891 571
2919 571
2944 571
18041 571
2872 571
2236 571
2898 571
2936 571
2855 571
2882 571
2953 571
2838 571
14173 571
2910 571
2927 571
4254 571
2901 571
2829 571
2859 571
18045 571
2833 571
2863 571
2846 571
2850 571
2820 571
2876 571
2889 571
2938 571
2831 571
2925 571
12768 571
2884 14
2908 571
2893 571
2880 571
18043 571
2827 571
2912 571
2942 571
2955 571
