3281 681
2417 681
3230 681
3273 681
3257 681
3214 681
3212 681
1062 681
3247 681
3301 681
3194 681
3311 681
3239 681
3204 681
3251 17
3222 681
7557 681
3265 681
3291 681
1547 681
15 681
3259 681
3275 681
3313 681
3245 681
3232 681
19255 681
3288 681
3216 681
17445 681
3229 681
2623 681
1847 681
3250 681
3308 681
3196 681
3220 681
19253 681
1263 681
3202 681
3263 681
3293 681
3315 681
19252 681
3234 681
3277 681
3294 681
3227 681
3225 681
897 681
3201 681
3261 681
3217 681
3287 681
3244 681
3208 681
3198 681
2083 681
3306 681
3270 681
3210 681
3240 681
3283 681
3296 681
3223 681
3238 681
3268 681
3253 681
3266 681
3206 681
3255 681
3279 681
3249 681
3298 681
3236 681
3242 681
3219 681
3285 681
3272 681
3317 681
3304 681
3256 681
3302 681
3299 681
3310 681
3205 681
3248 681
3264 681
3221 681
3290 681
3231 681
3274 681
9299 681
3282 681
1345 681
3213 681
3292 681
3195 681
3262 681
3246 681
19254 681
3203 681
3309 681
3280 681
3233 681
3312 681
1436 681
3215 681
3258 681
3300 681
3289 681
3276 681
3025 681
3228 681
3218 681
3243 681
3200 681
3235 681
3260 681
462 681
3286 681
3316 681
3197 681
3307 681
3314 681
19251 681
3209 681
3269 681
3295 681
3226 681
3278 681
3252 681
3267 681
3224 681
17039 681
3297 681
3237 681
3284 681
6711 681
19042 681
3207 681
3271 681
3305 681
3199 681
3318 681
3303 681
3241 681
3211 681
3254 681
