3561 82
3584 82
3517 82
3590 82
7908 82
2822 82
3555 82
3603 82
3532 82
7889 82
7900 82
3626 82
3606 82
6045 82
3570 82
7917 82
3549 82
3593 82
3578 82
3541 82
7898 82
3612 82
3526 82
4548 82
3621 82
3537 82
7905 82
3564 82
3581 82
3558 82
3589 82
3600 82
3609 82
1637 82
3629 82
7886 82
3523 82
3596 82
3632 82
3550 82
7912 82
3575 82
3569 82
3544 82
3615 82
3395 82
7893 82
7902 82
3620 82
3538 82
3563 82
3557 82
3586 82
3530 82
3601 82
3608 82
7887 82
3628 82
3524 82
3572 82
7915 82
3599 82
3566 82
3614 82
3543 82
7890 82
7892 82
3583 82
3591 82
7907 82
3518 82
3552 82
7307 82
3623 82
1264 82
2960 82
3546 82
7918 82
3594 82
3577 82
3529 82
3580 82
7910 82
7895 82
3617 82
3521 82
7891 82
3536 82
7904 82
3588 82
3559 82
3622 82
3551 82
7885 82
3597 82
3631 82
3545 82
7913 82
3574 82
3568 82
3616 82
3522 82
7894 82
7901 82
3560 82
3579 82
3585 82
3625 82
3554 82
3533 82
651 82
3535 20
3548 82
3605 82
3571 82
4220 82
1086 82
7916 82
3592 82
7909 82
3565 82
7897 82
3527 82
3611 82
3540 82
3619 82
270 82
3534 82
5173 82
2625 82
3582 82
3624 82
7906 82
3519 82
3553 82
7778 82
7348 82
3547 82
3604 82
3610 82
3595 82
3576 82
7919 82
1848 82
3528 82
7911 82
7896 82
3520 82
3618 82
3562 82
7903 82
3587 82
3539 82
3556 82
3602 82
7920 82
7888 82
3531 82
3627 82
7914 82
3607 82
3573 82
3525 82
3598 82
3630 82
3567 82
3613 82
3542 82
7899 82
3208 82
17 82
