3696 118
3890 118
3874 118
2086 118
3858 118
3882 118
3947 118
3815 118
3904 118
9528 118
3939 118
466 118
3826 23
3927 118
3897 118
3854 118
3951 118
9536 118
4434 118
3870 118
9521 118
9548 118
3823 118
3920 118
3517 118
3866 118
9552 118
3916 118
8330 118
3886 118
3932 118
7207 118
3843 118
3894 118
3851 118
3834 118
3877 118
1439 118
9532 118
9541 118
9524 118
3935 118
3943 118
3900 118
9560 118
3869 118
3839 118
9556 118
1464 118
3862 118
3907 118
9539 118
3924 118
9513 118
3911 118
1849 118
3954 118
3865 118
3849 118
3822 118
3938 118
9555 118
9512 118
9537 118
653 118
3901 118
9545 118
3812 118
3944 118
3913 118
3816 118
3859 118
3898 118
3948 118
3855 118
3871 118
9549 118
9540 118
3934 118
900 118
3840 118
3928 118
3950 118
9517 118
9522 118
3883 118
3887 118
3827 118
9533 118
9559 118
9516 118
3923 118
3940 118
3917 118
9550 118
9544 118
3833 118
3850 118
3838 118
3876 118
3906 118
4867 118
1672 118
3893 118
9527 118
6142 118
3949 118
3912 118
3955 118
3861 118
9561 118
3844 118
9538 118
3929 118
9546 118
3945 118
3813 118
3910 118
3856 118
3821 118
3864 118
3953 118
3899 118
9562 118
9511 118
9554 118
3872 118
9523 118
3914 118
3841 118
3884 118
3817 118
9518 118
9534 118
3902 118
3848 118
8290 118
3879 118
3933 118
3860 118
3941 118
3828 118
9551 118
9558 118
3837 118
3926 118
9515 118
3909 118
3922 118
3905 118
3930 118
3918 118
3956 118
3845 118
3888 118
3832 118
9543 118
3875 118
9530 118
3892 118
3937 118
9526 118
9520 118
3814 118
3946 118
3903 118
3873 118
9547 118
3830 118
9529 118
3891 118
3881 118
9519 118
3952 118
3824 118
3867 118
3847 118
9510 118
3921 118
9553 118
3197 118
3915 118
9535 118
3853 118
3818 118
3896 118
3852 118
3835 118
3836 118
3878 118
3908 118
3925 118
9542 118
3819 118
3895 118
9525 118
3931 118
3885 118
3829 118
3868 118
3842 118
9514 118
3846 118
9557 118
3889 118
9531 118
3820 118
3825 118
3863 118
3919 118
3880 118
3936 118
2627 118
3942 118
3831 118
8989 118
3857 118
