3883 1102
3919 1102
3897 1102
3952 1102
3819 1102
3866 1102
3921 1102
3821 1102
3905 1102
3949 1102
3835 1102
3884 1102
3935 1102
3870 1102
3849 1102
3904 1102
3823 1102
3820 1102
3851 1102
3040 1102
3818 1102
3848 1102
3903 1102
3834 1102
3840 1102
3837 1102
3853 1102
15091 1102
3867 1102
3922 1102
3864 1102
3933 1102
3906 1102
3936 1102
7396 1102
3517 1102
3917 1102
3878 1102
3947 1102
17276 1102
3855 1102
3880 1102
3902 1102
3839 1102
3924 1102
3824 1102
3908 1102
3950 1102
3877 1102
3946 1102
3899 1102
3915 1102
3846 1102
3881 1102
3865 1102
3934 1102
653 1102
3931 1102
22071 1102
3868 1102
3896 1102
3918 1102
3887 1102
3893 1102
3940 1102
3953 1102
3890 1102
3937 1102
3874 1102
3814 1102
3871 1102
3956 1102
3197 1102
3852 1102
3836 1102
3817 1102
3833 1102
3844 1102
466 1102
3889 1102
3944 1102
3830 1102
3927 1102
3861 1102
3894 23
3813 1102
3858 1102
3913 1102
12162 1102
2004 1102
3827 1102
3843 1102
3888 1102
3892 1102
3943 1102
3857 1102
3912 1102
3812 1102
3862 1102
3826 1102
3831 1102
3842 1102
3845 1102
3900 1102
3829 1102
3928 1102
22073 1102
3856 1102
3911 1102
3859 1102
3914 1102
3939 1102
7574 1102
3875 1102
3930 1102
2348 1102
3891 1102
3909 1102
3925 1102
3886 1102
3941 1102
3916 1102
3872 1102
3910 1102
3847 1102
3955 1102
22072 1102
3869 1102
1439 1102
3816 1102
2627 1102
3895 1102
3907 1102
3850 1102
3932 1102
3832 1102
3838 1102
3954 1102
3815 1102
3854 1102
3873 1102
3938 1102
3901 1102
3920 1102
3879 1102
3876 1102
3926 1102
3696 1102
3923 1102
3951 1102
3945 1102
3948 1102
1849 1102
3885 1102
3942 1102
3882 1102
3898 1102
3929 1102
3828 1102
2086 1102
3860 1102
3863 1102
900 1102
3822 1102
3825 1102
15260 1102
3841 1102
