3960 624
3978 624
4006 624
18643 624
4014 624
3995 624
4015 624
3986 624
3979 624
4023 624
3977 624
20 624
4005 624
3985 624
18644 624
4013 624
3994 624
3993 624
3976 624
4022 624
3959 624
3984 624
4012 624
3971 624
3967 624
3997 624
2149 624
18646 624
6467 624
3518 624
4008 624
18645 624
14756 624
3996 624
14537 624
14363 624
3966 624
4011 624
3983 624
18647 624
3970 624
4007 624
654 624
1850 624
3965 624
3990 624
4019 624
3957 624
3982 624
3981 624
4001 624
18648 624
3989 24
4010 624
3999 624
3964 624
467 624
3973 624
3972 624
4000 624
4018 624
3980 624
3958 624
18649 624
3963 624
3998 624
3697 624
4009 624
3992 624
4004 624
4017 624
3319 624
3968 624
13522 624
3086 624
3988 624
5419 624
18641 624
3962 624
7711 624
3975 624
4021 624
18642 624
3991 624
3969 624
4002 624
4016 624
10858 624
1067 624
3987 624
4003 624
1440 624
4020 624
3974 624
3961 624
