4093 433
16301 433
4182 433
4050 433
4077 433
4034 433
1326 433
4123 433
4166 433
4190 433
4573 433
4131 433
4042 433
4174 433
4085 433
4103 433
4146 433
4189 433
4049 433
4200 433
21 433
4065 433
7184 433
4162 433
16308 433
655 433
4194 433
4115 433
4158 433
4070 433
4118 433
4186 433
4092 25
4054 433
4207 433
4097 433
4081 433
4037 433
4169 433
4143 433
4100 433
4126 433
4135 433
4178 433
4171 433
4197 433
4090 433
5192 433
4073 433
4088 433
4030 433
4058 433
4045 433
4062 433
4069 433
4107 433
4026 433
4154 433
4111 433
16305 433
4068 433
4157 433
16310 433
4025 433
4041 433
4114 433
4246 433
4203 433
4084 433
4147 433
4104 433
4191 433
4129 433
4175 433
16300 433
273 433
4132 433
4181 433
4078 433
4053 433
4096 433
16309 433
4035 433
4120 433
4208 433
4163 433
4080 433
4063 433
4119 433
4179 433
4136 433
4110 433
4153 433
4196 433
4170 433
4029 433
4089 433
4046 433
3006 433
4108 433
4074 433
4091 433
4168 433
16304 433
4125 433
4142 433
4185 433
4057 433
4031 433
4204 433
4105 433
1441 433
4164 433
4121 433
4024 433
4199 433
4067 433
4156 433
16311 433
16303 433
4202 433
4113 433
4148 433
4059 433
4176 433
4133 433
4036 433
4052 433
4079 433
4192 433
4095 433
4128 433
4180 433
4040 433
4083 433
4152 433
4195 433
4047 433
4160 433
4071 433
4099 433
4109 433
4064 433
1143 433
16307 433
1851 433
4205 433
4141 433
4184 433
4028 433
4060 433
4043 433
4032 433
4056 433
4075 433
4039 433
4167 433
4137 433
4124 433
4122 433
901 433
4076 433
16299 433
4130 433
4106 433
4173 433
4149 433
16302 433
4971 433
4086 433
4140 433
4094 433
16297 433
4051 433
4183 433
4033 433
4165 433
4139 433
4116 433
4159 433
4066 433
1266 433
4201 433
4082 433
4177 433
2420 433
4188 433
4102 433
4145 433
4193 433
4048 433
4150 433
4127 433
4055 433
4187 433
4038 433
4144 433
4101 433
4151 433
6259 433
16306 433
4134 433
4117 433
4072 433
4161 433
1639 433
4206 433
4098 433
4044 433
4087 433
3698 433
4061 433
4027 433
4198 433
4155 433
4112 433
4138 433
4172 433
16298 433
