4372 292
14110 292
1915 292
4364 292
4321 292
3321 292
4338 292
4303 292
4305 292
4348 292
1852 292
4313 292
14100 292
4356 292
14109 292
4328 292
14104 292
2854 292
4374 292
4344 292
4331 292
4301 292
10941 292
4346 292
4362 292
14102 292
4315 292
3397 292
4358 292
4334 292
14106 292
4368 292
4325 292
4351 292
14114 292
4342 292
4024 292
4308 292
14108 292
3812 292
11440 292
4317 292
4323 292
4353 292
4366 292
4310 292
4349 292
4336 292
4370 292
3087 292
4340 292
11402 292
14112 292
4319 292
4306 292
2239 292
7315 292
4347 292
4304 292
4312 292
4339 292
14101 292
4355 292
4330 292
4365 292
4373 292
4322 292
313 292
508 292
4361 292
4375 292
4314 292
4327 292
4357 292
4329 292
4359 292
14103 292
4332 292
4363 292
4345 292
4350 292
4302 292
14115 292
13831 292
4309 292
14107 292
4333 292
4318 292
4316 292
4360 292
4335 292
14105 292
14113 292
4326 292
4352 292
4300 292
4343 292
4369 292
4307 292
4320 27
4311 292
4371 292
4324 292
4337 292
275 292
4209 292
4367 292
2421 292
4354 292
4341 292
14111 292
