4429 1453
4529 1453
4462 1453
3634 1453
4432 1453
4477 1453
4493 1453
4532 1453
4459 1453
4463 1453
4514 1453
4494 1453
4428 1453
4528 1453
4430 1453
4433 1453
1442 1453
4509 29
4481 1453
4427 1453
4495 1453
3519 1453
4446 1453
4476 1453
4501 1453
4531 1453
4492 1453
4457 1453
4465 1453
4512 1453
4515 1453
4520 1453
1069 1453
4451 1453
23479 1453
12350 1453
4496 1453
4490 1453
4518 1453
4426 1453
4534 1453
4543 1453
4448 1453
4517 1453
3814 1453
4521 1453
4474 1453
18562 1453
4539 1453
4452 1453
4489 1453
23480 1453
4505 1453
4508 1453
4502 1453
4486 1453
4533 1453
4439 1453
4530 1453
4483 1453
4467 1453
4458 1453
4464 1453
4480 1453
4527 1453
4524 1453
4461 1453
4511 1453
8155 1453
4445 1453
4442 1453
4423 1453
3399 1453
4420 1453
4454 1453
4468 1453
4523 1453
14966 1453
4499 1453
4437 1453
4537 1453
4440 1453
4485 1453
4540 1453
4210 1453
4822 1453
24 1453
4506 1453
4471 1453
4455 1453
4510 1453
4441 1453
4436 1453
4536 1453
4422 1453
4419 1453
5935 1453
4424 1453
4498 1453
4435 1453
4484 1453
4470 1453
4438 1453
4487 1453
4542 1453
4449 1453
4504 1453
4507 1453
4473 1453
4526 1453
4418 1453
4479 1453
4443 1453
13498 1453
4482 1453
4488 1453
4503 1453
4421 1453
4460 1453
4466 1453
14711 1453
4491 1453
4425 1453
4497 1453
4525 1453
4444 1453
4544 1453
3958 1453
4472 1453
4447 1453
4478 1453
4541 1453
1267 1453
4475 1453
4522 1453
4513 1453
4453 1453
4469 1453
4519 1453
4456 1453
4516 1453
4500 1453
13684 1453
4535 1453
4450 1453
4434 1453
4538 1453
23478 1453
4431 1453
