1267 2351
4455 2351
4510 2351
4472 2351
4469 2351
4524 2351
4424 2351
3958 2351
4508 2351
4507 2351
4438 2351
4499 2351
4454 2351
4473 2351
4538 2351
17826 2351
14838 2351
4526 2351
4523 2351
4468 2351
4485 2351
4487 2351
4540 2351
4542 2351
4498 2351
4490 2351
4537 2351
4474 2351
4471 2351
4460 2351
24 2351
4439 2351
13029 2351
4422 2351
23970 2351
4436 2351
4425 2351
4441 2351
18324 2351
4519 2351
4444 2351
4544 2351
4430 2351
4497 2351
4427 2351
4466 2351
4421 2351
4513 2351
4518 2351
4484 2351
4443 2351
4488 2351
4535 2351
4512 2351
4449 2351
4462 2351
4431 2351
4506 2351
4418 2351
4503 2351
4434 2351
4440 2351
4437 2351
4500 2351
4453 2351
4528 2351
4456 2351
4210 2351
4459 2351
4522 2351
4478 2351
4475 2351
4491 2351
4509 2351
4525 2351
4494 2351
4516 2351
3519 2351
4447 2351
4480 2351
4502 2351
4432 2351
4450 2351
4477 2351
4532 2351
4495 2351
4515 2351
4446 2351
4481 2351
4501 2351
4465 2351
4520 2351
4479 2351
4534 2351
4476 2351
4531 2351
4496 2351
4493 2351
3634 2351
4482 2351
4529 2351
4428 2351
4463 2351
4452 2351
1442 2351
10734 2351
4433 2351
4483 2351
4541 29
4489 2351
4419 2351
4527 2351
4521 2351
4505 2351
4458 2351
4461 2351
4435 2351
4492 2351
4543 2351
4457 2351
4470 2351
22294 2351
1069 2351
4504 2351
4423 2351
4420 2351
3399 2351
4426 2351
4451 2351
4448 2351
4442 2351
4445 2351
14250 2351
4429 2351
4511 2351
4464 2351
4467 2351
4514 2351
4539 2351
4533 2351
4530 2351
18596 2351
4536 2351
4517 2351
3814 2351
4486 2351
