4882 879
20757 879
4929 879
18027 879
4890 879
10213 879
4211 879
4912 879
4858 879
4899 879
4910 879
4947 879
4953 879
4904 879
4864 879
18302 879
4872 879
4939 879
4935 879
4876 879
4889 879
4900 879
4868 879
4943 879
4930 879
4949 879
4880 879
4906 879
4955 879
4862 879
4919 879
4892 879
4874 879
6716 879
4937 879
4924 879
4887 879
4879 879
4932 879
4940 879
1445 879
4917 879
1071 879
4894 879
4934 879
4877 879
4885 879
4926 879
2088 879
4951 879
4921 879
469 879
11548 879
4928 879
4866 879
4945 879
4902 879
3636 879
4915 879
4896 879
4883 879
4870 879
2903 879
4911 879
4857 879
4954 879
4903 879
4946 879
4865 879
8970 879
4873 879
4938 879
10372 879
20756 879
4944 879
4956 879
4913 879
4881 879
4952 879
4859 879
4898 879
4948 879
4893 879
4918 879
4863 879
4905 879
18172 879
4936 879
4923 879
4942 879
4875 879
4869 879
4888 879
20758 879
2243 879
4909 33
4891 879
4861 879
4907 879
4729 879
4895 879
4916 879
4941 879
4878 879
4908 879
4860 879
4886 879
4925 879
4931 879
27 879
4922 879
20755 879
4897 879
4867 879
4901 879
4914 879
4927 879
4871 879
4884 879
658 879
4933 879
4920 879
4950 879
