904 1104
4969 1104
4994 1104
4986 1104
4972 1104
4977 1104
5014 1104
5006 1104
4964 1104
4980 1104
4995 1104
4999 1104
5000 1104
4987 1104
5015 1104
4981 1104
4968 1104
470 1104
4973 1104
4965 1104
4970 1104
4962 1104
4959 1104
4967 1104
5016 1104
22079 1104
5013 1104
5019 1104
2244 1104
5008 1104
12745 1104
4978 1104
9649 1104
5002 1104
5005 1104
5010 1104
4997 1104
4958 1104
4983 1104
4991 1104
5011 1104
4966 1104
1642 1104
5003 1104
4975 1104
5017 1104
278 1104
5009 1104
4989 34
4988 1104
2423 1104
1769 1104
4957 1104
4961 1104
4998 1104
5020 1104
5018 1104
22078 1104
28 1104
4992 1104
20564 1104
4976 1104
4984 1104
5134 1104
20380 1104
5007 1104
5004 1104
168 1104
4979 1104
1446 1104
4990 1104
4027 1104
4993 1104
5012 1104
5001 1104
22077 1104
4996 1104
13458 1104
4971 1104
4985 1104
2089 1104
4974 1104
4982 1104
21251 1104
4960 1104
4963 1104
