5123 88
5089 88
5100 88
8181 88
5117 88
5152 88
5137 88
8200 88
8189 88
5114 88
1643 88
5120 88
5143 88
5166 88
8195 88
5816 88
2246 88
8186 88
5090 88
5103 88
1087 88
5134 88
8205 88
5155 88
5140 88
8208 88
5098 88
8192 88
5106 88
5148 88
5161 88
8211 88
8187 88
5097 88
7255 88
5135 88
8202 88
5138 88
5154 88
3637 88
5112 88
4418 88
5168 88
8193 88
5141 88
5160 88
5109 88
5092 88
5126 88
5149 88
5101 88
8190 88
5086 88
5132 88
5118 88
8184 88
4857 88
5157 88
5115 88
2425 88
5121 88
8213 88
5129 88
5146 88
5163 88
8198 88
7308 88
5091 88
8185 88
4730 88
5104 88
5156 88
8204 88
5133 88
8207 88
5099 88
5110 88
5107 88
4028 88
8191 88
5147 88
5162 88
8199 88
8210 88
5151 88
5124 88
5088 88
5094 88
5130 88
8182 88
5116 88
5159 88
8201 88
5113 88
1665 88
5144 88
1447 88
5253 88
5165 88
8196 88
5127 88
5125 88
5150 88
5102 88
5093 88
5087 88
5119 88
5131 88
8183 88
8206 88
5158 88
6243 88
8209 88
5122 88
5105 88
5128 88
2630 88
8212 88
5145 88
5164 88
8197 88
5095 36
5096 88
8203 88
5153 88
5136 88
5139 88
8188 88
2259 88
5111 88
5869 88
5167 88
8194 88
5108 88
5142 88
