5357 1852
5390 1852
3818 1852
5343 1852
5388 1852
5327 1852
21068 1852
5360 1852
5358 1852
5374 1852
7596 1852
5313 1852
16870 1852
5339 1852
5328 1852
5344 1852
5325 1852
5341 1852
5314 1852
5330 1852
32 1852
5373 1852
24440 1852
5376 1852
5392 1852
5387 1852
5315 1852
5368 1852
5340 1852
5385 1852
5362 1852
5346 1852
5324 1852
5363 1852
11529 1852
5369 1852
5347 1852
2091 1852
5375 1852
10197 1852
5372 1852
5378 1852
24441 1852
5394 1852
5359 1852
3200 1852
5331 1852
5356 1852
5350 1852
5353 1852
15268 1852
5337 1852
5391 39
13638 1852
5318 1852
5334 1852
5396 1852
5351 1852
5365 1852
5349 1852
5320 1852
22226 1852
5335 1852
5321 1852
5366 1852
5352 1852
5397 1852
5382 1852
5333 1852
5336 1852
5319 1852
5317 1852
5322 1852
5384 1852
5398 1852
5381 1852
14320 1852
5379 1852
5395 1852
5354 1852
5329 1852
5393 1852
906 1852
3324 1852
2426 1852
5370 1852
5399 1852
5338 1852
5377 1852
5169 1852
5332 1852
5316 1852
5371 1852
5355 1852
5361 1852
5364 1852
5389 1852
5380 1852
5367 1852
5386 1852
3400 1852
5383 1852
5345 1852
5348 1852
3523 1852
5323 1852
24439 1852
5326 1852
5342 1852
