6111 424
16199 424
6057 424
6103 424
6065 424
6049 424
16202 424
6073 424
6128 424
6039 424
4632 424
6075 49
6040 424
6091 424
473 424
6083 424
12867 424
16197 424
6055 424
6105 424
1512 424
6118 424
6071 424
6121 424
36 424
6134 424
6067 424
6042 424
6085 424
6098 424
12253 424
6116 424
6044 424
6108 424
6133 424
6095 424
6052 424
16194 424
6125 424
6123 424
13179 424
6106 424
6078 424
6061 424
6087 424
6076 424
6063 424
6050 424
6080 424
6093 424
6101 424
16196 424
6114 424
6127 424
16200 424
1275 424
6131 424
6059 424
6046 424
6089 424
6082 424
5862 424
6090 424
6066 424
6058 424
6112 424
6129 424
6099 424
14742 424
6056 424
6110 424
2968 424
6092 424
6119 424
6120 424
6102 424
2429 424
6074 424
6048 424
14807 424
6122 424
15323 424
6041 424
6068 424
6054 424
6084 424
6097 424
6104 424
3240 424
6117 424
16198 424
3094 424
6072 424
1647 424
6079 424
6043 424
6086 424
6060 424
6088 424
6069 424
6070 424
6053 424
6107 424
6132 424
6096 424
6124 424
6115 424
6130 424
2636 424
6077 424
6062 424
6047 424
6045 424
6051 424
6094 424
6109 424
6064 424
6081 424
16195 424
3851 424
6100 424
6126 424
16201 424
6113 424
