7419 1349
7405 1349
4217 1349
2972 1349
7352 1349
7397 1349
7398 1349
7353 1349
10477 1349
7383 1349
7367 1349
7422 1349
7406 1349
476 1349
7382 1349
7371 1349
7366 1349
7421 1349
7369 1349
7424 1349
21423 1349
7385 1349
7399 1349
7396 1349
7347 1349
7386 1349
7416 1349
7363 1349
7410 1349
7395 1349
7417 1349
7411 1349
1082 1349
7404 71
7348 1349
7364 1349
16103 1349
7380 1349
7423 1349
9500 1349
7429 1349
7357 1349
7420 1349
7373 1349
6304 1349
7376 1349
7379 1349
7426 1349
7407 1349
7401 1349
7370 1349
7354 1349
7351 1349
7389 1349
17809 1349
283 1349
7361 1349
3530 1349
7358 1349
7413 1349
7392 1349
7360 1349
7400 1349
7428 1349
4157 1349
7391 1349
7375 1349
23139 1349
7359 1349
7414 1349
7390 1349
7393 1349
23138 1349
7377 1349
7374 1349
7427 1349
7388 1349
7402 1349
7372 1349
7378 1349
7408 1349
22050 1349
7350 1349
7355 1349
1282 1349
7356 1349
7425 1349
4037 1349
7394 1349
393 1349
7403 1349
7409 1349
7368 1349
2438 1349
7362 1349
7365 1349
7412 1349
22601 1349
7418 1349
7415 1349
7384 1349
7387 1349
7349 1349
23137 1349
7381 1349
7346 1349
