790 500
782 500
9066 500
685 500
650 500
738 500
17163 500
774 500
642 500
731 500
693 500
827 500
819 500
17171 500
871 500
770 500
804 500
258 500
669 500
707 500
851 500
766 500
820 500
723 500
863 500
673 500
835 500
2877 500
878 500
754 500
657 500
711 500
797 500
847 500
697 500
883 500
823 500
840 500
123 500
654 500
866 500
742 500
785 500
874 500
718 500
17178 500
727 500
831 500
744 3
735 500
778 500
646 500
964 500
689 500
17175 500
812 500
855 500
17167 500
682 500
714 500
703 500
763 500
746 500
789 500
720 500
665 500
838 500
750 500
793 500
17160 500
808 500
828 500
739 500
17164 500
641 500
773 500
712 500
684 500
755 500
17180 500
730 500
676 500
862 500
877 500
17170 500
783 500
5830 500
656 500
880 500
690 500
818 500
699 500
740 500
846 500
803 500
749 500
798 500
706 500
852 500
724 500
661 500
834 500
767 500
794 500
662 500
751 500
734 500
2 500
645 500
777 500
450 500
688 500
807 500
655 500
841 500
884 500
698 500
824 500
867 500
717 500
6768 500
17179 500
672 500
702 500
745 500
651 500
762 500
839 500
694 500
788 500
677 500
17174 500
649 500
666 500
813 500
17168 500
856 500
683 500
873 500
830 500
728 500
667 500
853 500
721 500
799 500
756 500
764 500
810 500
772 500
640 500
748 500
705 500
837 500
675 500
861 500
802 500
659 500
713 500
845 500
817 500
881 500
736 500
660 500
779 500
833 500
865 500
822 500
644 500
17165 500
691 500
829 500
784 500
687 500
17177 500
741 500
17169 500
15657 500
671 500
857 500
725 500
768 500
680 500
876 500
814 500
708 500
787 500
761 500
849 500
663 500
795 500
752 500
806 500
678 500
842 500
729 500
868 500
695 500
759 500
701 500
885 500
716 500
872 500
776 500
733 500
652 500
825 500
780 500
648 500
17173 500
692 500
781 500
879 500
747 500
844 500
801 500
658 500
870 500
17172 500
811 500
757 500
722 500
854 500
668 500
791 500
17166 500
704 500
836 500
17162 500
765 500
643 500
686 500
737 500
864 500
850 500
796 500
710 500
848 500
805 500
753 500
816 500
859 500
719 500
771 500
882 500
821 500
674 500
769 500
726 500
7807 500
858 500
709 500
786 500
815 500
17176 500
760 500
10801 500
832 500
875 500
743 500
700 500
775 500
758 500
681 500
869 500
732 500
826 500
17161 500
664 500
647 500
809 500
792 500
679 500
860 500
800 500
696 500
653 500
670 500
843 500
715 500
886 500
