730 827
676 827
684 827
862 827
765 827
781 827
870 827
692 827
757 827
811 827
779 3
722 827
854 827
668 827
641 827
773 827
818 827
834 827
20452 827
737 827
850 827
796 827
882 827
699 827
710 827
661 827
846 827
753 827
877 827
803 827
749 827
656 827
706 827
807 827
726 827
858 827
709 827
815 827
717 827
645 827
777 827
672 827
688 827
769 827
734 827
843 827
873 827
830 827
10957 827
649 827
792 827
886 827
20456 827
679 827
800 827
681 827
696 827
869 827
653 827
826 827
664 827
702 827
745 827
762 827
788 827
705 827
802 827
837 827
659 827
845 827
16996 827
772 827
640 827
748 827
675 827
861 827
871 827
782 827
20453 827
650 827
738 827
693 827
827 827
754 827
711 827
797 827
660 827
687 827
865 827
16595 827
822 827
644 827
817 827
766 827
723 827
833 827
258 827
669 827
851 827
17447 827
671 827
727 827
744 827
876 827
787 827
761 827
849 827
20457 827
806 827
697 827
883 827
823 827
840 827
866 827
654 827
665 827
682 827
759 827
716 827
648 827
776 827
733 827
838 827
701 827
750 827
793 827
872 827
812 827
855 827
20454 827
828 827
739 827
791 827
844 827
712 827
801 827
658 827
704 827
836 827
755 827
879 827
747 827
690 827
724 827
848 827
805 827
821 827
674 827
767 827
783 827
798 827
880 827
852 827
740 827
643 827
816 827
686 827
859 827
719 827
771 827
864 827
2 827
832 827
875 827
743 827
450 827
700 827
655 827
794 827
841 827
662 827
884 827
698 827
824 827
867 827
751 827
786 827
760 827
856 827
809 827
651 827
666 827
839 827
694 827
813 827
670 827
677 827
683 827
647 827
12740 827
715 827
728 827
775 827
860 827
18607 827
758 827
732 827
713 827
790 827
685 827
774 827
642 827
731 827
819 827
667 827
853 827
721 827
799 827
756 827
764 827
810 827
881 827
657 827
784 827
20451 827
741 827
16582 827
673 827
770 827
804 827
835 827
878 827
707 827
18485 827
820 827
736 827
863 827
847 827
691 827
829 827
778 827
646 827
718 827
663 827
795 827
689 827
752 827
735 827
742 827
20449 827
20450 827
785 827
874 827
857 827
725 827
831 827
768 827
680 827
814 827
708 827
729 827
652 827
695 827
703 827
763 827
13124 827
746 827
789 827
720 827
868 827
825 827
885 827
780 827
20455 827
714 827
808 827
678 827
842 827
