20499 835
17425 835
20502 835
696 835
706 835
882 835
653 835
793 835
661 835
749 835
714 835
846 835
803 835
750 835
838 835
684 835
718 835
781 835
815 835
641 835
3359 835
765 835
858 835
9786 835
668 835
722 835
874 835
777 835
831 835
734 835
862 835
869 835
737 835
762 835
826 835
754 835
886 835
673 835
843 835
711 835
818 835
681 835
649 835
835 835
800 835
664 835
850 835
878 835
20505 835
699 835
656 835
16350 835
788 835
702 835
745 835
797 835
773 835
726 835
782 3
807 835
790 835
854 835
709 835
692 835
811 835
688 835
871 835
645 835
769 835
730 835
660 835
644 835
776 835
733 835
822 835
865 835
839 835
677 835
723 835
766 835
830 835
687 835
812 835
855 835
669 835
873 835
845 835
802 835
654 835
748 835
751 835
697 835
861 835
794 835
640 835
705 835
672 835
827 835
18706 835
717 835
851 835
258 835
834 835
648 835
682 835
817 835
798 835
701 835
665 835
877 835
20504 835
840 835
659 835
883 835
727 835
787 835
772 835
744 835
755 835
761 835
738 835
806 835
712 835
693 835
866 835
676 835
849 835
650 835
823 835
767 835
821 835
7229 835
775 835
643 835
856 835
686 835
724 835
783 835
805 835
716 835
872 835
880 835
694 835
740 835
848 835
813 835
651 835
759 835
732 835
678 835
864 835
450 835
671 835
655 835
828 835
20500 835
876 835
801 835
698 835
844 835
795 835
752 835
747 835
704 835
809 835
20507 835
666 835
690 835
833 835
647 835
852 835
816 835
683 835
859 835
771 835
728 835
860 835
743 835
713 835
786 835
700 835
2 835
739 835
662 835
867 835
675 835
837 835
824 835
12081 835
20503 835
17661 835
841 835
658 835
884 835
20497 835
760 835
799 835
756 835
792 835
695 835
881 835
804 835
707 835
20498 835
679 835
863 835
820 835
670 835
758 835
829 835
20501 835
741 835
847 835
715 835
652 835
784 835
875 835
832 835
764 835
778 835
735 835
857 835
642 835
814 835
685 835
721 835
667 835
729 835
657 835
20506 835
746 835
703 835
885 835
753 835
789 835
796 835
770 835
779 835
780 835
808 835
736 835
720 835
868 835
763 835
710 835
842 835
674 835
825 835
691 835
719 835
870 835
689 835
646 835
18585 835
742 835
757 835
785 835
731 835
768 835
774 835
791 835
725 835
819 835
663 835
836 835
708 835
680 835
853 835
879 835
810 835
