7840 165
7832 165
7883 165
11135 165
11127 165
7867 165
671 165
11110 165
5407 165
7857 165
7849 165
7875 165
11119 165
11102 165
7834 165
7881 165
45 165
481 165
11107 165
7865 165
1662 165
7850 165
7863 165
7852 165
11131 165
11112 165
11125 165
7859 165
11109 165
7829 165
7847 165
7877 165
11105 165
7870 165
11130 165
7853 165
11122 165
7861 165
11114 165
7844 165
11120 165
7836 165
7879 165
11129 165
7872 165
7842 165
11133 165
9376 165
4054 165
11103 165
11116 165
7868 165
7855 165
2834 165
7838 165
5256 165
5027 165
5815 165
7858 165
10012 165
7831 165
7874 165
11118 165
4556 165
7884 165
7841 165
7866 165
11128 165
7864 165
8487 165
11124 165
11111 165
2114 165
7880 165
7848 165
7878 165
7876 165
7846 165
7833 165
7882 165
11108 165
11126 165
11113 165
7851 165
7845 165
5404 165
7854 165
7837 165
7871 165
11106 165
11123 165
7835 81
11132 165
7862 165
11115 165
7839 165
7869 165
6754 165
7856 165
4313 165
7843 165
7130 165
11117 165
11134 165
7830 165
11121 165
7873 165
7860 165
11104 165
