8106 1052
8070 1052
8076 1052
6975 1052
8068 1052
21823 1052
8084 1052
8092 1052
916 1052
8071 1052
8099 1052
8101 1052
8105 1052
17763 1052
8069 1052
8093 1052
8077 1052
8085 1052
6005 1052
8110 1052
8113 1052
8102 1052
6591 1052
8104 1052
8107 1052
4221 1052
8115 1052
21825 1052
21822 1052
8095 1052
8098 1052
8073 1052
8109 1052
2443 1052
12947 1052
8079 1052
8087 1052
8097 86
8112 1052
8081 1052
8088 1052
8082 1052
12303 1052
4864 1052
8096 1052
2642 1052
16986 1052
8074 1052
8090 1052
8108 1052
9996 1052
6139 1052
8094 1052
21824 1052
12007 1052
8083 1052
8091 1052
8089 1052
18328 1052
1875 1052
8086 1052
7457 1052
8078 1052
8075 1052
5665 1052
8111 1052
8114 1052
8072 1052
8080 1052
8100 1052
8103 1052
