8625 508
8650 508
676 508
2694 508
8642 508
8641 508
8633 508
2103 508
8624 508
17271 508
7349 508
8632 508
8640 508
17280 508
13813 508
8658 508
1725 508
8627 508
8759 508
8623 508
17272 508
8649 508
8644 508
8631 508
288 508
8657 508
17269 508
8628 98
16167 508
17286 508
17273 508
8626 508
8630 508
8482 508
8643 508
8656 508
8638 508
17274 508
17275 508
8655 508
17267 508
17284 508
8646 508
3347 508
8639 508
6079 508
7477 508
8637 508
17268 508
8963 508
8645 508
8654 508
8653 508
1290 508
17276 508
920 508
17285 508
8636 508
17281 508
2976 508
17264 508
8652 508
17277 508
8648 508
8635 508
8622 508
1668 508
8651 508
17282 508
8629 508
17279 508
17266 508
13519 508
8634 508
17265 508
8647 508
17283 508
17278 508
8621 508
17270 508
