8682 779
8665 779
8690 779
8703 779
20117 779
8702 779
8365 779
8674 779
8683 779
8664 779
14430 779
8681 779
8691 779
13545 779
8673 779
8701 779
20116 779
8699 779
19828 779
8663 779
8676 779
20119 779
8693 779
4549 779
8689 779
8700 779
8659 779
8688 779
8675 779
8662 779
8692 779
8768 779
8680 779
20118 779
8483 779
8695 779
7520 779
8679 99
19256 779
8678 779
8696 779
8661 779
677 779
8687 779
8669 779
8694 779
8677 779
483 779
8660 779
4961 779
8686 779
9076 779
8668 779
20113 779
8698 779
8672 779
2447 779
8685 779
20115 779
8670 779
18246 779
11751 779
8704 779
4641 779
8667 779
8666 779
19555 779
8697 779
1091 779
8684 779
20114 779
8671 779
