9129 109
12259 207
9184 207
9192 207
9176 207
9133 207
12267 207
9168 207
9166 207
9123 207
9141 207
9158 207
12260 207
7356 207
9148 207
9178 207
5259 207
9135 207
9194 207
9164 207
9151 207
12269 207
683 207
9182 207
1881 207
12257 207
9154 207
12254 207
9137 207
9162 207
12263 207
3722 207
11590 207
9145 207
9188 207
9171 207
6595 207
9128 207
9130 207
9173 207
12265 207
5967 207
9186 207
9190 207
9160 207
12252 207
8024 207
9169 207
9139 207
9126 207
9143 207
9156 207
3965 207
9124 207
9159 207
9167 207
9175 207
9140 207
9183 207
12258 207
486 207
9185 207
9149 207
9150 207
12251 207
12268 207
9132 207
9193 207
11136 207
9165 207
9181 207
12256 207
9147 207
9177 207
9134 207
12261 207
3422 207
7258 207
9152 207
9195 207
56 207
9189 207
12262 207
9170 207
9138 207
9146 207
9153 207
8791 207
9155 207
9196 207
9172 207
9179 207
924 207
12264 207
9163 207
9136 207
12255 207
9180 207
1684 207
9157 207
9127 207
9187 207
2276 207
9144 207
9142 207
9131 207
12253 207
9191 207
12266 207
9125 207
9174 207
9161 207
12270 207
