9213 2319
9205 2319
18423 2319
6533 2319
6247 2319
2648 2319
9222 2319
9230 2319
9235 2319
9219 2319
9227 2319
9214 2319
9228 2319
2979 2319
9221 2319
9236 2319
24021 2319
9197 2319
2449 2319
18130 2319
9209 2319
9206 2319
9199 2319
9203 2319
9240 2319
9243 2319
9211 2319
8181 2319
9238 2319
9200 2319
57 2319
487 2319
13328 2319
9202 2319
9216 2319
9208 2319
9233 2319
9224 2319
18834 2319
3212 2319
9232 2319
9217 2319
9225 2319
9239 2319
9210 2319
9241 110
9220 2319
24903 2319
9226 2319
9229 2319
9234 2319
9237 2319
24509 2319
1882 2319
10412 2319
875 2319
9198 2319
9201 2319
9204 2319
9215 2319
7165 2319
9212 2319
9242 2319
9218 2319
9207 2319
9223 2319
9231 2319
