931 533
1047 533
1004 533
14705 533
974 533
1039 533
1012 533
915 533
958 533
982 533
1030 533
259 533
992 533
948 533
895 533
1029 533
984 533
905 533
1020 533
1037 533
17608 533
923 533
966 533
980 533
917 533
1040 533
933 533
1010 533
1019 533
1049 533
989 533
976 533
1006 533
1035 533
1022 533
6819 533
3 533
946 533
903 533
964 533
921 533
994 533
897 533
951 533
1042 533
1025 533
1050 533
952 533
902 533
995 533
17611 533
928 533
978 533
1008 533
890 533
918 533
997 533
962 533
1016 533
935 533
945 533
971 533
988 533
7024 533
1033 533
899 533
640 533
17605 533
939 533
909 533
941 533
969 533
911 533
954 533
913 533
926 533
943 533
900 533
924 533
973 533
937 533
967 4
956 533
14203 533
960 533
1027 533
999 533
930 533
986 533
892 533
907 533
1044 533
1014 533
1001 533
888 533
990 533
1031 533
906 533
949 533
894 533
17607 533
11447 533
1038 533
922 533
1021 533
965 533
991 533
1011 533
932 533
940 533
983 533
957 533
975 533
1003 533
914 533
1046 533
1023 533
896 533
1036 533
947 533
904 533
920 533
17609 533
963 533
993 533
950 533
981 533
959 533
934 533
977 533
916 533
929 533
1048 533
1018 533
1005 533
979 533
901 533
1034 533
1009 533
1017 533
936 533
961 533
996 533
919 533
944 533
987 533
9598 533
1026 533
1051 533
898 533
1043 533
17612 533
1041 533
1024 533
970 533
927 533
1007 533
910 533
953 533
955 533
1028 533
942 533
972 533
1015 533
891 533
908 533
998 533
985 533
1032 533
12767 533
1002 533
887 533
1045 533
889 533
17606 533
2508 533
451 533
1000 533
16259 533
1013 533
893 533
938 533
968 533
925 533
912 533
17610 533
