9846 1401
9838 1401
8444 1401
9871 1401
16920 1401
3780 1401
9840 1401
12979 1401
9869 1401
9841 1401
9847 1401
9855 1401
9863 1401
23336 1401
8470 1401
9850 1401
2021 1401
9864 1401
4046 1401
9839 1401
23337 1401
1466 1401
9867 1401
9842 1401
9845 1401
9848 1401
9872 1401
9856 1401
9861 1401
9853 1401
9837 1401
9834 1401
9859 127
22576 1401
5255 1401
9849 1401
9835 1401
9843 1401
9851 1401
10699 1401
9866 1401
1884 1401
9858 1401
1099 1401
9860 1401
9844 1401
9852 1401
9836 1401
6496 1401
8839 1401
4748 1401
13795 1401
8026 1401
23338 1401
9862 1401
8332 1401
9854 1401
9868 1401
9870 1401
9857 1401
9865 1401
9873 1401
