10734
10778
10733
10777
10736
14418
10735
10779
14419
10738
11827
10737
10739
10770
14412
14413
318
8327
10772
14410
1618
2707
10771
14411
4921
10774
14416
10773
14417
10776
14414
10775
14415
5152
8146
7574
9199
14420
10745
10744
10747
10746
10749
10748
10780
14421
14422
10741
10740
10743
10742
10756
10755
10758
2721
10757
10759
537
4863
10750
10752
2925
10751
4703
10754
10753
13942
9892
10767
14409
10766
10769
14407
10768
14408
2498
14401
14402
10761
1849
10760
10763
14405
10762
14406
10765
14403
10764
14404
