10051
3288
5061
10734
11867
11900
11866
11704
11869
13527
10218
11868
11901
13521
13522
11861
6701
11860
13520
11863
13525
7715
11862
13526
11865
13523
11864
13524
5157
11878
11877
11879
3928
6997
11870
2719
11872
11596
11871
11797
11874
11873
11876
11875
67
11889
13507
11888
13508
13509
11881
11880
11883
11882
11885
11884
11887
11886
11054
11890
11856
13518
11855
11899
13519
11858
13516
11857
13517
11859
11892
13510
11891
13511
11894
11893
1606
11896
13514
11895
13515
5407
11854
11898
13512
1207
11897
13513
