4051
4172
4052
4173
4053
4174
4054
4175
4055
4176
4056
4177
4057
4178
4058
4179
4170
4050
4171
2302
4048
4169
4049
3757
4062
4183
4063
4184
4064
4185
4065
4186
4066
4187
4067
4188
4068
4189
18
4069
19
4180
4060
4181
4061
4182
3405
4059
3529
3528
4073
4194
4074
4195
4075
4196
4076
4197
4077
4198
4078
4199
4079
4190
4070
4191
4071
4192
4072
4193
4084
4085
4086
4087
4088
4089
4080
4081
4082
4083
4095
4096
4097
4098
4099
2473
1382
4090
4091
4092
4093
4094
2900
714
293
294
4200
4201
1171
1170
984
4210
4211
4212
513
4202
4203
4204
4205
4206
4207
4208
4209
4220
4100
4221
4101
4102
4213
4214
4215
4216
4217
4218
4219
4110
4111
4112
4113
3266
4103
4104
4105
4106
4107
4108
4109
4120
4121
4122
4123
4124
4114
4115
4116
4117
4118
4119
4130
4131
4132
4133
4134
4135
4125
4126
4127
4128
4129
4140
4141
4142
4143
4144
4145
4146
4136
4137
4138
4139
4150
4030
4151
4031
4152
4032
4153
4033
4154
4034
4155
4035
4156
4036
4157
1795
4147
4027
4148
4028
4149
4029
4040
4161
4041
4162
4042
4163
4043
4164
4044
4165
4045
4166
4046
4167
4047
4168
4160
4037
4158
4038
4159
4039
