5660
5661
5662
5663
6599
5664
1581
3121
5654
5655
5656
5657
5658
5659
5670
5671
5672
5673
5674
5675
5391
5706
2679
5707
5708
5709
5665
5666
3764
5667
5700
5668
5701
5669
5702
5703
5704
5705
4470
5680
5681
7101
5682
7100
5683
7103
5684
7102
5685
7105
5686
7104
4903
5717
5718
5719
4909
5676
4104
5677
5710
5678
5711
5679
5712
5713
5714
5715
5716
5690
7110
7077
5691
7076
5692
7079
5693
7078
5694
5695
5696
5697
5730
7075
7074
1800
5728
5729
303
5687
5720
7107
5688
5721
7106
5689
5722
7109
5723
7108
5724
5725
5726
5727
7088
7087
7089
7080
7082
7081
7084
7083
7086
7085
5698
5731
5699
5732
5733
5734
2904
5735
7099
7098
7091
7090
1394
7093
7092
2481
7095
7094
7097
7096
728
4031
5251
5650
5651
5652
5653
3905
5645
5646
5647
5648
5649
