590
591
592
593
594
595
596
597
598
599
27539
1
15315
498
499
7908
700
701
25305
279
25319
600
601
602
603
604
605
606
607
608
609
610
611
612
613
614
615
616
617
618
619
19531
11814
620
500
621
501
622
502
623
503
624
504
625
505
626
506
627
507
628
508
629
509
630
510
631
511
632
512
633
513
634
514
635
515
636
516
637
517
638
518
639
519
640
520
641
521
642
522
643
523
644
524
645
525
646
526
647
527
648
528
649
529
650
530
651
531
652
532
653
533
654
534
655
535
656
536
657
537
658
538
659
5799
539
660
540
661
541
662
542
663
543
664
544
665
545
666
546
667
547
668
548
669
549
670
550
671
551
672
552
673
553
674
554
675
555
676
556
677
557
678
558
679
559
15104
680
560
681
561
682
562
683
563
684
564
685
565
686
566
687
567
688
568
689
569
27546
27547
23068
27544
27545
690
570
691
27548
571
692
27549
572
693
573
694
574
695
575
696
576
697
27542
577
698
27543
578
699
27540
579
27541
580
581
582
583
584
585
586
587
588
589
