6593
6592
6595
6594
6597
16510
6596
6511
6510
6598
6591
8491
6590
6509
16519
6502
16514
6501
6589
16513
6504
16512
6503
16511
6506
16518
8806
6505
16517
6508
16516
6507
16515
6520
16521
16520
6489
6522
6521
6513
6512
16524
6515
16523
6514
16522
6517
6516
6519
6518
6494
6493
6496
6495
6498
6531
14034
6497
6530
6533
6499
6532
6490
6492
6491
3936
3535
6524
6523
6526
6525
6528
6527
6529
6540
6542
6541
6544
6543
16509
16508
6535
6534
6537
6536
6539
16507
6538
16506
6551
6550
6553
6552
6555
2909
6554
7081
2349
2740
6546
6545
6548
6547
6549
6560
5592
6562
6561
6564
6563
6566
6565
2484
6436
6557
6556
7007
725
6559
6558
6571
6570
6573
4032
6572
6575
6574
6577
6576
4391
6568
6567
6569
6582
6581
6584
4681
6583
6586
6585
5894
6500
6588
5257
6587
6580
6579
6578
