177 210
231 210
223 210
185 210
266 210
215 210
258 210
169 210
193 210
3516 210
241 210
187 210
179 210
207 210
272 210
233 210
217 210
264 210
221 210
197 210
191 210
205 210
173 210
270 210
3514 210
235 210
248 210
236 210
261 210
201 210
253 210
227 210
210 210
219 210
180 210
171 210
229 210
203 210
263 210
220 210
246 210
212 210
255 210
225 210
242 210
250 210
268 210
238 210
182 210
208 210
189 210
195 210
176 210
81 210
257 210
244 210
206 210
3517 210
214 210
186 210
232 210
249 210
273 210
224 210
184 210
178 210
3126 210
216 210
267 210
259 210
192 210
1290 210
1 210
174 210
2965 210
3515 210
204 210
271 210
234 210
247 210
190 210
211 2
218 210
265 210
125 210
240 210
252 210
222 210
198 210
172 210
228 210
245 210
199 210
260 210
237 210
202 210
251 210
254 210
196 210
183 210
170 210
175 210
188 210
269 210
200 210
262 210
230 210
243 210
256 210
226 210
213 210
239 210
181 210
194 210
209 210
