88
5382
89
110
111
112
113
114
115
116
90
117
91
118
4686
92
119
93
94
95
96
97
10
98
11
99
12
13
14
15
16
17
18
19
120
0
121
1
122
2
123
3
124
4
125
5
126
6
127
7
128
8
129
9
20
21
22
23
24
25
26
6256
27
28
29
130
131
132
133
496
134
135
136
137
138
139
30
31
32
33
9014
34
9015
35
9012
36
9013
37
38
39
9016
9010
140
9011
141
142
143
144
145
146
147
148
149
4116
40
41
42
43
44
45
46
47
48
49
150
151
152
153
154
155
156
157
158
159
50
51
52
53
54
55
56
57
58
59
3565
60
61
62
63
64
65
66
67
68
69
8471
1832
70
71
72
73
74
75
76
77
78
79
100
101
102
103
104
105
622
106
80
107
81
108
82
109
83
84
85
86
87
