1462
1461
1460
1459
1458
1457
1456
1455
1454
1453
1452
10
1473
1472
1471
1470
1503
3803
1469
1502
1468
1501
1467
1500
1466
1465
1068
1464
1463
1509
1508
1507
1506
1505
1504
1484
1483
1482
1481
1480
1514
4903
1513
4904
1479
1512
1478
1511
1477
1510
1476
1475
898
1474
3135
1517
4900
1516
4901
1515
4902
1495
1494
3551
1493
1492
1491
1490
660
1489
1488
1487
1486
1485
4371
4890
4891
4892
4893
4894
791
1415
551
1414
1413
399
1499
1498
1497
1496
1419
1418
4889
1417
1416
1032
280
1426
1425
1424
1423
1422
1421
1420
4895
4896
4897
4898
4899
1429
1428
1427
4396
1440
3585
1164
690
1437
1436
1435
1434
1433
1432
1431
1430
1318
1439
1438
1451
1450
1448
1447
1446
1445
1444
1443
3225
1442
1441
1449
