1855
1854
1853
1852
1851
1850
1859
1858
1857
1856
5670
1863
1862
401
1861
1860
4593
6773
6775
6774
1360
6780
6782
6781
6784
6783
6786
1809
6785
1800
663
1808
6777
1807
6776
1806
6779
1805
6778
1804
1803
1802
1801
1781
1780
1415
1778
1811
1777
1810
794
1776
553
1775
1819
4400
1818
6787
835
1817
1816
1815
1814
1813
1779
1812
1792
1791
1790
282
5590
1789
1822
1788
1821
1787
1820
1786
1785
1784
1783
1782
1829
1828
1827
1826
1825
1824
1823
170
3184
1833
1799
1832
1798
1831
1797
1830
1796
1795
1035
1794
1793
1839
1838
1837
1836
1835
1834
1844
1843
1842
1841
1840
1166
4797
901
1849
5921
1848
1847
1846
1845
