907
908
909
350
351
352
353
354
355
356
357
358
359
910
911
912
913
914
915
916
917
918
919
360
361
362
363
1
364
365
366
367
368
6
369
920
921
922
923
924
925
926
927
928
929
1000
370
371
372
373
374
375
376
377
378
379
930
931
932
933
934
935
936
937
938
939
1011
1010
380
381
382
383
384
385
1008
386
1007
387
1006
388
1005
389
1004
940
1003
941
1002
942
1001
943
944
945
946
947
948
949
1009
1022
1021
390
1020
391
272
273
274
395
275
1019
276
1018
277
1017
278
1016
279
950
1015
951
1014
952
1013
953
1012
954
955
956
957
958
959
280
160
281
282
283
284
285
165
286
287
1029
288
1028
289
1027
960
1026
961
1025
962
1024
963
964
1023
965
966
967
968
969
290
291
292
293
294
295
296
297
298
299
970
971
972
973
974
975
976
977
978
979
980
981
982
983
984
985
986
987
988
989
990
991
992
993
994
995
996
997
998
999
895
896
897
898
656
899
300
301
302
303
787
304
305
547
306
307
308
309
310
311
312
313
314
315
316
317
318
319
320
321
322
323
324
325
326
327
328
329
330
331
332
333
334
335
336
337
338
339
340
341
342
343
344
345
346
347
348
349
900
901
902
903
904
905
906
