3085
2944
2943
2942
2941
2940
1177
911
2949
2948
2947
2946
2945
2955
2316
2954
2953
2952
2676
2951
2950
2959
2958
2957
2956
2966
2965
2964
2963
411
2962
2961
2960
30
2969
2968
2208
2967
2980
2977
2976
2975
2974
2973
2972
2971
2970
2979
2978
2991
3200
2990
2988
2987
2986
2985
2500
2984
2983
2982
2981
2989
3211
3178
3210
3177
3056
3176
3175
3174
3173
3172
1426
3208
3207
563
3206
1665
3205
2995
3204
1421
2994
3203
2993
3202
2992
3201
3209
3181
3180
1044
3189
3188
3187
3186
3185
3184
3183
3182
3217
3216
3215
3214
3213
3212
3179
2929
2928
2927
3192
3191
3190
180
2022
3199
3198
3197
3196
2381
3195
3194
3193
1327
2933
2932
2931
2930
2939
2938
2937
2936
2935
2934
