110
111
112
113
114
115
116
117
118
119
10
11
12
13
14
15
16
17
18
19
120
0
121
1
122
2
123
3
124
4
125
5
126
6
127
7
128
8
129
9
801
20
21
22
23
24
25
26
27
28
29
130
131
132
133
134
135
136
137
138
139
30
31
32
33
34
35
36
37
38
39
140
141
142
143
144
145
146
147
148
149
40
41
42
43
44
45
46
47
48
49
150
151
152
153
154
155
156
157
158
159
50
51
52
53
54
55
56
57
58
59
60
61
62
63
64
65
66
67
68
69
3222
3221
3220
3219
3218
70
71
72
73
74
75
76
77
78
79
3233
3232
3231
3230
3229
3228
3227
2930
3226
3225
3224
3223
80
81
82
83
84
85
86
87
88
89
3244
3243
3242
3241
3240
3239
3238
3237
3236
3235
90
3234
91
92
93
94
95
96
97
98
99
3251
3250
3249
3248
3247
3246
3245
412
1870
2503
2745
676
2096
1330
100
101
102
103
104
105
106
107
108
109
