4172
4173
4174
4175
4176
4177
4178
4179
3000
3087
4170
4171
2944
2943
2942
2941
2148
2940
2387
911
2949
2948
2947
2946
2945
4183
4184
4185
4186
4187
4188
4189
4180
4181
4182
2955
2316
2954
2953
2952
2676
2951
2950
2959
2958
2957
2956
4190
4191
4192
4193
2966
2965
2964
2963
2962
2961
2960
2969
2968
2967
38
2980
2977
2976
2975
421
2974
2973
2213
2972
2971
2970
2979
2978
3684
2991
2990
2988
2987
2986
2985
2500
2984
2983
2982
2981
2989
1665
2995
1421
2994
2993
2992
1044
2929
2928
2927
1956
180
2381
1327
2933
2932
2931
2930
2939
2938
2937
2936
2935
2934
