6168 88
1271 88
1380 88
6174 88
205 88
1288 88
1322 88
1345 88
1259 88
1402 88
4439 88
6180 88
1368 88
1339 88
1746 88
1316 88
1333 88
1379 88
1253 88
1362 88
1327 88
3909 88
1093 88
348 88
1397 88
6162 88
1351 88
4027 88
1277 88
1294 88
1357 88
1309 88
492 88
1363 88
1340 88
1414 88
1283 88
1264 88
1396 88
6163 88
5485 88
1310 88
1408 88
1247 88
1272 88
1385 88
5523 88
6179 88
1289 88
1304 88
1321 88
670 88
1346 88
1403 88
6185 88
1258 88
1391 88
1374 88
1315 88
1298 88
1332 88
1275 88
6170 88
1326 88
1281 88
1412 88
1303 88
1255 88
1375 88
1387 88
1352 88
1406 88
1249 88
1358 88
1270 88
1266 88
1341 88
1320 88
1369 88
1401 88
1393 88
4753 88
4478 88
1248 88
1254 88
1386 88
1376 88
1287 88
1347 88
1260 88
1392 88
1314 88
1293 88
1331 88
1299 88
1308 88
1381 88
1276 88
6169 88
1364 88
1325 88
1398 88
6175 88
1413 88
1370 88
1319 88
1265 88
1282 88
6181 88
6164 88
1336 88
1353 88
1407 88
1307 88
1359 88
1342 88
1285 8
1262 88
1394 88
1371 88
6165 88
1291 88
1274 88
1354 88
1383 88
1280 88
1302 88
959 88
1411 88
6177 88
6183 88
1405 88
1348 88
1365 88
1256 88
1330 88
1313 88
1250 88
1382 88
1267 88
1399 88
6176 88
1324 88
1301 88
6182 88
1318 88
1343 88
1366 88
1400 88
1337 88
6171 88
1297 88
1335 88
1360 88
1329 88
1377 88
1286 88
1261 88
1292 88
1388 88
1378 88
1355 88
1252 88
1384 88
6178 88
828 88
1269 88
1361 88
7 88
6184 88
1390 88
1349 88
1278 88
1295 88
1312 88
6167 88
6173 88
1306 88
1323 88
1284 88
1344 88
1290 88
1372 88
1263 88
1338 88
1409 88
6166 88
795 88
1317 88
1273 88
1334 88
6172 88
1410 88
1328 88
1305 88
1404 88
1257 88
1373 88
1389 88
1350 88
1356 88
1251 88
1268 88
1300 88
1395 88
1367 88
1279 88
1296 88
1311 88
