1253 1263
1367 1263
1267 1263
1322 1263
1284 1263
1384 1263
1270 1263
1306 1263
1336 1263
1370 1263
1319 1263
1397 1263
1297 1263
1352 1263
205 1263
1266 1263
1321 1263
1366 1263
1405 1263
1285 1263
1340 1263
1305 1263
1349 1263
1404 1263
1371 1263
1407 1263
1335 1263
1299 1263
1354 1263
1338 1263
1400 8
1365 1263
348 1263
1283 1263
1379 1263
1272 1263
1368 1263
670 1263
1248 1263
1303 1263
1398 1263
1311 1263
1250 1263
3955 1263
1295 1263
1395 1263
1411 1263
1264 1263
1364 1263
1339 1263
1333 1263
1273 1263
1317 1263
1373 1263
1286 1263
1386 1263
1316 1263
7 1263
1251 1263
1310 1263
1402 1263
1247 1263
1351 1263
1355 1263
1269 1263
1408 1263
1377 1263
2851 1263
1282 1263
1390 1263
1307 1263
14824 1263
1260 1263
1263 1263
1396 1263
1257 1263
1254 1263
1399 1263
1301 1263
1304 1263
1380 1263
1320 1263
1383 1263
1279 1263
1276 1263
1326 1263
1323 1263
1348 1263
11679 1263
1342 1263
1361 1263
1298 1263
1329 1263
1345 1263
1328 1263
1259 1263
1314 1263
1359 1263
1414 1263
1292 1263
1392 1263
1375 1263
1275 1263
1330 1263
1389 1263
1093 1263
1262 1263
1358 1263
1362 1263
1413 1263
1289 1263
1344 1263
1327 1263
1293 1263
1393 1263
1258 1263
1313 1263
1374 1263
1277 1263
1332 1263
1346 1263
1401 1263
1288 1263
1343 1263
1357 1263
1412 1263
959 1263
1360 1263
1291 1263
1294 1263
1280 1263
1376 1263
1261 1263
1387 1263
492 1263
1300 1263
1256 1263
8804 1263
14218 1263
1350 1263
14420 1263
1356 1263
1278 1263
1381 1263
1281 1263
1309 1263
1409 1263
1325 1263
1378 1263
1341 1263
1255 1263
1347 1263
1296 1263
1302 1263
1410 1263
1324 1263
1363 1263
1369 1263
1382 1263
1308 1263
1290 1263
1274 1263
1271 1263
1385 1263
795 1263
1388 1263
1312 1263
1315 1263
1252 1263
12078 1263
1391 1263
2012 1263
1249 1263
1394 1263
1265 1263
1334 1263
1331 1263
1406 1263
1268 1263
1372 1263
1318 1263
1403 1263
1287 1263
1353 1263
1337 1263
