1506 46
1529 46
1432 46
1564 46
1266 46
1541 46
4446 46
1593 46
1461 46
1484 46
1570 46
3562 46
4458 46
1576 46
1444 46
1467 46
1415 46
1553 46
1524 46
1450 46
1496 46
3407 46
1587 46
1478 46
1535 46
4464 46
1518 46
1426 46
1466 46
1491 46
1443 46
1489 46
1546 46
1571 46
4453 46
1523 46
1433 46
1565 46
1588 46
1434 9
1472 46
671 46
349 46
4440 46
1517 46
1427 46
1559 46
1501 46
1599 46
493 46
1421 46
1582 46
1438 46
1455 46
4445 46
3641 46
1512 46
1540 46
1554 46
4459 46
1449 46
1483 46
1525 46
1502 46
1548 46
4021 46
1531 46
4451 46
1497 46
4442 46
1477 46
1519 46
1425 46
1557 46
1597 46
1465 46
2393 46
1448 46
1574 46
1492 46
1488 46
1602 46
1436 46
1580 46
1419 46
1471 46
1454 46
4468 46
1563 46
1542 46
1508 46
1514 46
4436 46
1460 46
1598 46
3733 46
1575 46
4457 46
1420 46
1552 46
4447 46
1581 46
1476 46
1569 46
1437 46
1453 46
1513 46
1536 46
4463 46
1507 46
1482 46
1442 46
1547 46
1530 46
4452 46
1459 46
1498 46
4469 46
1586 46
1431 46
4441 46
1592 46
1487 46
1558 46
1550 46
4455 46
1573 46
1441 46
1521 46
4461 46
1544 46
1567 46
1435 46
4449 46
1470 46
1493 46
1601 46
1458 46
1429 46
1538 46
1509 46
1515 46
1549 46
1503 46
4450 46
1584 46
1475 46
1510 46
1499 46
4443 46
1556 46
1590 46
1447 46
1464 46
1481 46
1418 46
1504 46
977 46
1585 46
1430 46
1562 46
4467 46
4437 46
1532 46
1520 46
1591 46
1486 46
960 46
1469 46
1446 46
1463 46
1551 46
1526 46
4456 46
4448 46
1543 46
1568 46
1600 46
1494 46
1452 46
1537 46
8 46
4462 46
1424 46
1579 46
1596 46
1416 46
1583 46
1451 46
1474 46
1439 46
4465 46
1534 46
1560 46
1511 46
4439 46
796 46
1480 46
4454 46
1440 46
1528 46
4460 46
1545 46
1566 46
1457 46
1539 46
1485 46
1422 46
1577 46
1468 46
1594 46
1500 46
1527 46
1495 46
1456 46
1479 46
4444 46
1423 46
1555 46
1595 46
1094 46
1578 46
1417 46
1572 46
1522 46
206 46
1505 46
1247 46
1589 46
1490 46
1473 46
4466 46
1561 46
1516 46
4438 46
1533 46
1445 46
1428 46
1462 46
4384 46
