1528 341
349 341
1536 341
1579 341
7722 341
1439 341
1463 341
1420 341
1595 341
1498 341
1552 341
1447 341
7994 341
1587 341
1455 341
1501 341
1544 341
1572 341
1475 341
1432 341
1491 341
1556 341
1513 341
10787 341
1508 341
2216 341
1599 341
10791 341
1560 341
1524 341
1427 341
1494 341
1540 341
1532 341
1575 341
671 341
1495 9
1602 341
10798 341
1592 341
1583 341
1451 341
206 341
1504 341
1547 341
1440 341
872 341
1521 341
1483 341
1564 341
1517 341
1419 341
1466 341
1423 341
1436 341
1479 341
1421 341
1561 341
1472 341
1448 341
1438 341
1482 341
1500 341
1527 341
1464 341
1415 341
1509 341
1458 341
1512 341
10519 341
10786 341
796 341
1586 341
7266 341
1543 341
1571 341
1487 341
1444 341
1537 341
1555 341
1492 341
10792 341
1598 341
1469 341
1486 341
10797 341
1443 341
1450 341
1582 341
1426 341
1565 341
1433 341
1476 341
1522 341
1459 341
1247 341
1460 341
1416 341
1548 341
1505 341
1601 341
1550 341
1454 341
1593 341
1497 341
1437 341
1516 341
1471 341
1576 341
1533 341
1559 341
1481 341
1430 341
10793 341
1562 341
1422 341
1597 341
1465 341
10785 341
1429 341
1473 341
1518 341
960 341
1570 341
1488 341
1526 341
1445 341
1461 341
1569 341
8 341
1590 341
1457 341
1493 341
1554 341
1538 341
1511 341
1585 341
1542 341
1094 341
1523 341
1515 341
10800 341
1434 341
1566 341
1417 341
1549 341
1558 341
1506 341
1468 341
1485 341
1442 341
1425 341
1477 341
1577 341
1534 341
1551 341
1470 341
10796 341
1600 341
1449 341
1581 341
1496 341
1594 341
1453 341
1553 341
1596 341
1456 341
1588 341
1510 341
1499 341
10784 341
1502 341
1480 341
1545 341
1519 341
1535 341
1446 341
1578 341
10794 341
1490 341
10790 341
1539 341
1525 341
5169 341
1489 341
1573 341
1428 341
1530 341
1541 341
1474 341
10788 341
1431 341
1568 341
1507 341
1462 341
10789 341
1418 341
1591 341
1478 341
1567 341
1435 341
1452 341
1584 341
6857 341
10799 341
1514 341
1574 341
1557 341
1531 341
10795 341
1424 341
1580 341
1441 341
3673 341
1467 341
1589 341
1529 341
1484 341
1563 341
493 341
1520 341
1503 341
1546 341
