1736 248
9671 248
1096 248
1825 248
1779 248
1744 248
1728 248
1833 248
9663 248
1752 248
1817 248
1770 248
1787 248
1841 248
1795 248
1809 248
1769 248
1823 248
1738 248
1416 248
1827 248
1777 248
1734 248
1760 248
1785 248
9673 248
1742 248
1835 248
1858 248
2207 248
1772 248
1815 248
1724 248
1748 248
1797 248
1851 248
1767 248
9661 248
1754 248
1821 248
1740 248
1829 248
1838 248
9659 248
1791 248
1731 248
1846 248
1820 248
1847 248
5616 248
1757 248
1804 248
1765 248
1722 248
1774 248
1759 248
1782 248
1810 248
9667 248
1801 248
1853 248
9665 248
1857 248
1750 248
1819 248
1844 248
495 248
1793 248
1806 248
1831 248
1836 248
1849 248
1780 248
1776 248
1733 248
1746 248
1763 248
1789 248
798 248
962 248
4147 248
1727 248
1842 248
1855 248
1812 248
1761 248
1249 248
1850 248
1753 248
1796 248
1808 248
9662 248
1824 248
1737 248
9670 248
1603 248
1735 248
1826 248
1743 248
1832 248
1778 248
9672 248
1729 248
1794 248
1751 248
1818 248
1786 248
1840 248
1814 248
4445 248
9660 248
1725 248
1798 248
1768 248
1822 248
1755 248
9674 248
1153 248
1852 248
1828 248
1784 248
351 248
1741 248
1834 248
1859 248
1771 248
1723 248
1803 248
9669 248
1816 248
1749 248
1811 248
9668 248
1783 248
1854 248
1802 248
1773 248
1730 248
1845 248
9666 248
1839 248
1756 248
1781 248
1848 248
5013 248
1764 248
1799 248
1805 248
1790 248
1747 248
1721 248
673 248
1653 248
10 248
1766 11
1739 248
1726 248
1830 248
1843 248
1813 248
1800 248
1792 248
1807 248
1856 248
9664 248
3665 248
1837 248
7174 248
1788 248
1758 248
1745 248
1732 248
1762 248
1775 248
