1960 544
1995 544
1863 544
1871 544
1898 544
1952 544
8278 544
1936 544
1934 544
2006 544
1928 544
1977 544
1942 544
1888 544
1950 544
2014 544
1896 544
2022 544
1985 544
1721 544
1916 544
1955 12
1911 544
1959 544
1903 544
1924 544
1954 544
1967 544
2012 544
1891 544
8452 544
1861 544
2008 544
11 544
1997 544
2024 544
1983 544
1886 544
1940 544
496 544
1979 544
1873 544
1918 544
1948 544
1905 544
1970 544
1868 544
674 544
8576 544
1990 544
2001 544
12525 544
1913 544
1956 544
1921 544
1973 544
963 544
1930 544
1999 544
1875 544
1958 544
1883 544
1915 544
1964 544
1866 544
1981 544
2018 544
1892 544
1907 544
2763 544
1992 544
1902 544
1975 544
4508 544
1962 544
1945 544
1988 544
1932 544
1894 544
1909 544
1864 544
1881 544
2016 544
1939 544
1969 544
1926 544
2003 544
2020 544
1877 544
799 544
1935 544
2023 544
1900 544
1889 544
1978 544
1927 544
1919 544
1943 544
2015 544
1897 544
1880 544
1986 544
2005 544
1870 544
1862 544
2013 544
1994 544
1951 544
1968 544
1937 544
1933 544
1879 544
1941 544
1984 544
1874 544
1929 544
11892 544
1887 544
1971 544
4099 544
1947 544
1904 544
1953 544
1869 544
1899 544
1910 544
1917 544
1923 544
1996 544
1872 544
2011 544
1966 544
1860 544
1885 544
1890 544
2007 544
1604 544
1965 544
1876 544
1922 544
2010 544
1914 544
1949 544
1884 544
1982 544
2002 544
1097 544
11373 544
1893 544
1906 544
2019 544
1417 544
1867 544
2000 544
11772 544
1912 544
12526 544
1920 544
1998 544
1963 544
2009 544
1946 544
1972 544
1989 544
2017 544
1882 544
1976 544
1250 544
1878 544
1993 544
2021 544
1925 544
1938 544
1980 544
1895 544
1908 544
1865 544
2004 544
1991 544
1901 544
1944 544
1974 544
1957 544
1961 544
1931 544
1987 544
