2445 453
2402 453
2410 453
2437 453
2461 453
2419 453
10828 453
2471 453
2435 453
2390 453
2399 453
2432 16
2427 453
2453 453
2392 453
11818 453
2439 453
2409 453
2430 453
2443 453
738 453
2389 453
2400 453
5850 453
1420 453
2026 453
1607 453
1862 453
2412 453
2425 453
2455 453
2468 453
2386 453
2407 453
210 453
2424 453
2441 453
2467 453
2457 453
2288 453
2422 453
2431 453
3766 453
2395 453
2405 453
11816 453
1254 453
2414 453
2230 453
2397 453
2448 453
2177 453
2450 453
2465 453
2452 453
2403 453
2463 453
11814 453
2446 453
2420 453
2433 453
2429 453
2459 453
2416 453
2470 453
2462 453
2454 453
2411 453
2428 453
2444 453
2398 453
2391 453
11812 453
2436 453
2418 453
2401 453
11820 453
2469 453
2426 453
2456 453
2413 453
11819 453
7180 453
2438 453
11817 453
676 453
2460 453
2393 453
2408 453
2442 453
2388 453
2458 453
2394 453
11815 453
9008 453
2387 453
2415 453
2449 453
2406 453
2466 453
2423 453
14 453
2440 453
2421 453
2451 453
2464 453
2447 453
2434 453
11813 453
2417 453
4450 453
2404 453
2396 453
10485 453
