247 1009
302 1009
311 1
10452 1009
280 1009
202 1009
294 1009
9277 1009
233 1009
278 1009
333 1009
14235 1009
232 1009
277 1009
332 1009
263 1009
216 1009
316 1009
293 1009
215 1009
296 1009
201 1009
204 1009
220 1009
317 1009
259 1009
314 1009
231 1009
261 1009
264 1009
218 1009
248 1009
303 1009
234 1009
245 1009
250 1009
300 1009
229 1009
205 1009
305 1009
13504 1009
230 1009
275 1009
252 1009
297 1009
322 1009
236 1009
291 1009
328 1009
227 1009
327 1009
321 1009
258 1009
221 1009
274 1009
290 1009
268 1009
265 1009
331 1009
243 1009
315 1009
246 1009
199 1009
249 1009
262 1009
312 1009
217 1009
214 1009
281 1009
14469 1009
211 1009
284 1009
318 1009
287 1009
334 1009
337 1009
208 1009
239 1009
272 1009
325 1009
225 1009
241 1009
286 1009
341 1009
238 1009
338 1009
271 1009
339 1009
210 1009
255 1009
310 1009
0 1009
269 1009
324 1009
240 1009
285 1009
340 1009
224 1009
308 1009
226 1009
223 1009
6881 1009
306 1009
309 1009
925 1009
299 1009
212 1009
2782 1009
256 1009
242 1009
207 1009
253 1009
237 1009
289 1009
244 1009
283 1009
219 1009
330 1009
319 1009
222 1009
267 1009
228 1009
336 1009
260 1009
235 1009
288 1009
335 1009
213 1009
14468 1009
266 1009
313 1009
282 1009
323 1009
320 1009
326 1009
251 1009
276 1009
273 1009
209 1009
270 1009
301 1009
254 1009
257 1009
304 1009
4738 1009
11792 1009
298 1009
295 1009
203 1009
206 1009
307 1009
292 1009
279 1009
342 1009
200 1009
329 1009
