3217 62
3108 62
3120 62
3195 62
5273 62
5250 62
3172 62
3132 62
5256 62
3178 62
5279 62
3161 62
3235 62
3126 62
5262 62
3143 62
3189 62
3200 62
3137 62
2855 62
3229 62
3246 62
3131 62
3154 62
3211 62
4285 62
3148 62
3125 62
5280 62
3167 62
5268 62
3224 62
3205 62
3119 62
39 62
1259 62
3216 62
3241 62
5067 62
3115 25
5285 62
3184 62
3142 62
3190 62
3230 62
5274 62
3173 62
1273 62
5257 62
3114 62
3156 62
5286 62
3127 62
3236 62
5263 62
3165 62
3188 62
1106 62
3159 62
5254 62
3182 62
3199 62
3210 62
3231 62
3122 62
3109 62
3225 62
5269 62
3204 62
3242 62
3171 62
3116 62
3133 62
3150 62
3215 62
3809 62
3177 62
3183 62
3121 62
3144 62
3160 62
1425 62
3220 62
3138 62
3209 62
3243 62
3413 62
5258 62
5275 62
3155 62
3237 62
1866 62
21 62
3149 62
5264 62
5281 62
3166 62
3194 62
969 62
3110 62
5253 62
5270 62
3181 62
3198 62
3232 62
3146 62
5282 62
3123 62
3226 62
3169 62
3203 62
3117 62
3214 62
3105 62
3157 62
3186 62
5287 62
3140 62
3192 62
3112 62
3221 62
3175 62
5259 62
3158 62
3208 62
5276 62
3106 62
3238 62
3219 62
3164 62
5265 62
3193 62
3111 62
215 62
5252 62
3170 62
3151 62
3134 62
5271 62
5277 62
3176 62
3233 62
3128 62
3145 62
5260 62
3202 62
3227 62
3187 62
3244 62
3139 62
3179 62
3213 62
2300 62
3162 62
3185 62
5266 62
3191 62
3207 62
3113 62
3136 62
3245 62
3222 62
681 62
3153 62
2724 62
3130 62
3147 62
3218 62
5283 62
3239 62
3168 62
3196 62
5251 62
5272 62
5255 62
3129 62
3240 62
5278 62
503 62
5261 62
3234 62
5284 62
692 62
3141 62
3197 62
3201 62
3174 62
3228 62
3180 62
3212 62
3163 62
3107 62
3124 62
3118 62
5267 62
3223 62
3206 62
3152 62
3135 62
