237 1278
270 1278
337 1278
254 1278
199 1278
299 1278
206 1278
306 1278
207 1278
307 1278
253 1278
298 1278
284 1278
268 1278
323 1278
223 1278
252 1278
269 1278
324 1278
241 1278
335 1278
338 1278
319 1278
222 1278
13326 1278
225 1278
285 1278
340 1278
282 1278
236 1278
308 1278
266 1278
321 1278
305 1278
239 1278
271 1278
255 1278
310 1278
279 1278
209 1278
248 1278
220 1278
273 1278
320 1278
251 1278
317 1278
203 1278
11741 1278
311 1278
296 1278
264 1278
304 1278
204 1278
257 1278
326 1278
242 1278
10437 1278
295 1278
342 1278
226 1278
216 1278
219 1278
280 1278
213 1278
286 1278
238 1278
235 1278
283 1278
330 1278
0 1278
267 1278
232 1278
333 1278
336 1278
289 1278
339 1278
210 1278
276 1278
331 1278
231 1278
262 1278
332 1
245 1278
300 1278
293 1278
214 1278
259 1278
314 1278
246 1278
301 1278
201 1278
315 1278
261 1278
200 1278
229 1278
329 1278
215 1278
292 1278
327 1278
258 1278
313 1278
244 1278
316 1278
230 1278
233 1278
228 1278
288 1278
7422 1278
274 1278
277 1278
290 1278
260 1278
247 1278
302 1278
263 1278
234 1278
334 1278
309 1278
303 1278
265 1278
217 1278
11633 1278
256 1278
243 1278
4432 1278
250 1278
211 1278
249 1278
212 1278
312 1278
281 1278
187 1278
218 1278
287 1278
318 1278
297 1278
4378 1278
341 1278
224 1278
294 1278
208 1278
272 1278
227 1278
291 1278
275 1278
322 1278
325 1278
240 1278
278 1278
328 1278
11047 1278
221 1278
205 1278
202 1278
