3539 1368
1850 1368
3547 1368
3550 1368
3511 1368
3516 1368
11968 1368
3508 1368
14748 1368
3542 1368
3534 1368
3538 1368
1108 1368
3507 1368
3373 1368
3520 1368
3512 1368
3557 1368
3518 1368
3540 1368
3515 1368
3499 1368
3554 1368
3546 1368
3551 1368
3543 1368
3526 1368
3532 1368
3535 1368
3521 1368
3537 1368
3524 1368
3529 1368
1868 1368
3513 1368
3548 1368
14366 1368
3559 1368
3502 1368
3510 1368
3536 1368
3530 1368
3522 1368
3556 30
3505 1368
3558 1368
3500 1368
683 1368
3545 1368
3498 1368
3553 1368
3527 1368
3531 1368
2716 1368
3519 1368
3523 1368
9075 1368
1427 1368
2946 1368
3504 1368
3549 1368
25 1368
3501 1368
14724 1368
662 1368
3509 1368
3497 1368
3503 1368
3552 1368
361 1368
2389 1368
9726 1368
3506 1368
3555 1368
3514 1368
3544 1368
3517 1368
3560 1368
3525 1368
3528 1368
3533 1368
3541 1368
9304 1368
