1430 427
4227 427
4198 427
11619 427
2295 427
4200 427
4189 427
4201 427
4218 427
9138 427
4235 427
4181 427
11618 427
4188 427
4226 427
4217 427
4225 427
4197 427
4208 427
4180 427
4234 427
4203 427
4179 427
974 427
4216 427
4229 427
4196 427
4183 427
4233 427
11626 427
4209 427
4220 427
11624 427
4202 427
4134 427
4228 427
9333 427
4215 427
1617 427
4178 427
1113 427
4182 427
4232 427
11625 427
4195 427
4199 41
4193 427
815 427
4222 427
4150 427
11623 427
4176 427
4214 427
4231 427
4177 427
4213 427
7107 427
11622 427
4185 427
4205 427
4192 427
2036 427
4194 427
4204 427
3388 427
4175 427
10614 427
1264 427
4212 427
4184 427
4230 427
7697 427
4221 427
7725 427
4187 427
11617 427
4211 427
11620 427
4174 427
4237 427
4224 427
4190 427
4207 427
3054 427
4186 427
9575 427
4210 427
4206 427
11621 427
4191 427
4219 427
4223 427
11616 427
4236 427
