349 467
438 467
1341 467
391 467
446 467
10750 467
403 467
480 467
4358 467
383 467
454 467
411 467
472 467
357 467
367 467
464 467
375 467
413 467
456 467
355 467
482 467
398 467
385 467
452 467
405 467
448 467
470 467
421 2
8882 467
373 467
360 467
418 467
479 467
484 467
466 467
369 467
423 467
436 467
1788 467
379 467
1 467
441 467
424 467
353 467
467 467
370 467
409 467
396 467
469 467
407 467
426 467
451 467
443 467
362 467
11949 467
417 467
388 467
486 467
345 467
434 467
477 467
460 467
377 467
364 467
400 467
394 467
381 467
445 467
432 467
351 467
428 467
458 467
415 467
402 467
11947 467
347 467
462 467
475 467
374 467
463 467
6969 467
366 467
471 467
455 467
390 467
437 467
420 467
392 467
439 467
404 467
481 467
358 467
429 467
430 467
473 467
447 467
412 467
384 467
419 467
3077 467
478 467
372 467
465 467
368 467
435 467
422 467
343 467
386 467
453 467
483 467
440 467
406 467
399 467
449 467
410 467
356 467
408 467
433 467
387 467
468 467
361 467
416 467
442 467
459 467
485 467
450 467
344 467
476 467
11950 467
9371 467
389 467
371 467
425 467
354 467
397 467
380 467
457 467
350 467
414 467
487 467
393 467
427 467
363 467
401 467
11948 467
444 467
376 467
346 467
431 467
474 467
359 467
199 467
461 467
3931 467
348 467
378 467
395 467
365 467
352 467
382 467
