4289 115
4300 115
7076 115
7068 115
4318 115
7067 115
4309 115
1114 115
7075 115
4326 115
4298 115
4325 115
4296 115
7077 115
4317 115
706 115
1873 115
4316 115
4288 115
4308 115
4297 115
4307 115
1898 115
34 115
2053 115
4290 43
4287 115
2956 115
4311 115
7073 115
4324 115
4291 115
4306 115
7069 115
4319 115
4299 115
7074 115
4286 115
4323 115
4310 115
4313 115
7071 115
4292 115
4305 115
7080 115
2038 115
4322 115
4285 115
816 115
2479 115
4320 115
4303 115
4304 115
3639 115
4965 115
365 115
975 115
4293 115
7081 115
4321 115
4312 115
4284 115
7072 115
6126 115
6302 115
4302 115
7078 115
7079 115
4294 115
4315 115
2296 115
4301 115
4314 115
1291 115
4327 115
2645 115
4295 115
7070 115
