4598 671
12689 671
4555 671
2394 671
4563 671
1619 671
4571 671
4601 671
4547 671
4597 671
4599 671
4573 671
4581 671
2298 671
3643 671
4554 671
4564 671
4590 671
4546 671
4600 671
4589 671
4572 671
4574 671
4561 671
4591 671
4558 671
4588 671
4560 671
4580 48
4562 671
4592 671
4556 671
4575 671
3408 671
13322 671
12056 671
4557 671
4587 671
4550 671
13323 671
4568 671
4593 671
4470 671
4605 671
4577 671
4569 671
4584 671
4586 671
4567 671
13324 671
4604 671
9843 671
1737 671
4551 671
4576 671
4594 671
13325 671
4585 671
9109 671
4559 671
4603 671
688 671
4549 671
4328 671
4566 671
903 671
4552 671
4579 671
4595 671
13326 671
5145 671
221 671
4582 671
11393 671
4548 671
4602 671
4578 671
4565 671
4583 671
4553 671
4596 671
10208 671
2903 671
4570 671
