4643 75
5751 75
4666 75
4637 75
4672 75
3904 75
4614 75
5768 75
2639 75
4652 75
2299 75
4623 75
5754 75
4608 75
4640 75
5771 75
4619 75
4646 75
4663 75
5763 75
4632 75
42 75
5757 75
4657 75
5760 75
4626 75
4660 75
5774 75
5772 75
5747 75
4639 75
4645 75
4670 75
4668 75
4612 75
5766 75
4651 75
4606 75
4631 75
4654 75
2040 75
4648 75
1875 75
5752 75
4625 75
36 75
5769 75
4617 75
4665 75
4673 75
1267 75
4634 75
3119 75
4628 75
5755 75
4659 75
4662 75
4620 75
978 75
5770 75
4618 75
2809 75
5764 75
4633 75
5749 75
4610 75
5758 75
2400 75
4627 75
5761 75
4656 75
3563 75
5746 75
4642 75
5750 75
4671 75
4667 75
4636 75
4650 75
4615 75
5767 75
4653 75
371 75
4647 75
5753 75
4609 75
4622 75
4616 75
4641 75
4664 75
4635 75
4629 75
5756 75
4658 75
4661 75
4889 75
4621 75
4644 75
5773 75
5748 75
4669 75
4638 75
4613 75
5765 75
4611 49
4630 75
4655 75
366 75
4607 75
5759 75
4137 75
5762 75
4649 75
4624 75
4471 75
2395 75
