4650 149
366 149
6057 149
2040 149
7845 149
4659 149
4616 149
4642 149
4667 149
4624 149
4632 149
2197 149
7853 149
7843 149
1903 149
4614 149
4644 149
4657 149
4673 149
4626 149
4660 149
36 149
4639 149
4608 149
4630 149
4669 149
7855 149
4655 149
4612 149
4638 149
4647 149
4664 149
4672 149
1875 149
4662 149
4628 149
4645 149
2494 149
7857 149
4606 149
4649 149
4666 149
4623 149
538 149
7848 149
4636 149
4610 149
4640 149
4618 49
4653 149
4670 149
7852 149
7850 149
978 149
4651 149
4621 149
7846 149
4634 149
4617 149
4625 149
4609 149
4633 149
7854 149
4668 149
2870 149
7844 149
4607 149
4615 149
4658 149
4619 149
4641 149
4631 149
4661 149
4627 149
4471 149
7856 149
4643 149
4613 149
1267 149
7842 149
4656 149
4663 149
4620 149
4646 149
4629 149
7849 149
4611 149
4637 149
4671 149
4654 149
2299 149
7851 149
842 149
2395 149
7503 149
4648 149
4635 149
7847 149
6715 149
4622 149
4665 149
4652 149
3563 149
