3253 1029
4816 1029
4833 1029
4808 1029
4841 1029
14169 1029
4372 1029
14140 1029
8716 1029
4838 1029
4850 1029
7360 1029
4811 1029
4856 1029
819 1029
4815 1029
4807 1029
4842 1029
4834 1029
4823 1029
4812 1029
4820 1029
4809 1029
12647 1029
4801 1029
4803 1029
4806 1029
4814 1029
4817 1029
4860 1029
4825 1029
4828 1029
4839 1029
2186 1029
4836 1029
4797 1029
4852 1029
4847 1029
4855 1029
3564 1029
4844 1029
14457 1029
4805 1029
4858 1029
4851 52
4827 1029
9940 1029
4819 1029
4830 1029
4822 1029
4800 1029
2631 1029
4845 1029
4798 1029
4804 1029
4849 1029
4853 1029
4861 1029
4818 1029
1877 1029
4831 1029
3112 1029
4023 1029
4826 1029
4862 1029
14522 1029
4837 1029
4829 1029
4857 1029
4840 1029
4799 1029
4848 1029
4854 1029
4846 1029
4843 1029
4859 1029
4835 1029
4832 1029
3409 1029
4821 1029
4824 1029
1380 1029
4813 1029
979 1029
4802 1029
4810 1029
