13328 794
4902 794
4899 794
4937 794
4910 794
4911 794
4928 794
4954 794
4945 794
8376 794
4919 794
6627 794
11435 794
4901 794
4927 794
4936 794
4952 794
4898 794
4935 794
4953 794
4918 794
4890 794
4944 794
4892 794
4926 794
4956 794
4913 794
13364 794
4939 794
4960 794
4889 794
4900 794
4893 794
4943 794
4891 794
13873 794
4930 794
3056 794
4908 794
1739 794
3565 794
4912 794
4925 794
4938 794
4942 794
8862 794
3849 794
4888 794
4955 794
13874 794
4907 794
4915 794
4940 794
4924 794
4923 794
4887 794
4895 794
4941 794
3411 794
4906 794
1878 794
4958 794
4949 794
4914 794
1436 794
4922 794
12020 794
4894 794
4909 794
4948 794
4931 794
4957 794
4905 794
4897 794
4951 794
4921 794
1117 794
13283 794
4947 794
4917 794
4934 794
4108 794
4904 794
4933 794
4920 794
4896 794
4932 54
2806 794
4950 794
4473 794
4959 794
4916 794
4929 794
4903 794
4946 794
