5200 148
7154 148
7837 148
5197 148
242 148
5198 148
7828 148
5209 148
5188 148
7836 148
5208 148
3412 148
7827 148
2481 148
7826 148
5187 148
5954 148
5211 148
5186 148
1272 148
7830 148
7839 148
5207 148
5190 148
2312 148
7838 148
7825 148
691 148
4024 148
5210 148
5199 148
3567 148
5191 148
5206 148
7832 148
2061 148
7824 148
5213 148
2808 148
7841 148
5192 148
5205 148
5212 148
7831 148
5194 148
1000 148
3132 148
7794 148
5193 148
7823 148
5204 148
7840 148
5195 148
7821 148
7835 148
7834 148
5203 148
7822 148
5189 60
5123 148
5196 148
5201 148
7833 148
4474 148
7820 148
983 148
5202 148
3656 148
7829 148
