12190 540
5447 540
5472 540
5456 540
5463 540
5227 540
5480 540
5446 540
5473 540
4888 540
5464 540
5481 540
12504 540
5455 540
1120 540
5461 540
5458 540
12506 540
5474 540
7350 540
12505 540
1623 540
11765 540
12507 540
4609 540
5475 540
5457 540
5462 540
5477 540
1443 540
12508 540
5469 540
5476 540
5450 540
5459 540
5460 540
5070 540
9768 540
4476 540
3963 540
12509 540
5451 540
5468 540
2572 540
5466 540
5483 540
5449 540
3852 540
5482 540
6333 540
5452 540
5467 540
3183 540
5454 540
5478 540
5465 68
5471 540
5710 540
5448 540
8682 540
5470 540
5479 540
5453 540
