5504 714
2573 714
5492 714
3903 714
5484 714
822 714
5512 714
2638 714
5520 714
5491 714
5506 714
5502 714
5511 714
5499 714
5510 714
9787 714
5490 714
5486 714
5498 714
5505 714
5503 69
1277 714
5517 714
5485 714
11746 714
5509 714
3569 714
11286 714
8101 714
13552 714
5497 714
5518 714
5488 714
1682 714
5487 714
5516 714
4797 714
5495 714
1444 714
5496 714
5519 714
6736 714
5515 714
3117 714
10047 714
1121 714
5494 714
5507 714
5501 714
1808 714
7274 714
13550 714
5514 714
5493 714
5508 714
5513 714
13551 714
5489 714
5500 714
