5586 1169
5602 1169
5580 1169
5572 1169
5608 1169
369 1169
985 1169
5564 1169
5594 1169
5578 1169
5595 1169
5556 1169
5607 1169
5611 1169
4798 1169
13977 1169
225 1169
14735 1169
5581 1169
5603 71
5587 1169
5579 1169
5565 1169
5562 1169
5568 1169
5573 1169
173 1169
3118 1169
5570 1169
5557 1169
5606 1169
5609 1169
5551 1169
5554 1169
5601 1169
5559 1169
823 1169
13030 1169
3030 1169
3255 1169
2303 1169
14736 1169
5597 1169
5589 1169
5591 1169
5567 1169
1884 1169
13634 1169
5575 1169
5583 1169
5553 1169
5598 1169
5592 1169
10071 1169
5604 1169
3892 1169
5561 1169
5600 1169
5576 1169
5584 1169
5590 1169
5593 1169
5599 1169
5596 1169
5588 1169
14611 1169
2726 1169
5574 1169
5560 1169
5569 1169
5577 1169
5585 1169
5552 1169
5566 1169
323 1169
5582 1169
5558 1169
5563 1169
5555 1169
5605 1169
5610 1169
5571 1169
