6310 286
10178 286
2329 286
6328 286
6353 286
6344 286
522 286
6301 286
6337 286
9708 286
6311 286
10179 286
6354 286
6327 286
6319 286
6302 286
990 286
6315 93
698 286
6336 286
6345 286
6304 286
9643 286
6317 286
10176 286
9419 286
6351 286
6320 286
6350 286
6318 286
6348 286
2305 286
6346 286
6333 286
6316 286
6335 286
10177 286
6322 286
6303 286
6352 286
6329 286
6321 286
6334 286
10182 286
6347 286
6323 286
6340 286
2049 286
5260 286
6307 286
6357 286
6331 286
10181 286
4694 286
6341 286
6305 286
6324 286
6314 286
10175 286
6332 286
6349 286
10180 286
6306 286
3650 286
1890 286
6342 286
6312 286
6339 286
6355 286
6326 286
6398 286
829 286
3571 286
6309 286
6798 286
7978 286
6330 286
6300 286
10174 286
6313 286
6356 286
6325 286
6338 286
49 286
6343 286
6308 286
