3440 310
529 310
6767 310
6318 310
10107 310
6776 310
6783 310
6759 310
6750 310
6766 310
6775 310
6749 310
6758 310
6784 310
6748 310
6778 310
10453 310
6765 310
6752 310
6751 310
2192 310
6781 310
6777 310
10454 310
6569 310
6764 310
6782 310
6747 310
6754 310
6762 310
10456 310
10455 310
6770 310
6763 310
54 310
6746 310
1630 310
6780 310
6753 310
10457 310
6779 310
2507 310
834 310
4330 310
6524 310
9399 310
6760 106
6771 310
6773 310
10458 310
6582 310
6757 310
6774 310
6772 310
6755 310
6761 310
6091 310
3912 310
5569 310
6768 310
7103 310
6769 310
6756 310
3574 310
