4895 855
6967 855
6992 855
6958 855
6984 855
6966 855
1127 855
6975 855
6471 855
6974 855
6957 855
233 855
6982 855
6965 855
6991 855
3126 855
6994 855
6981 855
4549 855
6977 855
4218 855
6964 855
6301 855
6993 855
11896 855
9150 855
6980 855
6989 855
6959 855
6933 855
6963 855
6976 855
6983 112
6970 855
6997 855
11256 855
6971 855
6988 855
6962 855
6979 855
6987 855
6995 855
6996 855
4784 855
1457 855
6961 855
6978 855
4421 855
6421 855
13598 855
6986 855
6969 855
6990 855
6960 855
14055 855
1897 855
6973 855
12589 855
6968 855
6985 855
6972 855
14056 855
