707 996
669 996
695 996
723 996
766 996
792 996
677 996
679 996
733 996
670 996
784 996
758 996
687 996
741 996
715 996
751 996
667 996
697 996
764 996
721 996
748 996
705 996
782 996
685 996
735 996
717 996
778 996
672 996
770 996
710 996
682 996
779 996
703 996
14137 996
753 996
701 996
729 996
763 996
691 996
719 996
746 996
736 996
789 996
720 996
780 996
488 996
674 996
1825 996
14444 996
742 996
772 996
712 996
785 996
755 996
727 996
12622 996
768 996
738 996
787 996
757 996
725 996
744 996
693 996
731 996
708 996
761 996
3 996
680 996
774 996
676 996
791 996
689 996
775 996
732 996
678 996
686 996
694 996
13107 996
3220 996
201 996
759 996
783 996
716 996
740 996
714 996
750 996
696 996
706 996
749 996
724 996
767 996
684 996
734 996
671 996
777 996
718 996
10741 996
781 996
698 996
668 996
722 996
747 996
704 996
765 996
752 996
702 996
673 996
745 996
681 996
737 996
762 996
788 996
776 4
690 996
699 996
11730 996
13537 996
771 996
13324 996
683 996
711 996
728 996
754 996
726 996
692 996
756 996
739 996
786 996
773 996
709 996
688 996
790 996
344 996
675 996
760 996
14445 996
730 996
743 996
713 996
700 996
769 996
