7907 1484
7901 1484
7915 1484
3581 1484
7923 1484
7931 1484
7906 1484
7900 1484
7929 1484
67 1484
9733 1484
5745 1484
7820 1484
7913 1484
7919 1484
7905 1484
7910 1484
7902 1484
12709 1484
7927 1484
2314 1484
7921 1484
1137 1484
7908 1484
7916 1484
7924 1484
12301 1484
7918 1484
7912 1484
7932 153
7904 1484
7920 1484
843 1484
7909 1484
5249 1484
7926 1484
7930 1484
7903 1484
5292 1484
7753 1484
9283 1484
7928 1484
7911 1484
7925 1484
7914 1484
7922 1484
7933 1484
14708 1484
7870 1484
2942 1484
7917 1484
14428 1484
7232 1484
