6419 95
6431 95
835 95
858 95
6397 95
812 95
944 95
887 95
904 95
921 95
927 95
847 95
5874 95
6386 95
818 95
864 95
870 95
801 95
899 95
910 95
956 95
6414 95
938 95
6392 95
829 95
853 95
6408 95
796 95
6425 95
5776 95
823 95
955 95
817 95
842 95
865 95
830 5
871 95
6385 95
898 95
6432 95
800 95
939 95
916 95
6403 95
6391 95
6426 95
893 95
6420 95
933 95
876 95
950 95
882 95
806 95
859 95
834 95
905 95
922 95
819 95
892 95
928 95
863 95
802 95
825 95
934 95
957 95
840 95
6415 95
911 95
4 95
797 95
940 95
831 95
902 95
6409 95
868 95
952 95
874 95
6410 95
917 95
808 95
857 95
6396 95
6404 95
836 95
880 95
945 95
6421 95
951 95
869 95
846 95
875 95
807 95
881 95
6395 95
852 95
6422 95
946 95
906 95
923 95
6416 95
929 95
841 95
824 95
897 95
6433 95
912 95
798 95
4892 95
6390 95
813 95
886 95
901 95
6427 95
844 95
867 95
821 95
953 95
202 95
873 95
838 95
6411 95
489 95
896 95
918 95
6434 95
523 95
930 95
6405 95
809 95
850 95
793 95
6428 95
891 95
3855 95
826 95
935 95
832 95
941 95
878 95
345 95
884 95
6400 95
6389 95
815 95
924 95
907 95
6417 95
890 95
936 95
913 95
856 95
879 95
837 95
862 95
6388 95
885 95
814 95
667 95
799 95
900 95
942 95
5251 95
820 95
845 95
1892 95
803 95
919 95
6412 95
6406 95
6394 95
851 95
6423 95
947 95
794 95
848 95
6387 95
877 95
805 95
937 95
860 95
883 95
828 95
854 95
6393 95
908 95
6424 95
6401 95
925 95
3911 95
822 95
895 95
948 95
839 95
843 95
6399 95
931 95
914 95
6418 95
6435 95
6429 95
5680 95
888 95
811 95
920 95
903 95
926 95
894 95
949 95
6413 95
804 95
932 95
6436 95
833 95
849 95
810 95
889 95
6407 95
795 95
954 95
872 95
816 95
866 95
915 95
6430 95
6402 95
6398 95
827 95
855 95
861 95
909 95
943 95
