11972 470
5652 470
8457 470
8325 470
11938 470
8448 470
8465 470
8440 470
11876 470
11211 470
8458 470
8466 470
11970 470
2068 470
8115 470
8446 470
8459 470
8450 470
8463 470
544 470
8464 470
11971 470
8434 470
11341 470
8447 470
8451 470
8452 470
1003 470
8444 470
11862 470
8449 177
8461 470
8435 470
8453 470
2497 470
8445 470
8436 470
5559 470
8507 470
8462 470
8441 470
1642 470
1909 470
8454 470
7513 470
8467 470
8437 470
8439 470
8456 470
9748 470
8442 470
8443 470
8455 470
7096 470
8468 470
8460 470
8438 470
