8448 1276
8442 1276
8434 1276
8450 1276
5559 1276
8439 1276
2497 1276
8465 1276
8457 1276
8435 1276
8443 1276
8451 1276
14133 1276
14694 1276
5652 1276
12557 1276
10696 1276
8467 177
14853 1276
8461 1276
13416 1276
8456 1276
8459 1276
8464 1276
7096 1276
8453 1276
8437 1276
8445 1276
1909 1276
8115 1276
8468 1276
8454 1276
1642 1276
8440 1276
8462 1276
8446 1276
2164 1276
8463 1276
8466 1276
8460 1276
1003 1276
8438 1276
8449 1276
8458 1276
8444 1276
8447 1276
8452 1276
8455 1276
2068 1276
9974 1276
544 1276
8436 1276
8441 1276
12188 1276
11105 1276
