8549 207
8981 207
8557 207
8566 207
8990 207
8434 207
8556 207
8980 207
8989 207
8565 207
8555 207
2879 207
8983 207
4555 207
7263 207
8568 207
8979 207
8982 207
4033 207
8554 207
8567 207
8548 182
7951 207
8561 207
2651 207
5561 207
8986 207
6845 207
8553 207
4188 207
8217 207
8560 207
8984 207
5294 207
8985 207
8569 207
6790 207
8552 207
8550 207
3971 207
8988 207
8547 207
8546 207
8564 207
8551 207
1763 207
1304 207
8562 207
8987 207
8559 207
3584 207
8558 207
8991 207
5695 207
8563 207
6846 207
