981 46
1011 46
4455 46
1034 46
975 46
1005 46
4461 46
1028 46
1040 46
4449 46
998 46
1063 46
1086 46
668 46
1025 46
1002 46
1266 46
4446 46
1054 46
1077 46
1031 46
3562 46
989 46
4458 46
1037 46
1092 46
966 46
1014 46
4450 46
1066 46
972 46
1045 46
3407 46
1083 46
992 46
1048 46
1072 46
969 46
1020 46
4464 46
4443 46
1017 46
986 46
1051 46
961 46
1059 46
1084 46
1036 46
1061 46
1013 46
4453 46
1042 46
996 46
1069 46
968 46
4467 46
5 46
4440 46
4437 46
1000 46
1016 46
960 46
1075 46
1039 46
1056 46
1090 46
983 46
4456 46
1033 46
1008 46
793 46
999 46
4448 46
1089 46
1064 46
974 46
1081 46
1047 46
346 46
994 46
1022 46
4445 46
3641 46
4462 46
963 46
1078 46
1053 46
988 46
4459 46
1070 46
1019 46
980 46
490 46
979 46
1009 46
4021 46
4451 46
971 46
1044 46
1067 46
1082 46
991 46
4442 46
977 6
4465 46
1050 46
1021 46
4439 46
962 46
1018 46
985 46
1058 46
2393 46
1073 46
1035 46
4454 46
1010 46
4460 46
1027 46
1006 46
1041 46
997 46
959 46
1087 46
1062 46
976 46
4468 46
1024 46
1003 46
1030 46
4436 46
1038 46
1055 46
1076 46
965 46
982 46
3733 46
203 46
4457 46
4447 46
1088 46
1007 46
1026 46
1046 46
1080 46
958 46
973 46
1049 46
1065 46
993 46
1023 46
4463 46
4444 46
987 46
1052 46
1079 46
964 46
1071 46
1060 46
1085 46
1012 46
4452 46
1029 46
1004 46
1043 46
1434 46
4469 46
1068 46
978 46
995 46
990 46
4466 46
970 46
4438 46
4441 46
1001 46
1091 46
1015 46
1032 46
984 46
967 46
1057 46
1074 46
4384 46
