39076
9620
37451
10929
10928
10899
10932
10898
10931
10934
10933
10936
35555
10935
3476
10937
4686
10891
10890
10893
10892
10895
30303
10894
10897
10930
10896
16086
1466
1222
27094
1869
8937
28182
36181
10907
10906
10909
10908
18350
7061
7460
10877
10910
10876
10879
10912
10878
10911
10914
10913
10916
10915
10871
10870
10873
10872
10875
10874
39285
39284
39286
10918
10917
10919
10888
10921
10887
10920
27990
10923
31962
10889
10922
10925
10924
10927
26025
10926
8956
10880
10882
10881
10884
10883
10886
10885
45
9821
8170
10855
10854
10857
10856
10859
10858
10851
10850
2627
10853
10852
35186
10866
10865
10868
10901
10867
10900
10903
10506
10869
10902
325
10905
10904
7767
2917
10860
5866
10862
10861
10864
10863
35454
37752
8629
7430
4442
28248
2138
10848
10847
10849
