11180
11182
11181
11184
11183
11186
11185
11506
11188
11187
11189
11191
5394
11190
11193
11192
11195
11194
11197
11196
1223
11199
11198
10302
7462
11160
11162
11161
11164
11163
28156
11166
11165
11168
11167
34849
11169
11171
11170
11173
11172
11175
11174
34954
34953
34952
10529
11177
11176
11179
11178
34958
34957
34956
34955
47
18336
11140
11261
11260
11142
11141
18211
24453
11144
11143
11146
11145
11148
11147
11149
11151
11150
11153
11152
2919
11155
11154
11157
11156
11159
11158
6838
17102
6298
11120
11241
11240
11129
11122
11243
11121
11242
5634
11124
11245
11123
11244
11126
11247
11125
11246
11128
11249
11127
11248
11250
11131
11252
11130
11251
2139
10724
11133
11254
11132
11253
11135
11256
11134
11255
11137
11258
11136
11257
11139
11138
11259
8498
11108
11229
11107
11228
11109
3478
10938
26278
11221
11220
4688
11223
11222
11225
17567
11224
11106
11227
11226
6087
11230
8262
11119
11118
11239
11111
11232
11110
11231
11113
11234
11112
11233
11115
11236
11114
11235
11117
11238
11116
11237
11207
11206
11209
11208
6766
11201
11200
11203
11202
11205
11204
11218
11217
11219
25296
11210
11212
11211
11214
11213
11216
11215
6675
27569
2629
27331
4811
2404
28991
6582
2781
26227
