12271
12270
3481
2702
11108
25182
756
9991
5399
24783
12208
1227
10304
12207
12209
12200
11990
12202
12201
12204
12203
12206
12205
12251
12250
13188
12253
12252
25289
25284
25286
25285
25288
25287
12255
12254
17704
12257
12256
12259
12258
19335
7593
15493
12260
12262
6145
9415
12261
12264
12263
25293
25292
25295
25294
25297
25296
25299
25298
12266
12265
12268
12267
12269
25291
8959
25290
22437
17244
25309
25308
12231
12230
25301
25300
25303
25302
25305
25304
25307
25306
12233
12232
12235
12234
12237
12236
12239
12238
55
5230
12240
5871
12242
12241
25312
25311
25314
25313
25316
25315
9272
688
25310
6678
12244
12243
17418
12246
12245
12248
12247
12249
8633
12052
2922
10679
12219
331
12218
12211
12210
12213
12212
12215
17622
12214
12217
12216
12220
2142
12229
23075
1683
12222
12221
12224
12223
12226
12225
13955
3988
12228
12227
