9463
7289
12550
4695
6477
3482
12559
30026
26034
12553
12554
12551
12552
12557
30028
12558
30027
12555
12556
30029
12560
12561
10942
12564
29390
12565
12562
12563
12568
12569
9629
12566
12567
8552
12490
12491
12494
12495
12492
12493
11966
12539
12537
12538
12498
12531
12499
12532
12496
15764
12497
12530
12535
12536
12533
12534
7991
12548
12549
786
26267
12542
12543
12540
12541
12546
29130
6934
12547
12544
12545
22278
12517
12518
12515
12516
12519
12476
12477
12510
9417
4921
12513
12514
12478
12511
12479
12512
6680
12480
57
7650
8501
12483
7773
12484
12481
12482
9273
12528
12529
27451
12526
12527
26089
12487
12520
12488
12521
12485
12486
12524
12525
12489
12522
12523
21962
12571
12572
12054
12570
30040
29848
3576
975
12575
12576
12573
12574
12579
12577
12578
2143
5491
24448
1965
12506
30035
12507
30034
12504
30037
12505
30036
30031
30030
1684
12508
30033
12509
30032
12502
30039
12503
30038
12500
9729
12501
