20577
20576
20575
20574
20573
13760
20572
20571
20570
4729
13769
13763
11583
12276
13764
13761
13762
13767
13768
13765
13766
8782
19875
13770
13771
3489
3520
4455
13774
13775
9746
13772
11112
13773
12601
13778
13779
13776
13777
20555
20554
20553
15085
20552
19446
20551
8799
20550
20559
20558
20557
6095
20556
13749
13747
13748
13741
13742
13740
1914
13745
13746
13743
1878
13744
20566
20565
20564
4483
20563
7994
20562
20561
20560
20569
20568
20567
13758
13759
13752
13753
13750
13751
13756
13757
13754
13755
20533
20532
20531
20530
1263
20539
20538
20537
20536
5182
20535
20534
13727
13728
13725
13726
13729
13720
8206
16039
13723
13724
13721
13689
13722
9278
20544
20423
12480
13690
20543
20542
20541
13693
20540
8348
13694
13691
13692
20549
20548
20547
20546
20545
13738
13739
13736
13737
13697
13730
4016
13698
13731
1707
10189
13695
13696
13734
11279
13735
13699
13732
13733
13781
13782
13780
3220
13705
13706
695
13703
13704
13709
13707
13708
338
5875
6845
13701
13702
13700
20529
20528
20527
20526
20525
13716
13717
13714
12868
13715
13718
13719
13712
13713
17238
13710
8519
13711
