20456
14858
14859
22350
14852
14853
14850
14851
14856
14857
14854
11864
14855
7296
4460
14860
7732
33360
14869
2156
14863
14864
14861
14862
33926
11115
14867
14868
14865
14866
1240
9120
14838
14839
14836
3139
14837
34687
14830
14831
14834
14835
14832
14833
28568
14607
14849
14847
1885
14848
14841
14842
14840
14845
14846
14843
14844
5188
14892
14893
14890
14891
14816
14817
14814
14815
34784
14818
14819
7998
14896
14894
14895
32925
14812
14813
14810
14811
14261
6683
14827
14828
14825
14826
28665
14829
14820
14823
14824
14821
14822
66
14870
14871
9280
35614
1159
14874
14875
9713
9834
14872
16776
14873
13822
14878
34925
14879
14117
14876
14877
14881
14882
37585
14880
39083
39082
39084
5809
14809
14885
14886
16700
14883
12585
14884
14889
3745
14887
14888
