16396
16395
16394
25949
16393
38023
14255
16399
16432
16398
16431
9424
16397
16430
7480
16392
16391
16390
38948
33611
32126
13607
11869
1892
5415
17601
12874
9938
37282
14265
16400
11590
19154
37848
16409
16404
16403
39347
16402
11431
16401
37645
16408
13614
16407
16406
16405
6495
6256
16411
16410
14352
36144
25647
13826
16415
16414
16413
16412
16419
16418
10314
16417
16416
31932
16385
16389
16422
16388
16421
4002
8004
16387
16420
16386
1693
39085
10646
16426
16425
5887
16424
5646
16423
2936
16429
16428
16427
