16990
17046
17047
17048
17049
16994
17042
16993
17043
16992
17044
16991
17045
17040
17041
22599
2940
16998
16997
16996
8647
16995
16999
17057
17058
17059
17053
12283
17054
17055
17056
34297
17050
17051
19472
27775
17052
31901
17024
17025
17026
17027
16972
17020
17021
12011
17022
17023
1484
4466
16976
16975
16974
16973
17028
16979
17029
16978
16977
17035
17036
17037
17038
16983
17031
16982
17032
16981
17033
16980
17034
17030
16183
16907
16987
16986
16985
16984
17039
16989
16988
32019
17002
16032
17003
17004
18335
17005
17000
17001
27329
23082
16314
17006
17007
17008
17009
17013
17014
5197
17015
17016
17010
17011
17012
22288
33601
11396
17017
17018
17019
16097
17984
7301
8359
17060
8191
7380
10317
34764
34763
34762
34761
34760
4943
75
15966
5890
8089
22782
31401
16789
505
34759
34758
34757
