1699
1698
1697
1696
1695
1694
5
2689
936
1809
1800
1808
1807
1806
1805
1804
1803
1802
1801
13561
22156
1811
1810
1819
1818
1817
1816
1815
1814
1813
1812
22046
281
1272
1701
1822
1700
1821
1820
1709
1708
1829
1707
1828
1706
1827
1705
1826
1704
1825
1703
1824
1702
1823
19400
22374
22375
22376
22377
22378
1712
1711
1832
1710
1831
1830
22370
22371
22372
22373
734
1719
1718
1717
1716
1715
1714
1713
20528
1723
1722
1721
1720
1729
1728
1727
1726
1725
1724
1183
22356
22357
22358
20854
22359
1734
1733
1732
1731
1730
1739
1738
1737
1736
1735
22363
22364
22365
22366
22367
22368
22369
1745
1744
1743
1742
1741
1740
22360
22361
645
22362
1749
1748
1747
1746
15482
1756
1755
1754
1753
1752
1751
1750
5678
1759
1758
1757
1770
1767
1766
1765
1764
1763
1762
1761
1760
1649
1769
1768
1660
1781
1780
1657
1778
1656
1777
1655
1776
1654
1775
1653
1774
1652
1773
1651
1772
1650
1771
10330
1659
15229
1658
1779
12081
4021
16442
1671
1792
1670
1791
1790
1668
1789
1667
1788
1666
1787
1665
1786
1664
1785
1663
1784
1662
1783
1661
1782
1428
1669
1682
1681
1680
21449
1679
1678
1799
1677
1798
1676
1797
1675
1796
1674
1795
1673
1794
1672
1793
1693
1692
1691
1690
1689
1688
102
1687
1686
1685
1684
1683
19815
