9740
991
2942
2666
4325
10895
13801
2429
10545
1900
25847
4471
17940
27980
15929
29883
17945
17941
17942
17943
17944
16101
32655
17317
7484
7884
6312
3039
17927
17928
17929
712
17923
17924
17925
17926
17920
17921
17922
17893
17894
17895
17896
11272
17890
6566
9038
17891
17892
33042
33043
33040
33041
20545
17938
23250
33046
17939
33044
12927
33045
17934
17935
17936
13696
17937
17897
17930
17898
17931
17899
17932
10742
17933
17909
33039
10953
33038
17905
17906
17907
17908
17901
17902
17903
17904
17900
17233
21056
4563
17916
17917
17918
17919
4950
17912
81
17913
17914
8515
17915
17910
17911
18208
