39232
6110
39234
39233
39236
39235
2944
20609
18019
18025
18026
18027
18028
18021
18022
18023
18024
20748
18020
29710
5423
4854
11357
18029
11873
1901
11237
18076
18077
18078
4234
3145
18072
18073
18074
18075
18070
18071
12779
16975
18519
31217
20207
9132
28323
31683
18058
18059
7089
18054
18055
18056
18057
18050
18051
18052
18053
713
31556
14811
18069
14020
18065
18066
18067
18068
18061
18062
18063
18064
18060
9429
11553
18036
18037
18038
18039
18032
18033
18034
16254
18035
18030
18031
14759
26332
35453
10670
38725
13149
18047
18048
18049
18043
7795
14123
18044
18045
5895
18046
18040
18041
18042
8516
