18894
18895
18896
21147
10092
18897
18890
18891
18892
18893
31195
30307
18898
18899
13403
14180
25910
11911
11877
13939
10786
18872
18873
18874
18875
18870
18871
2175
8790
375
18917
18918
18913
18914
18915
18916
18876
18877
18910
13864
18878
18911
18879
18912
18883
18884
18643
18885
18886
18880
18881
18123
18882
25610
24647
21018
18887
18888
18889
22679
31794
31791
31790
31793
31792
18858
18859
12596
18861
18862
18742
18863
18864
13175
18860
31786
31785
18906
18907
18908
18909
18869
18902
11275
18903
7802
18904
18905
18865
31788
18866
31787
12489
13578
18867
18900
18868
18901
31789
30579
8198
25089
11486
20241
19134
11808
28526
8362
14126
4955
