19588
19587
21544
19589
19584
19583
4057
19586
9743
19585
19580
19582
19581
9462
29941
25462
29940
19116
15399
5431
19594
19591
19590
19593
19592
14181
2952
6117
12321
16404
19324
19566
19565
19568
29929
8793
19567
29928
19562
19561
19564
16056
19563
19560
29927
29926
11603
136
10353
13624
19569
5958
18124
19577
19576
19579
19578
29939
13198
19573
4243
19572
19575
19574
29934
29933
19571
23553
29932
19570
29931
29938
29937
29936
29935
29930
4478
21096
19544
19543
19546
19545
19540
19542
19541
19708
15224
19548
19547
19549
19555
19554
19557
19556
9436
19551
19550
19553
19552
14268
19559
5901
19558
16132
18554
1310
15967
7313
11809
25378
19539
