20654
20653
20652
20651
20650
38540
20131
20618
28019
20617
20616
20659
20658
20657
20656
4171
20655
16717
25264
91
22709
4964
8207
20621
23779
7494
20620
20663
20662
20661
20660
17056
20629
20628
20627
27379
20626
20625
20624
20623
20622
32036
2873
3521
20619
14345
2956
31668
20632
20631
20630
6456
20639
25124
20638
20637
20636
20635
20634
20633
13945
11606
12213
7814
15373
20643
8520
20642
17950
20641
20640
4484
15971
8887
5212
36298
20649
20648
20647
20646
20645
20644
16709
386
25176
12861
37985
