18696
20332
20133
11383
22198
27128
22199
27129
23486
27126
27127
396
14816
22190
22191
14616
22192
22193
22194
27124
434
22195
27125
22196
22197
27123
7635
14138
10211
1738
14538
11986
22206
22207
17697
22208
22209
20185
27139
22200
27137
22201
27138
1271
22202
22203
22204
22205
15917
27131
27132
27130
27135
27136
27133
27134
21196
20183
7845
22217
22218
22219
5440
15682
24355
22210
22211
22212
22213
22214
22215
22216
27142
27143
27140
2688
11725
27141
25481
27144
5676
10871
11883
1715
19698
7512
20042
22220
22221
23431
26147
22222
22223
22224
20718
10763
