22316
22317
22318
22319
8656
11183
20374
22352
32360
22353
32361
22354
27126
22355
22314
22315
32364
32365
479
22350
32362
22351
32363
15743
22327
22328
22329
11032
6367
22320
22321
22322
22323
9033
22324
22325
22326
30213
27057
4972
13376
20061
4735
32359
2758
3528
12402
19879
22338
17146
22339
4078
14277
14475
18310
22330
22331
22332
22333
22334
22335
20634
22336
22337
28796
5677
6129
1716
26092
15571
22349
14361
3791
5971
22341
3034
22342
22343
22344
22345
22346
22347
22348
29136
22340
10440
4557
13630
