8376
22910
22911
22912
22913
22914
22915
22916
14451
22917
26436
22907
11187
22908
22909
22921
22922
22923
22924
22925
22926
22927
4740
22928
22920
33644
33645
33642
33643
33641
6513
6755
22918
22919
33646
6890
30243
12498
22903
22904
22905
22906
19450
5445
17559
2191
22954
22955
22956
4253
14132
22950
22951
22952
22953
13209
1015
31396
3795
16319
17499
23413
24183
15634
10980
8992
22932
22933
22934
22935
22936
22937
22938
22939
23588
22930
22931
24430
10959
22929
6328
10675
12337
22943
22944
22945
22946
21453
22947
22948
22949
22940
22941
22942
32611
27795
28003
11497
13710
