4058
23320
23287
21827
23288
23289
23280
8808
23281
23282
23283
23284
23285
23286
22768
20585
23298
26687
23299
23290
23291
23292
23293
23294
23295
23296
23297
6516
23306
15240
23307
23308
23309
5683
9767
7501
9886
15088
23300
23301
23302
23303
23304
23305
30001
30000
15400
21138
23317
23318
23319
7355
20044
23276
23277
23310
23278
23311
23279
23312
23313
23314
23315
23316
23273
23274
23275
4255
29989
29988
29987
2196
29986
14819
28090
21631
18864
25717
29999
28545
29998
29997
21637
29992
29991
29990
29996
29995
29994
29993
14542
10103
17414
21190
17069
8237
23582
1964
23073
18205
10688
11138
17911
