23845
16593
23846
23847
23848
23849
23321
20858
26832
23840
23841
23842
23843
23844
31476
31753
29983
8528
36602
23856
23857
23858
23859
37285
7972
23816
13452
23817
23818
14187
19310
23819
38774
23850
23851
23852
23853
23854
23855
15918
404
38016
37569
23823
39571
9444
23824
23825
23826
23827
23828
23829
2694
22891
23860
27863
23743
23820
23821
23822
12299
17700
38329
23834
23835
23836
22429
23837
23838
23839
15490
23830
23831
9250
23832
23833
33029
2974
13715
10561
15973
14768
30952
7828
10446
