17200
22717
24454
20859
24453
29229
24456
24455
24458
24457
22315
24459
10216
24450
3313
24452
22670
24451
15865
10336
9157
9312
4267
24465
24464
24467
24466
24469
24468
14705
24461
24460
24463
24462
12001
6712
21721
9001
21642
6176
9447
4551
23786
1280
31333
31332
24470
31335
31334
24472
24471
24474
31331
1551
24473
31330
4786
12411
13500
15688
31336
12610
19656
15298
24443
24442
24445
18042
24444
24447
24446
24449
24448
143
31322
31321
31324
28284
31323
30394
31320
25574
7624
31329
31326
10564
31325
31328
31327
