8058
18378
23605
13287
6357
24575
29505
22474
24574
29504
24577
29503
24576
29502
24535
24579
29509
22159
24578
29508
22435
29507
29506
24571
29501
753
24570
29500
24573
24572
15986
29181
17968
7834
6901
9158
19276
24586
24585
24588
24587
29513
8384
24589
27219
3569
24580
24582
29512
24581
29511
24584
29510
24583
19515
8234
19881
15089
21285
3541
24597
20914
24596
24599
24598
26578
23426
4509
24591
24590
24593
24592
24595
24594
17900
21897
16262
19975
17830
24566
24565
24568
24567
24569
29497
2734
29496
783
29495
3301
29499
29498
6930
