16991
22230
11221
25180
21319
36074
33486
14983
18788
16803
3802
17148
25169
25168
23544
25161
25160
25163
25162
25165
25164
25167
25166
34683
4984
10995
19334
6143
37780
37781
22508
37782
37783
37784
24883
3276
25179
25172
25171
25174
25173
25176
25175
25178
25177
32891
37785
4753
37786
25170
25147
25146
25149
25148
26591
10219
25141
25140
25143
25142
25145
25144
37779
25158
25157
25159
25150
23093
25152
25151
29351
25154
10627
25153
25156
25155
16010
16497
36540
18673
1283
25129
35457
31411
25136
25135
25138
25137
25139
25130
25132
30273
25131
25134
25133
16667
6613
1725
34912
