17761
10371
26313
26312
26315
32281
29426
26314
27325
26317
26316
26319
26318
33732
1733
33733
33730
33731
26311
26310
1939
33736
5935
7839
33734
33735
16121
11391
10140
26324
26323
28504
26326
26325
32590
26328
26327
22204
9350
26329
33721
33722
26320
2994
23691
26322
26321
33729
29192
33727
33728
31628
33725
33726
16725
33723
33724
19403
4275
12097
11040
4992
13581
26335
26334
26337
26336
26339
26338
26331
29523
26330
3334
26333
26332
26309
4086
3550
26502
2460
26306
26305
26308
1290
26307
26340
24284
2211
426
4038
21290
