19742
7642
38265
11384
28217
28218
28215
28216
28219
28210
33016
28213
28697
28214
28211
28212
10454
11301
15307
38692
38693
38694
38695
38696
9710
38697
22320
28187
28220
28188
28221
28386
25231
28224
1300
28225
28189
28222
29356
28223
31385
38698
16127
16401
18700
18035
27909
24630
26576
21766
24558
28198
28199
28196
10636
28197
25087
27422
28190
28191
17545
28194
28195
28192
26291
28193
32668
20763
37220
28206
28207
28204
28205
28208
28209
28202
33266
28203
28200
28201
14246
3821
15857
34319
9926
