10415
10414
10411
10410
10413
10412
10305
10304
10307
10306
10309
10308
10301
10300
10303
10302
10404
10403
10406
10405
10408
10407
10409
946
10400
10402
10401
4410
5862
4408
4409
4400
4401
4402
4403
4404
4405
4406
4407
4300
5631
3211
2116
2599
4411
4412
4413
4414
4310
4311
4309
3455
4301
4302
4303
4304
4305
4306
4307
4308
4320
4200
4321
4201
4322
2376
4312
4313
4314
4315
4316
4317
4318
4439
4319
4330
10370
4210
4331
4211
4332
10372
4212
4333
10371
4202
4323
10374
4203
4324
10373
4204
4325
10376
4205
4326
10375
4206
4327
10378
4207
4328
10377
4208
4329
4209
10379
4340
4220
4341
10381
4221
4342
10380
4222
4343
10383
4223
4344
10382
1193
4213
4334
10385
4214
4335
10384
4215
4336
10387
4216
4337
10386
4217
4338
10389
4218
4339
10388
4219
4350
4230
4351
4231
4352
4232
4353
4233
4354
10350
4234
4355
10359
655
4224
4345
10352
4225
4346
10351
4226
4347
10354
4227
4348
10353
4228
4349
10356
4229
10355
10358
10357
4360
4240
4361
4241
4362
4242
4363
4243
4364
4244
4365
10361
4245
4366
10360
4235
4356
10363
4236
4357
10362
4237
4358
10365
8954
4238
4359
10364
4239
10367
10366
10369
10368
4370
4250
4371
4251
4372
4252
4373
6671
4253
4374
4254
4375
4255
4376
4256
4377
10338
10337
10339
4246
4367
10330
4247
4368
4248
4369
10332
4249
10331
10334
10333
10336
10335
4260
4381
4261
4382
4262
4383
4263
4384
4264
4385
4265
4386
4266
4387
4267
4388
680
4380
10349
10348
321
4257
4378
10341
4258
4379
10340
4259
10343
10342
10345
10344
10347
10346
4271
4392
4272
4393
4273
4394
4274
4395
4275
4396
4276
4397
4277
4398
4278
4399
3186
4390
4270
4391
10316
10315
10318
10317
10319
4268
4389
4269
10310
10312
10311
10314
8628
10313
4282
4283
4284
4285
4286
4287
4288
4289
4280
4281
10327
10326
10329
10328
4279
10321
10320
10323
10322
10325
10324
4293
4294
4295
4296
6473
4297
4298
4178
4299
4179
4290
4291
4292
4183
4184
4185
4186
15
4187
4188
4189
4180
4181
4182
4194
4195
4196
4197
4198
4199
7589
4190
4191
4192
4193
9408
42
8336
10299
2914
10390
10392
10391
10394
10393
291
6294
10396
10395
10398
10397
10399
1841
7058
4909
3709
1658
3963
2889
1678
1438
