5140
5020
5141
5021
5142
5022
5143
5023
5144
31906
5024
5145
4970
5025
5146
4971
5026
5147
4969
18819
4961
5016
5137
4962
5017
5138
4963
5018
5139
4964
5019
4965
4966
4967
4968
5030
5031
5032
5033
16085
5034
4980
5035
4981
5036
18
4982
5037
8302
4180
27659
4972
5027
5148
4973
5028
5149
4974
5029
4975
4976
4977
4978
4979
5041
5042
5043
5044
4990
5045
4991
5046
4992
5047
4993
5048
5040
4983
5038
4984
5039
4985
4986
4987
4988
4989
5052
5053
5054
5055
5056
5057
39046
5058
5059
39169
5050
5051
27630
4994
5049
4995
4996
4997
4998
4999
949
5063
5064
17124
5065
39276
4890
5066
39275
4891
5067
4892
5068
39277
4893
5069
4894
5060
5061
5062
38508
4886
4887
4888
4889
5074
5075
5076
19436
5077
5078
5079
4663
5070
5071
5072
5073
2119
31784
4895
4896
4897
4898
4899
4416
5085
5086
5087
5088
5089
5080
5081
294
5082
5083
5084
3458
5096
5097
5098
5099
14880
5090
5091
5092
5093
5094
5095
1844
2379
30439
1196
4903
2602
4904
4905
4906
4907
4908
4909
658
4900
4901
4902
4914
4915
4916
4917
4918
4919
31042
4910
4911
4912
4913
6430
5100
5101
5102
5103
4925
4926
4927
4928
4929
4920
4921
3712
4922
4923
4924
5110
5111
5112
5113
5114
4936
4937
4938
4939
1661
5104
5105
4930
5106
4931
5107
4932
5108
4933
5109
3966
4934
4935
5120
5000
5121
5001
5122
5002
5123
5003
5124
5004
5125
2892
3189
4947
4948
4949
5115
12178
4940
5116
9716
4941
5117
4942
5118
4943
5119
4944
4945
4946
5130
5010
5131
5011
5132
5012
5133
5013
5134
5014
5135
38553
4960
5015
5136
4958
4959
1441
4950
5005
5126
4951
5006
5127
4952
5007
5128
4953
5008
5129
4954
5009
4955
4956
4957
