19346
19345
19348
19347
19342
19341
19344
6115
19343
19340
5816
5817
5818
5819
5810
5811
5812
5813
19349
5814
5815
4183
5151
19357
19356
19359
19358
19353
19352
19355
19354
19351
19350
5706
5827
5707
5828
5708
5829
5709
12288
5820
5700
5821
5701
5822
5702
5823
5703
5824
5704
5825
21
5705
5826
19324
19326
19325
5840
5717
5838
5718
5839
5719
5830
5710
5831
5711
5832
5712
5833
5713
5834
19328
5714
5835
19327
5715
5836
5716
5837
19329
19335
19334
19337
16185
19336
19331
19330
19333
5730
19332
1494
5728
5729
5720
5841
5721
5842
5722
5843
5723
5844
5724
19339
5725
19338
5726
5727
5740
5620
5741
5618
5739
5619
952
5731
5732
12598
5733
5613
5734
4888
5614
5735
5615
5736
5616
5737
5617
5738
5750
5630
5751
5631
5752
9435
2122
4419
5629
5621
5742
5622
5743
5623
5744
5624
5745
5625
5746
7804
5626
5747
5627
5748
5628
5749
5760
5640
5761
5641
5762
5642
5763
3460
297
5632
5753
5633
5754
4666
5634
5755
5635
5756
5636
5757
5637
5758
5638
5759
5639
5770
5650
5771
5651
5772
5652
5773
5653
5774
2382
5643
5764
5644
5765
5645
5766
5646
5767
5647
5768
1847
5648
5769
5649
5780
5660
5781
5661
5782
5662
5783
5663
5784
5664
5785
5654
5775
5655
5776
5656
5777
5657
5778
5899
5658
5779
5659
5790
5670
5791
5671
5792
5672
5793
5673
5794
5674
5795
5675
5796
5665
5786
5666
5787
5667
5788
5668
5789
5669
5680
5681
5682
5683
5684
5685
5686
1199
5676
5797
5677
5798
5678
5799
5679
2605
5690
5691
5692
4241
5693
5694
5695
5696
5697
2178
5687
5688
5689
16104
19389
4011
19386
19385
19388
19387
19382
19381
19384
19383
19380
3715
5698
5699
16315
14813
19397
19396
19398
19393
19392
19395
19394
7097
19391
19390
3969
1664
15599
19368
19367
8199
19369
19364
19363
19366
19365
9842
19360
19362
19361
13941
3192
19379
19378
19375
19374
19377
19376
19371
19370
19373
19372
5805
5806
5807
5808
1444
5809
2895
5800
5801
5802
5803
5804
