21780
18371
10099
4188
21765
17145
21764
21763
19447
25
21762
21761
11283
21760
12493
21769
21768
21767
21766
6807
6806
6809
6808
2443
2684
6801
6800
6803
6802
6805
6804
21776
21775
21774
21773
21772
21771
21770
21779
21778
21777
6818
6817
6819
6810
6812
6811
6814
17952
6813
5847
6816
6815
21743
21742
21741
21740
21749
21748
21747
21746
21745
21744
6708
6707
6709
6700
6821
6820
6702
957
6701
6822
6704
6703
6706
6705
6285
21754
21753
21752
21751
21750
6720
21759
21758
21757
21756
21755
6719
6718
6711
6710
6713
6712
6715
6714
6717
6716
21721
21720
4671
6731
6730
3464
21729
21728
21727
21726
21725
21724
21723
21722
6729
731
21719
6722
4423
6721
6724
6723
6726
6725
6728
6727
15844
21732
21731
21730
6740
6742
6741
2386
21739
21738
21737
21736
21735
21734
21733
6733
6732
6735
6734
11134
6737
6736
6739
6738
20851
6751
6750
6753
6752
6073
6744
6743
6746
6745
6748
6747
6508
6749
6760
6762
6761
6764
6763
20619
6755
6754
6757
6756
6759
6758
6771
6770
6773
6772
6654
6775
6653
6774
3258
6766
6765
6768
6767
6769
6780
6661
6782
6660
6781
6663
6784
6662
6783
6665
6786
6664
6785
664
2610
302
6656
6777
6655
6776
6658
6779
12782
6657
6778
6659
6670
6791
6790
6672
6793
6671
6792
6674
6795
6673
6794
6676
6797
6675
6796
3718
20806
6667
6788
6666
6787
6669
6668
6789
6681
6680
6683
6682
6685
6684
6687
6686
1668
6678
6799
6677
6798
6679
6692
6691
6694
6693
6696
6695
6698
6697
6690
13946
6689
6688
6460
3197
1448
1204
2898
6699
