5382
19346
19345
19348
19347
19342
19341
6115
19344
19343
19340
1452
7799
19349
19357
19356
19359
19358
19353
7454
19352
19355
19354
19351
19350
12288
19324
19326
7584
19325
28
4192
19328
19327
19329
19335
19334
19337
16185
19336
19331
19330
19333
19332
1494
7907
7906
7909
7908
7901
7900
7903
19339
7902
19338
7905
7904
5620
7918
7917
7919
5852
7910
12598
7912
7911
7914
7913
7916
7915
7930
9435
7808
7929
7807
7928
7809
962
4895
7800
7921
7920
7802
7923
7801
7922
7804
7925
7803
7924
7806
7927
7805
7926
7820
7941
7940
7819
7818
7939
2128
7811
7932
7810
7931
7813
7934
7812
7933
7815
7936
4427
7814
7935
7817
7938
7816
7937
7950
7831
7952
7830
7951
7829
7822
7943
7821
7942
7824
7945
7823
7944
7826
7947
7825
7946
7828
7949
7827
7948
7840
7961
5662
7960
7842
7963
7049
7841
7962
1854
7833
7954
7832
7953
7835
7956
5899
7834
7955
7837
7958
7836
7957
7839
7838
7959
7970
7851
7972
7850
7971
7853
7974
7852
7973
7844
7965
7843
7964
7846
7967
7845
7966
7848
7969
7847
7968
7849
7860
7981
7980
7862
7861
7864
7863
7855
7976
7854
7975
7857
7978
7856
7977
7859
7858
7979
7871
4241
7870
7873
7872
7875
7874
2178
7866
306
669
7865
6658
7868
7867
16104
7869
2615
7880
19389
7761
7882
7760
7881
4011
7763
7884
19386
7762
7883
19385
7765
7886
19388
7764
7885
19387
19382
19381
19384
19383
19380
7877
7876
16315
7758
7879
7757
7878
7759
14813
7770
7891
7890
7772
7893
7771
7892
7774
7895
19397
7773
7894
19396
7776
7897
7775
7896
19398
1671
19393
19392
19395
19394
7097
19391
19390
7767
7888
7766
7887
7769
15599
7768
7889
7781
19368
7780
19367
7783
7782
8199
19369
7785
19364
7784
19363
7787
19366
7786
19365
9842
19360
19362
19361
7778
7899
7777
7898
7779
13941
7792
19379
7791
19378
7794
7793
7796
19375
6464
7795
19374
7798
19377
7797
19376
19371
19370
19373
19372
7790
7789
7788
