861 144
993 144
4633 144
1031 144
1006 144
145 144
1023 144
781 144
1015 144
1005 144
1013 144
1032 144
994 144
1022 144
4632 144
1040 144
1014 144
7 144
987 144
1047 144
1020 144
2038 144
1034 144
4631 144
991 144
1004 144
1017 144
992 144
1021 144
1003 144
1033 144
1046 144
988 144
1029 144
1016 144
998 144
556 144
1036 144
1045 144
1019 144
1028 144
989 144
1000 144
1018 144
999 144
1035 144
1027 144
990 144
1010 144
257 144
1044 144
4637 144
1001 144
2967 144
1025 144
1002 9
1012 144
1038 144
1009 144
995 144
996 144
1039 144
1008 144
1026 144
4636 144
1041 144
1024 144
1043 144
1030 144
1011 144
1007 144
4634 144
997 144
1037 144
696 144
4635 144
1042 144
