1219 507
1228 507
1201 507
1198 507
1181 507
1189 507
1203 507
1048 507
1180 507
1197 507
1212 507
1188 507
1204 507
1175 507
1191 507
1217 507
1174 507
10 507
783 507
1192 507
1187 507
1211 507
7518 507
1224 507
863 507
1190 507
1205 507
1218 507
1186 507
7519 507
1199 507
1210 507
7199 507
1223 507
1206 507
1177 507
1215 507
1194 507
1185 507
1222 507
1213 507
1207 507
1216 507
1176 507
1221 507
1193 507
1208 507
1225 507
388 507
1184 507
1200 12
7517 507
4720 507
1179 507
1209 507
1226 507
1220 507
1196 507
296 507
1183 507
1195 507
1178 507
1202 507
427 507
1214 507
1227 507
1182 507
