1374 1133
1221 1133
1191 1133
1197 1133
1204 1133
1212 1133
1226 1133
8719 1133
1183 1133
1175 1133
1218 1133
1179 1133
1203 1133
5860 1133
1198 1133
1181 1133
1184 1133
1211 1133
1195 1133
1187 1133
1192 1133
1206 1133
1214 1133
1176 1133
1222 1133
1225 1133
1209 1133
1178 1133
1228 1133
427 1133
1220 1133
10 1133
1189 1133
336 1133
1210 1133
1201 1133
1207 1133
1215 1133
1186 1133
1194 1133
1223 1133
1180 1133
1200 1133
1048 1133
783 1133
1190 1133
1193 1133
9375 1133
1205 1133
1199 1133
1219 1133
1217 12
1196 1133
1202 1133
863 1133
1185 1133
1188 1133
1182 1133
1227 1133
1213 1133
1174 1133
1224 1133
1177 1133
1208 1133
1216 1133
