1221 1971
1228 12
1191 1971
1204 1971
1197 1971
1189 1971
1175 1971
1218 1971
1183 1971
1222 1971
1226 1971
9938 1971
1198 1971
1203 1971
427 1971
1217 1971
1184 1971
6397 1971
1206 1971
1209 1971
1214 1971
1195 1971
1179 1971
1187 1971
1225 1971
9974 1971
1176 1971
1192 1971
1223 1971
1220 1971
1181 1971
1212 1971
1201 1971
10 1971
3223 1971
1207 1971
1210 1971
1186 1971
1194 1971
1215 1971
1178 1971
1180 1971
1211 1971
1048 1971
1200 1971
783 1971
1196 1971
1208 1971
1190 1971
1182 1971
1202 1971
1199 1971
1205 1971
1213 1971
1216 1971
1174 1971
1219 1971
1188 1971
1177 1971
1227 1971
863 1971
1224 1971
1185 1971
1193 1971
