1387 958
1344 958
1352 958
1379 958
1298 958
1336 958
1360 958
1328 958
1395 958
1334 958
1377 958
1288 958
228 958
1385 958
1346 958
1303 958
1342 958
1338 958
1393 958
1308 958
1350 958
1400 958
1283 958
1389 958
1296 958
698 958
7934 958
1380 958
1278 958
1369 958
1087 958
1326 958
1375 958
1229 958
1313 958
1332 958
1281 958
1362 958
1294 958
2305 958
1301 958
1314 958
118 958
1322 958
1330 958
1365 958
1373 958
9062 958
1382 958
9064 958
1356 958
1399 958
1292 958
1307 958
1284 958
1324 958
1359 958
1390 958
1316 958
1311 958
1384 958
1401 958
1354 958
1371 958
1367 958
1341 958
1397 958
989 958
1286 958
1299 958
1348 958
1335 958
1305 958
1318 958
1290 958
1280 958
1319 958
1327 958
1361 958
1378 958
1343 958
1289 958
1300 958
1297 958
1302 958
1351 958
1386 958
1337 958
1329 958
1394 958
1363 958
1279 958
1320 958
1368 958
1325 958
1333 958
1282 958
1376 958
1345 958
1309 958
1339 958
1388 958
1295 958
1331 958
1392 958
1357 958
1277 958
1285 958
9063 958
1293 958
1349 958
1374 958
1364 14
1391 958
1306 958
1315 958
1358 958
1321 958
1372 958
1312 958
1355 958
1398 958
1381 958
1291 958
1347 958
1287 958
1304 958
1317 958
6468 958
1370 958
1310 958
1323 958
1396 958
1353 958
1366 958
1340 958
1383 958
