1501 1231
1485 1231
1540 1231
1546 1231
1507 1231
1515 1231
1538 1231
1523 1231
1499 1231
1494 1231
1476 1231
1480 1231
1531 1231
1506 1231
1529 1231
1545 1231
1500 1231
1537 1231
784 1231
1498 1231
1522 1231
1525 1231
1495 1231
1550 1231
1492 1231
1514 1231
1539 1231
1517 1231
1547 1231
6535 1231
1475 1231
1481 1231
1484 1231
1530 1231
1533 16
1489 1231
1544 1231
1486 1231
1478 1231
1528 1231
1536 1231
1541 1231
1497 1231
866 1231
11 1231
1174 1231
1488 1231
1543 1231
9511 1231
1496 1231
1518 1231
1551 1231
1951 1231
1520 1231
1504 1231
1512 1231
1549 1231
9042 1231
1479 1231
1534 1231
1509 1231
1548 1231
1491 1231
1483 1231
1526 1231
1487 1231
1542 1231
1503 1231
1511 1231
990 1231
1513 1231
1519 1231
7467 1231
1527 1231
1502 1231
1510 1231
1493 1231
1490 1231
1535 1231
1521 1231
1505 1231
1474 1231
1524 1231
1477 1231
1482 1231
1532 1231
1516 1231
1508 1231
