2055 574
2038 574
2063 574
2071 574
2039 574
991 574
2047 574
2054 574
2056 574
7826 574
1762 574
2073 574
5842 574
2037 574
2046 574
2064 574
2072 574
7825 574
2029 574
2031 574
2074 574
2061 574
2058 574
2028 574
2030 574
2045 574
7828 574
620 574
4505 574
2032 574
2075 574
2062 574
2027 574
2044 574
7827 574
2057 574
2050 574
2068 574
2077 574
2076 574
2034 574
2052 26
2069 574
2041 574
2043 574
2067 574
2051 574
2060 574
2033 574
2059 574
2042 574
2079 574
2049 574
2066 574
2036 574
2065 574
1279 574
2048 574
2035 574
2078 574
1111 574
2040 574
2053 574
562 574
2070 574
7031 574
