2096 885
2108 885
2133 885
2116 885
8891 885
2088 885
2134 885
2142 885
2095 885
1523 885
2109 27
2125 885
2107 885
2132 885
744 885
2027 885
2087 885
2115 885
2141 885
2124 885
8892 885
2080 885
2114 885
2101 885
2093 885
2131 885
2127 885
2113 885
2089 885
2143 885
2130 885
2094 885
8020 885
8890 885
2081 885
2100 885
2126 885
2139 885
2091 885
2120 885
1359 885
2103 885
2082 885
2129 885
2112 885
1112 885
2138 885
2137 885
2102 885
2092 885
2128 885
2083 885
2111 885
2119 885
1051 885
2106 885
2123 885
2140 885
2086 885
2136 885
435 885
2084 885
2110 885
8893 885
2099 885
2097 885
2121 885
2118 885
2090 885
2105 885
2104 885
2117 885
2122 885
233 885
2135 885
2098 885
2085 885
