2196 937
195 937
2217 937
436 937
2233 937
2209 937
2226 937
2224 937
2218 937
2195 937
2232 937
2227 937
2223 937
2221 29
2222 937
2228 937
2215 937
2198 937
2229 937
1892 937
2111 937
6760 937
2203 937
2216 937
1052 937
2197 937
2212 937
2220 937
2191 937
2204 937
16 937
2211 937
9025 937
1477 937
2202 937
2190 937
2205 937
6270 937
9024 937
2214 937
2199 937
2210 937
2206 937
2231 937
2201 937
2219 937
2194 937
2213 937
2189 937
2200 937
2192 937
2207 937
2230 937
2193 937
2208 937
2188 937
2225 937
