745 851
770 851
2924 851
702 851
736 851
729 851
762 851
753 851
699 851
701 851
710 851
779 851
763 851
5 851
703 851
743 6
719 851
720 851
771 851
746 851
754 851
737 851
728 851
711 851
224 851
739 851
769 851
756 851
709 851
8000 851
772 851
712 851
773 851
755 851
742 851
725 851
768 851
727 851
708 851
738 851
757 851
774 851
744 851
760 851
731 851
700 851
761 851
730 851
8204 851
726 851
713 851
715 851
740 851
775 851
758 851
694 851
707 851
732 851
695 851
723 851
716 851
714 851
766 851
733 851
114 851
776 851
749 851
759 851
706 851
724 851
696 851
741 851
423 851
750 851
767 851
721 851
6574 851
764 851
697 851
704 851
734 851
747 851
705 851
718 851
777 851
751 851
698 851
722 851
735 851
748 851
778 851
371 851
717 851
765 851
752 851
