5362 205
912 205
904 205
5370 205
866 205
947 205
920 205
939 205
963 205
424 205
874 205
876 205
884 205
930 205
937 205
973 205
892 205
116 205
981 205
955 205
929 205
906 205
949 205
919 205
965 205
5369 205
872 205
967 205
890 205
978 205
922 205
971 205
868 205
935 205
886 205
5360 205
910 205
983 205
899 205
953 205
940 205
780 205
942 205
985 205
895 8
5359 205
908 205
976 205
887 205
950 205
861 205
889 205
5367 205
871 205
959 205
933 205
897 205
925 205
916 205
4180 205
968 205
961 205
931 205
974 205
880 205
878 205
863 205
5365 205
865 205
882 205
957 205
944 205
901 205
927 205
914 205
883 205
891 205
972 205
867 205
913 205
956 205
5363 205
980 205
954 205
911 205
5361 205
1302 205
946 205
893 205
5371 205
921 205
903 205
964 205
938 205
875 205
936 205
966 205
923 205
979 205
695 205
869 205
982 205
885 205
898 205
952 205
1908 205
905 205
5368 205
918 205
984 205
948 205
970 205
555 205
873 205
917 205
870 205
977 205
896 205
909 205
934 205
969 205
926 205
941 205
900 205
943 205
924 205
986 205
907 205
960 205
862 205
951 205
879 205
1005 205
888 205
5366 205
877 205
864 205
881 205
894 205
945 205
902 205
958 205
915 205
928 205
962 205
932 205
975 205
5364 205
