9982
9983
4174
9980
9981
9986
9987
9984
9985
9979
9977
9978
12832
4603
9993
9994
7332
9991
9992
9997
9998
9995
9996
9990
5391
5148
9507
9988
9989
21643
16173
4991
8557
9999
3777
10752
8689
9536
6382
268
18929
47
5612
5975
9678
6160
1026
4535
10031
10030
7937
17352
181
7167
10019
28693
10018
28694
28691
28692
28695
10011
10010
10013
16358
10012
16115
10015
10014
10017
10016
9910
10020
10029
9908
9909
26286
523
9902
10022
9903
10021
9900
10024
9901
10023
14741
9906
10026
9907
10025
9904
10028
9905
10027
9920
9921
9005
8390
3381
9919
1870
9913
9914
9911
9912
9917
9918
9915
9916
9931
20166
9932
5213
9930
9370
10008
10007
10009
9924
10000
9925
7505
9922
10002
9923
10001
9928
10004
9929
10003
9926
10006
9927
10005
4372
9942
9943
16795
9940
9941
9935
9936
9933
15104
9934
15224
9939
9937
9938
9950
9953
9954
9951
9952
2086
2753
9946
9947
8976
9944
9945
19718
9948
9949
9960
22415
9961
23506
9964
17185
9965
9962
7665
9963
24159
28079
9957
9958
9955
9956
9959
9971
9972
9970
9975
9976
9973
9974
5805
5926
9968
9969
9966
3985
9967
