7169
10491
10490
19066
10493
10492
25103
27120
27121
27122
10495
6589
10494
6900
10497
10530
10496
6506
10499
6989
10498
10531
17603
17845
5394
8300
20068
7730
19630
7335
25516
10426
1469
10428
10427
2313
24780
10429
2431
526
8415
9901
409
3781
10471
15881
10470
3384
10514
10513
10516
10515
1873
10518
10517
10519
10473
10472
10475
10474
10477
10510
10476
10479
10512
10478
10511
19974
10480
10482
10481
22187
27117
27118
27116
27119
10525
10524
12306
10527
10526
10529
10528
666
8956
10484
10483
10486
10485
7507
10488
10521
10487
10520
10523
10522
10489
11732
22316
4376
26753
271
10459
2987
10458
795
10297
10451
10450
5216
10453
10452
5614
10455
5978
10454
10457
10456
9398
10460
18342
2878
10503
2756
10469
10502
1028
10505
10504
10507
10506
10509
10508
4895
10462
10461
10464
10463
10466
10465
10468
10501
10467
10500
2090
10437
10436
10439
25361
10438
22131
10431
10034
10430
10433
10432
10435
10434
4284
17231
10448
10447
10449
10440
7667
10442
10441
10444
3987
10443
10446
10445
