6353
5781
6992
6752
10808
10807
27643
10809
6591
10811
2547
10810
475
10813
10812
10815
10814
10817
10816
4565
5810
12430
10532
10819
10818
1471
7172
10426
10789
10822
10788
10821
10824
10823
2038
10826
10825
10828
10827
10785
10784
10787
10820
10786
19516
9400
3783
3385
29128
10877
10876
10879
10878
7337
10871
10870
10873
10872
10875
10874
8561
20440
8720
28726
10800
29497
10802
10801
10804
10803
10806
10805
6777
7509
5980
27604
10855
10854
10857
10856
10859
797
10858
29466
3157
5218
10851
10850
10853
2989
10852
21753
8864
9676
6961
1030
9274
9151
10866
10865
10868
23094
10867
3600
10869
4378
10860
11035
10862
10861
10864
10863
7143
10790
10829
9681
2093
10833
12858
10799
10832
10835
10834
1675
10837
10836
10839
10838
10792
10791
10794
10793
10796
10795
10798
10831
10797
10830
22146
29216
3194
26748
10844
10843
10846
12746
10845
10848
10847
24320
10849
10840
12503
18844
10842
10841
