26959
6350
11580
6596
4178
11582
11581
2551
22475
11625
10535
11624
11627
11626
11629
11628
11584
11583
11586
11585
11588
11621
11587
11620
17689
11623
11589
11622
21157
11591
11590
5399
11593
11592
23697
11636
11635
11638
11637
11639
11595
11594
11597
11630
11596
4338
11599
11632
11598
11631
11634
11633
17977
19446
9764
11560
21242
24875
11603
11569
11602
8709
11605
11604
11607
11606
534
11609
1474
11608
11562
11561
11564
11563
11566
11565
11568
11601
11567
11600
15493
8562
11571
11570
3946
11614
11613
11616
11615
1246
11618
11617
11619
11573
3785
11572
9526
11575
4997
11574
16621
11577
11610
10883
11576
11579
11612
11578
11611
9543
20494
11548
11547
11549
11661
15986
7513
11660
52
5219
11546
11545
17801
4382
6167
2760
3604
11559
11558
2994
11551
11550
11553
15115
11552
11555
11554
11557
11556
9685
7941
8115
2099
26733
26858
1679
11647
11646
29441
11649
27261
11648
1035
11641
11640
11643
11642
10039
11645
11644
28808
3991
3198
27831
22389
11416
11658
11657
11659
11650
11652
11651
11654
11653
11656
11655
