12791
12792
12790
3002
12836
12837
12834
12835
12838
12839
5533
12795
12796
12793
11860
12794
12799
12832
3998
12833
12797
12830
12798
12831
7451
19237
12847
12848
12845
12846
12849
6997
12840
803
12843
12844
12841
19638
12842
7343
12770
12809
22973
12814
12815
12779
12812
12813
12818
2323
12819
12816
12817
20828
12773
12774
12771
12772
12777
12810
14559
12778
12811
12775
12776
12780
12781
27634
23278
12825
12826
27594
12823
1885
10889
12824
12829
12827
25453
12828
9407
12784
12785
12782
12783
12788
12821
12789
12822
12786
12787
12820
27192
7521
8732
22830
20259
12759
11547
12757
12758
2104
26231
3312
6788
6306
4525
11423
11665
12755
12756
12753
12754
58
18460
12803
12804
12768
12801
685
12769
12802
3204
12807
12808
12805
12806
12762
12763
12760
9549
11277
12761
12766
12767
12800
12764
10742
12765
4392
8871
6174
13380
12173
5003
18673
173
12858
12859
12856
12857
3610
12850
5996
12851
11124
12337
12854
14878
12855
28195
12852
12853
27716
27035
19937
12860
7948
