12273
13000
13001
19220
17161
12957
12958
5818
12955
12956
12959
13004
12950
13005
13002
6228
13003
12953
13008
12954
13009
12951
13006
12952
13007
13011
18384
13012
17054
13010
12968
12969
12966
12967
12960
13015
12961
13016
13013
13014
4613
12964
13019
4856
12965
12962
13017
12963
13018
7345
1480
22730
22731
22732
2325
8307
3792
8568
11053
1253
12946
12947
12944
12945
12948
12949
12942
12943
22712
22713
22714
22715
22716
22717
22718
22719
9781
22710
6392
22711
22709
8343
22723
22724
22725
22726
22727
22728
5872
8466
22729
22720
22721
22722
15519
10187
11278
9688
3461
12454
614
5997
6604
22701
9455
22702
22703
22704
19413
22705
22706
22707
22708
21858
22700
12103
10048
7834
20987
7053
3003
17542
20950
22694
3264
22695
7180
22696
22697
22698
22699
14848
544
18769
13040
13041
13044
12990
13045
7523
13042
13043
22675
12999
12993
13048
12994
13049
12991
13046
6789
12992
13047
12997
12998
12995
12996
13051
13052
13050
13055
13056
13053
13054
1305
12648
13057
13058
4394
21686
13022
6453
13023
8873
13020
7786
13021
12979
2766
12977
12978
10792
12971
13026
12972
13027
13024
12970
13025
12975
12976
12973
13028
12974
13029
13030
13033
13034
13031
13032
12988
12989
12982
13037
12983
13038
12980
13035
12981
13036
12986
12987
12984
13039
12985
