14570
13121
14573
13122
14574
14571
13120
14572
11867
10898
5819
1694
10891
13125
13126
13123
14575
13124
14576
13129
13127
13128
13132
13133
14101
6005
13130
8423
13131
11999
13815
4618
13136
13137
13134
13135
804
10543
13138
13139
12251
14551
10193
13100
14552
14550
13109
5830
13103
14555
13104
14556
13101
14553
13102
14554
13107
14559
13108
13105
14557
13106
14558
13110
14562
13111
14563
14560
14561
13114
14566
13115
14567
13112
14564
13113
14565
13118
13119
13116
14568
13117
14569
9782
14530
6393
14539
2105
1254
14533
14534
4402
14531
14532
14537
14538
14535
14536
14540
14541
9555
13570
9550
3205
14544
14545
60
12246
14542
14543
14548
14549
14546
14547
4792
6610
1041
14519
14517
14518
5632
14511
12576
14512
5998
14510
14515
14516
14513
14514
6181
14528
14529
1048
14522
14523
14520
14521
14526
12104
14527
14524
10049
14525
13084
13085
13082
13083
13088
13089
13086
13087
13080
13081
13095
13096
13093
13094
13099
13097
13098
13091
13092
13090
14508
3804
14509
13062
13063
13060
13061
13066
13067
13064
13065
7181
13068
13069
12657
13073
13074
13071
13072
4000
13077
9019
13078
13075
13076
3398
13070
1887
545
13079
6790
11668
12756
8743
5235
7533
5225
13059
7524
13140
4395
7787
13141
9280
2767
3619
7675
