26430
22471
10655
4186
2560
10428
10306
3004
28344
17738
21391
4614
11996
13183
13184
13181
13182
13187
13188
13185
13186
13180
29365
29364
2326
22170
27460
28434
27980
29366
4742
13189
13194
13195
13192
13193
13198
21893
13199
13196
13197
28449
23037
13190
13191
1888
22060
546
14687
13161
6394
13162
13160
13165
13166
13163
6554
13164
24332
13208
13209
1255
13169
13202
13203
8569
13167
13200
13168
13201
13206
13207
13204
13205
13172
13173
19675
9551
13170
13171
13176
13177
13210
13174
19399
13175
2484
27737
283
3206
4136
7525
11155
13059
13213
13214
8734
13178
13211
726
10188
13179
13212
13217
13218
13215
13216
4396
13143
13144
4552
5004
8874
12570
13142
2250
16370
25887
2768
12339
3611
13147
13148
13145
13146
5999
13149
13150
13151
13154
13155
13152
13153
27275
465
13158
13159
13156
13157
