24377
26433
14618
14619
14616
14617
14577
14610
14578
14611
14614
14615
14579
14612
14613
14580
14581
24308
9992
14584
14585
14582
6400
14583
25919
3013
14508
3805
14588
14621
14589
14622
14586
14587
14620
19636
10663
806
14623
3407
7189
11281
12252
13065
27742
27743
20678
22215
27740
27741
5831
6006
9914
15884
10993
24489
24006
20600
14607
14608
14605
14606
1367
26023
1487
14609
7349
14600
14603
14604
14601
14602
8575
7006
9786
18172
27208
5734
14015
4802
23080
27739
8744
16168
12000
27738
25714
19559
14591
23988
14592
68
14590
8512
14595
14596
14593
22938
14594
9161
295
14599
14597
14598
10434
5012
26226
1568
1049
14804
15216
11774
