16231
22594
14618
14619
14616
14617
14577
14610
4720
14578
14611
14614
14615
14579
14612
14613
28171
14580
14581
14584
14585
14582
6400
14583
3013
14508
3805
14588
14621
5545
14589
14622
14586
14587
14620
10663
806
14623
3407
28182
7189
11281
12252
13065
28677
6929
28675
28676
28674
5831
6006
9914
16611
7112
13198
25975
14607
14608
14605
14606
25173
1487
14609
7349
14600
4116
18927
14603
14604
14601
14602
8575
24615
7006
9786
2229
3717
14015
4802
8744
12000
28661
10628
14591
23625
14592
68
14590
14595
14596
14593
14594
19761
9161
24314
295
22096
14599
22808
14597
14598
11247
18679
10434
24968
15295
5012
25014
1049
11774
