1462
1583
1461
1582
1460
1581
1580
1459
1458
1579
1457
1578
1456
1577
1455
1576
1454
1575
1453
1574
1452
1573
7679
10895
14100
14101
1473
1594
1472
1593
1471
1592
1470
1591
1590
482
5827
1469
1468
1589
3404
1467
1588
1466
1587
5
1465
1586
1464
1585
1463
1584
14104
14105
14102
14103
14108
14109
14106
14107
1484
1483
1482
1481
1480
1479
1478
1599
1477
1598
1476
1597
1475
1596
1474
1595
13222
14200
1495
1494
1493
1492
1491
1490
1489
1488
1487
1486
1485
14203
14204
7348
14201
14202
14207
14208
14205
14206
1260
1499
1498
1497
1496
13323
4401
12247
14195
14196
14193
14194
14199
14197
14198
290
14191
14192
14190
6606
7950
1602
1601
1600
982
1609
1608
1607
4799
1606
1605
1604
1603
14173
14174
14171
14172
14177
14178
14175
14176
14170
1613
13408
1612
1611
1610
753
1619
14179
1618
1617
1616
1615
1614
14184
14185
14182
14183
14188
14189
14186
14187
1197
14180
14181
1624
1503
1623
1502
1622
1501
1621
1500
1620
1509
1629
1508
1628
1507
1627
1506
1626
1505
3801
1625
1504
14151
14152
14150
14155
14156
14153
14154
1514
1513
1512
1511
1510
14159
14157
1519
14158
1518
1517
1516
1515
14162
14163
14160
14161
14166
14167
14164
14165
1525
1524
1523
1522
1521
1520
14168
14169
1529
1528
1527
1526
14130
14133
14134
14131
14132
1536
1535
1534
1533
1532
1895
1531
556
1530
14137
14138
14135
14136
12755
1539
1538
14139
1537
14140
14141
7530
14144
14145
5233
14142
14143
1550
1547
1546
1545
1544
1543
1542
1541
1540
14148
14149
14146
14147
1549
1548
14111
14112
8876
12176
14110
1440
1561
1560
9285
1437
1558
1436
1557
1435
1556
1434
1555
1433
1554
1432
1553
1431
1552
1430
1551
14115
14116
14113
14114
14119
10311
1439
3617
14117
10798
1438
1559
14118
14122
14123
14120
14121
1451
1572
1450
1571
1570
1691
1448
1569
1447
1568
1446
1567
1445
1566
1444
1565
2775
225
1443
1564
1442
1563
1441
1562
14126
14127
14124
14125
14128
1449
14129
