15384
20731
15383
15382
16196
15381
13484
15388
15421
7047
15387
15420
15386
11064
15385
9060
15380
11901
15425
15424
15423
15389
15422
15429
15428
18536
15427
4847
7959
15426
15395
21556
15394
15393
15392
15399
15398
15397
15396
9193
15391
15390
21559
21558
21557
2158
14909
20619
13341
15409
15408
15403
5677
6402
10197
15402
15401
15400
14955
15407
15406
15405
15404
15373
7354
17158
5056
15377
15410
12660
15376
15375
15374
1093
2337
15419
15414
7227
15413
15379
15412
15378
15411
15418
15417
15416
15415
21588
21587
21586
21585
8579
21584
21583
21582
1899
12759
4409
21581
21580
10695
12514
14778
14899
10061
17892
560
7007
11671
11431
4811
11555
9709
21567
5240
21566
21565
21564
21563
21562
21561
21560
21569
21568
7536
73
14758
19407
5639
19775
21578
21577
6221
21576
21575
21574
21573
21572
12581
21571
19096
9451
21579
3622
8912
12344
21570
17639
15334
