16994
17042
16993
16992
2395
17040
17041
20217
2789
22071
872
16998
16997
16996
16995
18817
16999
15392
16246
18141
11911
23291
20181
11873
14107
16693
17024
17025
7068
17026
17027
17020
17021
17022
17023
2174
1755
11165
17825
17028
11202
16737
17029
6805
21080
8442
17035
17036
17037
19458
17038
17031
17032
17033
4245
17034
1495
3274
17030
23799
16629
10806
3421
15378
17039
7363
17002
23801
17003
23802
17004
23803
17005
23804
23805
13683
23806
17000
23807
17001
23800
313
2345
17006
13845
17007
17008
17009
17013
5075
17014
17015
17016
17010
8587
17011
17012
9032
12768
23493
16566
1705
17017
17018
17019
7805
14789
9168
14590
9568
7542
10554
15844
20368
22308
3079
3227
8636
12589
