21941
17322
17323
17324
21266
17043
7204
8373
27485
6623
10495
17329
13489
17325
17326
17327
17328
17332
17333
17334
17335
25918
17330
17331
14627
5027
11357
17336
7968
17337
17338
17339
8674
6016
1913
4901
14833
13232
8444
4639
27472
3424
5324
6810
18924
16502
9929
17365
17366
17367
17368
17361
17362
17363
17364
27566
17360
27567
27560
27561
27564
27565
27562
315
27563
23919
5732
15501
12353
12870
16313
19312
4021
7807
26485
15919
19558
15285
17343
17344
17345
17346
17340
17341
17342
20997
6293
17347
17348
4824
17349
17354
17355
17356
7276
17357
20882
12185
17350
24609
13155
17351
4288
17352
17353
24442
27559
10205
14803
26342
3907
80
18608
17358
17359
