10090
20179
4454
20734
5258
7833
119
7212
1743
10824
18948
18949
15438
10940
7980
18077
22297
22298
22299
22290
22291
22292
10914
22293
22294
22295
22296
10076
18998
3659
17277
21015
6022
19336
13909
13758
13511
6418
12788
12665
14447
18801
18971
20533
18972
18973
17489
18974
12592
18970
8171
21902
18979
4643
18975
18976
18977
18978
9432
18982
7373
18983
18984
18985
5870
8622
18980
18981
22286
22287
22288
22289
18986
17810
18987
18988
609
8597
18950
18038
18951
18952
12450
1282
7819
14519
18957
14633
16139
18958
18959
3853
18953
18954
18955
18714
18956
18960
18961
17631
18962
19810
18963
15850
19256
22300
22301
22302
18968
18969
10562
15059
18964
18965
14128
18966
18967
