9861
9180
24378
21943
28055
28056
28053
28054
28057
28058
11740
16996
14730
28051
28052
28050
9235
7696
5037
12966
27096
13498
19324
19323
7101
19326
19325
7983
19320
19322
20032
19321
25723
24350
10916
15886
19328
19327
26091
12018
17702
19329
6025
19298
19331
20562
8601
17670
19297
19330
19299
19294
25058
19296
19295
1370
28049
5446
11572
8332
19302
19301
19304
19303
19300
9303
9941
22553
15060
3439
19309
7879
19306
14934
19305
19308
19307
19313
19312
19315
19314
9436
19311
19310
2363
25795
19317
17414
19316
19319
19318
20477
4035
17583
27700
1160
27385
6205
8901
4428
8244
16141
2143
584
14521
17237
5529
