16510
9624
18376
13080
24778
11103
3636
15274
15152
14221
20065
25994
4216
19445
19444
19447
19446
19441
23706
9800
19440
19443
7863
19442
21087
26499
26492
26491
26494
26493
26496
26495
26498
11608
26497
16459
17703
19449
19448
26490
15250
13111
16069
10917
19450
24483
11573
19423
19422
19425
20377
19424
15586
19421
19420
3440
10979
1772
19427
19426
19429
19428
19434
19433
19436
19435
19430
7377
19432
17375
19431
26489
26488
25313
20548
26483
26482
26485
26484
26487
26486
17813
19438
19437
14700
18989
19439
24714
6693
9844
19366
17584
23864
20633
24270
13664
19409
19408
5513
9438
6206
8229
15323
19405
19404
19407
2802
19406
16143
19412
24605
19411
19414
19413
16389
19891
19410
26500
26501
25019
7029
19419
19416
19415
19418
19417
