9584
7444
6511
19465
3244
9181
10139
2667
7557
21382
6089
27658
27659
12969
14905
6638
8675
16970
12779
1994
13587
7216
7736
26705
19578
11173
7875
10920
7988
5449
14843
19665
21985
19664
19667
19666
19661
19660
19663
19662
1931
11945
6029
14930
15587
19669
19668
19676
19675
19678
19677
19672
19671
19674
7379
19673
1153
19670
20424
16849
27576
9704
17814
18313
19249
16256
27667
27668
27665
27666
27669
27660
27663
27664
27661
27662
13544
13665
13789
2804
8904
19654
19653
7277
19656
19655
21298
19652
4289
19651
25499
27670
27033
1721
15215
19658
19657
16669
16823
19659
