25902
110
111
112
113
114
115
116
117
118
11980
119
10
11
12
13
14
15
16
17
18
19
23973
120
0
121
1
122
2
123
3
124
4
125
5
126
6
127
7
128
8
129
9
20
21
22
23
24
19326
25
26
27
28
29
27627
130
131
132
133
11844
134
135
16618
136
29127
137
138
139
30
31
32
33
34
35
36
37
38
39
140
141
142
143
144
145
146
147
148
149
40
41
42
43
16867
44
45
46
47
48
49
150
151
152
153
154
155
156
157
158
159
50
51
52
53
54
55
56
57
58
59
21750
8104
29118
160
161
162
163
164
27736
165
166
167
168
169
724
60
61
62
63
64
65
66
67
68
69
29329
170
171
172
173
26855
174
175
176
177
178
179
70
71
72
73
74
75
76
77
78
79
180
181
182
183
184
185
186
187
29332
188
29331
189
29330
29336
29335
29334
29333
80
81
82
83
84
85
86
87
88
89
190
191
192
193
194
195
196
28219
197
22359
198
199
27481
90
91
92
93
94
95
15704
96
97
98
99
21153
28586
19286
9133
20043
3147
4134
12087
200
201
202
203
204
205
206
207
208
209
210
211
212
213
214
215
216
217
218
219
6343
220
462
100
101
102
103
104
105
106
107
108
109
