20610
15262
12272
16079
22473
20617
22474
20616
22475
2152
20615
22476
20614
20613
20612
593
20611
22470
20609
22471
20608
22472
4840
6227
18813
20588
20587
20586
5674
14462
20589
122
1744
3644
16005
22459
5683
17383
22453
22454
22455
1083
22456
22457
22458
4225
14316
21930
19451
16464
20607
22462
20606
22463
20605
22464
20604
22465
20603
22466
20602
22467
20601
22468
20600
22469
21809
22460
22461
12265
17710
13512
8179
8337
21903
10337
13169
21183
4648
5859
10460
3054
1303
3842
6833
10224
12128
13337
20599
20598
20597
20596
20595
20594
18276
20593
20592
3460
8195
1953
613
20591
339
20590
8624
21282
3854
14637
13671
1293
19093
101
17758
17638
16946
