20213
24419
27249
27247
25104
27248
4050
27242
27245
27246
27243
27244
2829
13922
22404
22405
25913
22406
22407
22408
22409
13251
22400
22401
22402
7052
22403
121
27250
27251
15883
3661
9481
14038
18487
21137
17950
19337
19975
14321
19051
22342
5728
15810
21250
12789
18921
26380
14130
22396
22397
22398
22399
22799
22392
22393
22394
22395
8464
14782
5871
19553
22681
11795
10345
18553
22415
22416
22417
22418
22419
20518
22410
22411
22412
22413
20996
22414
17509
26693
611
8506
16777
6845
16419
19533
22426
22427
25814
7398
22428
21454
16664
19376
22420
22421
22422
21856
22423
25535
22303
22424
22425
3109
12988
22020
