12392
12550
4057
1340
18090
8923
15940
7836
16757
17291
1106
17338
25727
25726
25729
25728
20672
21529
22333
25723
24479
25722
25725
25724
10473
15522
5714
16583
12381
17551
25730
25732
25731
25734
25733
25735
385
1767
4238
18647
5066
19781
20011
5102
17122
23089
23003
151
20534
23081
23082
23083
23084
23085
23086
23087
23088
16831
19548
15867
23080
7254
6685
21593
22202
23092
23093
23094
23095
23096
23097
23090
23091
19489
8198
12293
18155
23067
23068
23069
2644
1312
23065
20509
23066
5874
18718
14999
3071
9972
13272
19011
23078
23079
22541
23070
23071
23072
23073
23074
23075
23076
23593
22263
23077
3862
