19940
17643
19584
17164
21782
19223
1385
23320
28650
356
2621
28653
2389
28651
28652
13125
12034
17726
14380
15073
19831
21232
11472
9875
14341
17056
18541
23298
23299
28501
16084
24425
21437
23291
23292
23293
23294
23295
23296
23297
4534
10861
19759
5283
23306
23307
23505
23308
19963
23309
23826
25849
24233
21848
23300
23301
23302
23303
23304
23305
6928
1314
2168
20707
17545
618
11246
22305
23317
23318
19414
23319
8688
13033
11370
19651
25653
23310
23311
2460
23312
21417
23313
23314
3271
23315
23316
3466
5689
869
3865
10003
5925
