23727
7840
23728
23729
23206
15828
18816
7715
23735
23736
23737
5550
17214
23738
23739
23730
23731
23732
23733
20864
23734
27891
11478
21522
7067
12891
23949
2173
8393
27626
27582
17306
17790
22466
21932
28289
1801
7242
15340
20650
20536
26910
23128
21580
14382
21116
28822
22287
22281
445
2234
15631
4537
10864
10588
23746
6053
23747
23748
23749
16653
15165
23740
23741
23742
27704
23743
23744
28879
23745
6327
15604
18438
23757
18720
18046
19492
23750
17590
23751
23993
23752
23753
23754
23755
23756
28880
28881
1962
2016
28884
28885
28882
28883
11375
18209
17519
