20454
14650
22716
8379
15341
23808
23683
22155
22277
26436
27401
22235
2624
10854
13604
675
22395
4246
6669
17645
17965
23812
17333
23813
23814
23815
23816
15079
15794
23817
23818
21032
23819
27854
27855
19153
8064
22203
23810
27856
21117
23811
27857
24349
11912
25794
23809
11479
23823
23824
23825
23826
23827
7069
23828
5289
23829
2175
18592
23389
20559
23820
23821
23822
24470
19849
20030
4105
10233
11203
23834
5136
22023
3473
26864
23830
23831
23832
27559
20369
23833
11737
23153
26343
14402
21051
8515
16225
12148
16703
