24617
8930
19342
21662
13045
24973
20218
28978
24093
24094
13846
24095
24096
28296
24097
28730
24098
13806
24099
17649
3874
15869
24090
12797
24091
24092
21996
24109
4064
6122
12284
6246
24101
24102
24103
24104
25511
24105
24106
24107
24108
10868
29237
29236
28662
24100
14468
21151
10103
18358
18594
24112
28635
24113
26455
22255
24114
24115
5081
24116
22896
24117
24118
24119
2844
3936
25163
13308
26495
24110
24111
17901
13940
10235
17424
19653
9211
18248
8204
19693
28448
22266
9330
25978
13518
27076
1963
1322
24120
24088
28321
21807
24089
13438
