6475
18012
16353
27645
27646
24896
27643
27644
24898
24897
24899
27641
27642
27640
636
10138
15156
4102
12046
20183
11236
18669
24913
24912
24915
24914
24917
24916
24919
24918
26019
24911
26418
8030
24910
4903
14716
23781
14555
24909
7735
16223
8962
24123
27634
27635
27632
27633
9098
24920
27638
27639
141
27636
24921
27637
24089
4511
12543
22714
22793
13608
13442
13289
24902
24901
24904
24903
21596
24906
24905
12481
24908
24907
22683
20669
24900
19390
11714
1784
20382
18108
14474
20991
21165
20519
18150
17062
2887
23185
8486
5494
19018
23913
6060
15619
20919
19816
9966
10960
