14094
6475
22990
22793
24896
24898
24897
22512
29507
24899
29506
13608
636
4566
13442
24902
4140
24901
24904
24903
21596
24906
24905
24908
24907
20669
24900
11714
25034
12046
966
20183
19912
20236
24913
24912
24915
24914
14474
16378
20991
24917
8117
24916
21165
24919
24918
18150
17062
21924
27105
20833
24911
8030
24910
14716
11409
22690
24595
23781
24909
4748
19769
8486
5494
23913
24123
27159
24920
6060
141
24921
11657
12505
20919
2257
28489
25296
29015
23352
24089
19816
12543
9966
8713
10960
18845
