2190
19268
4493
13363
19386
16277
4696
12471
25345
25664
26159
25344
26158
25347
25346
25349
20415
25348
1976
26151
26153
26152
25341
26155
25340
26154
25068
25343
26157
25342
26156
8649
18778
15349
25639
3290
17498
6883
23816
19231
20340
23210
24269
24862
25877
26162
26161
25350
26164
26163
24340
25352
26166
25351
26165
25353
26167
3884
4259
12048
5305
13773
5108
26160
21566
24958
7424
8356
23464
9082
24876
21526
11924
15804
11928
14476
12212
14477
17501
17229
11490
23759
4484
16586
18160
25334
25336
25335
25338
25337
25339
1765
10846
19419
12464
10366
