27409
9986
19464
27403
26312
27404
27049
27401
27402
27407
27408
23326
27405
27406
27043
27044
6907
27047
27048
27125
22273
27045
27046
17604
10254
10730
16715
9355
25914
21874
18104
16481
10260
15278
18780
22969
13452
9632
21472
27414
18062
27415
27412
27413
21636
27416
24229
25119
27417
27054
5905
13618
27055
13538
27052
27053
27058
27410
27059
27411
22086
27056
24583
27057
406
9229
27050
7605
27051
11117
21600
5124
8236
20878
26217
13703
13869
1356
12817
14599
16536
3699
13542
27061
4505
27060
4282
15010
15097
18005
22706
25250
25450
14487
6899
