3082
3081
3080
18379
16752
3089
3088
3087
3086
3085
3084
3083
232
14456
3093
12
3092
3091
20586
3090
3099
3098
3097
3096
3095
3094
489
18709
12131
18240
12026
19217
16396
4655
21045
3101
3100
19525
1835
3112
3111
1295
3110
3109
3108
3107
3106
3105
3104
3103
3102
989
16941
7044
3002
3123
3001
3122
3000
3121
2273
3120
3119
3118
3117
3116
3115
3114
3113
11462
14974
3013
3134
3012
3133
3011
3132
3010
3131
3130
2955
760
2954
3009
2953
3008
3129
2952
3007
3128
2951
3006
3127
3005
3126
3004
3125
3003
3124
2718
2959
2958
2957
2956
21245
21244
21243
21242
21241
3024
3145
3023
3144
2054
3022
3143
20836
3021
3142
3020
3141
3140
1635
2966
2965
2964
3019
2963
3018
3139
2962
3017
3138
2961
3016
3137
2960
3015
3136
3014
3135
21240
4227
16698
2969
2968
2967
2980
3035
3156
3034
3155
3033
3154
3032
3153
3031
3152
3030
3151
3150
2977
2976
2975
2974
3029
2973
3028
3149
2972
3027
3148
2971
3026
3147
2970
3025
3146
2979
2978
21226
21225
21224
21223
21222
21221
21220
2991
3046
2990
3045
3044
3043
3042
3041
3162
21229
3040
3161
21228
3160
21227
2988
2987
2986
2985
2984
3039
2983
3038
3159
2982
3037
3158
2981
3036
3157
9812
2508
2989
21237
21236
21235
6440
21234
21233
21232
21231
21230
3057
3056
3055
3054
3053
3052
3051
21239
3050
21238
2999
2998
2997
2996
2995
2994
3049
2993
3048
2992
3047
10464
19957
3060
3068
3067
3066
3065
3064
3063
3062
3061
1436
3059
3058
19129
3071
21215
3070
21214
21213
21212
21211
21210
20362
3079
3078
3077
19373
3076
3075
21219
3074
21218
3073
21217
3072
21216
1204
3069
12980
