19104
19103
19106
19105
19100
16994
19102
19101
470
350
471
230
351
472
231
352
473
232
353
474
233
354
475
234
355
476
235
356
477
236
357
478
237
358
238
359
239
19108
19107
19109
19115
19114
19117
19116
19111
19110
13496
19113
19112
360
240
361
241
362
0
242
363
243
364
244
365
245
366
246
367
247
368
248
369
249
19119
19118
370
250
371
251
372
252
373
253
374
13903
254
375
255
376
256
377
257
378
258
379
259
380
260
381
261
382
262
383
263
384
264
385
6818
265
386
266
387
267
388
268
389
269
8451
9302
390
270
391
271
392
272
393
273
394
274
395
275
396
276
397
277
398
15508
278
399
279
835
9433
280
281
282
283
284
285
286
287
288
289
290
291
292
293
294
295
296
297
298
299
4427
16140
19099
19096
19095
19098
19097
19092
19094
19093
14520
15382
17202
3239
10813
400
401
402
403
404
405
406
407
6635
408
18425
409
18078
410
411
412
413
414
415
416
417
418
419
6421
11570
420
300
421
301
422
302
423
303
424
304
425
305
426
13752
306
427
307
428
308
429
309
12666
3836
430
310
431
311
432
312
433
313
434
314
435
315
436
316
437
317
438
318
439
11784
319
440
320
441
321
442
322
443
323
444
324
445
325
446
326
447
327
448
328
449
329
19125
19122
15322
19121
19124
19123
19120
9041
450
330
451
331
452
13827
332
453
333
454
334
455
335
456
336
457
337
458
338
459
339
14362
460
340
461
341
462
221
342
463
222
343
464
223
344
465
224
345
466
225
346
467
226
347
468
227
348
469
228
349
229
