4172
4293
4173
4294
4174
4295
4175
4296
4176
4297
5386
4177
4298
4178
4299
4179
1461
4290
4170
4291
4171
4292
2300
238
1210
4169
8406
8407
8404
8405
4183
4184
8300
4185
4186
4187
8303
4188
8304
4189
8301
18
8302
4180
4181
4182
7326
3767
4194
8310
4195
8311
6372
4196
4197
4198
8314
4199
8315
8312
8313
4190
4191
4192
4193
495
258
8307
4983
8308
8305
8306
8309
8321
8322
8320
8325
8326
8323
8324
8318
8319
8316
8317
5968
5605
8332
8333
8330
8331
8336
8337
8334
8335
4773
6150
8329
8327
8328
8343
8344
7497
8341
8342
8347
8348
8345
4300
8346
3570
8340
7928
8338
8339
8354
8355
8352
8353
8358
8359
4310
8356
4311
8357
8350
8351
4309
4301
4302
4303
8349
4304
4305
4306
4307
4308
8365
8366
8363
8364
8369
8127
4320
4200
4321
8367
4201
4322
8368
3352
8361
8362
8360
1841
3589
4312
4313
4314
6977
4315
4316
4317
4318
4319
8376
8377
8374
8375
4330
4210
4331
4211
4332
8378
4212
4333
8379
8372
8373
8370
8371
995
4202
4323
4203
4324
4204
4325
4205
4326
4206
4327
4207
4328
4208
4329
4209
8387
8388
8385
4340
8386
4220
4341
4221
4342
4222
4343
8389
4223
4344
8380
8383
8384
8381
8382
1863
2279
766
4213
4334
4214
4335
4215
4336
4216
4337
4217
4338
4218
4339
4219
2956
8398
8399
8396
4230
8397
4593
4231
4232
4233
4234
8390
8391
8394
8395
8392
8393
2724
4224
4345
4225
4346
6765
4226
5799
4227
4228
4229
4240
4241
4242
4243
4244
4245
2060
1641
4235
4236
5204
4237
4238
4239
8299
4250
4251
8297
4252
8298
4253
4254
4255
4256
3167
8295
8296
8294
2745
4246
4247
4248
4249
3956
4260
4261
4262
4263
4264
4265
4266
4267
2514
2079
4257
4258
4259
7768
4150
4271
4151
4272
4152
4273
4153
4274
4154
4275
4155
4276
4156
4277
6577
4157
4278
4270
4147
4268
7657
4148
4269
4149
3977
4161
4282
4162
4283
4163
4284
4164
4285
4165
4286
8402
4166
4287
8403
4167
4288
8400
4168
4289
8401
4280
4160
4281
2535
1442
4158
4279
4159
3747
