5140
5141
5020
5142
5021
5143
5022
5144
5023
5145
5024
4970
5146
5025
4971
5147
5026
4969
1214
3751
5137
5016
5138
5017
5139
5018
5019
10894
4967
4968
5151
5030
5152
5031
5153
5032
5154
5033
5155
5034
4980
5156
5035
4981
5157
5036
4982
5158
5037
5150
242
4972
5148
5027
4973
5149
5028
4974
5029
4975
10661
4976
4977
4615
4978
4979
22
5162
5041
5163
5042
5164
5043
5165
5044
4990
5166
5045
4991
5167
5046
13221
4992
5168
5047
4993
5169
5048
4192
5160
5161
5040
499
4983
5159
5038
4984
5039
4985
8426
4986
4987
4988
4989
5173
5052
5174
5053
5175
5054
5176
5055
5177
5056
5178
5057
5179
5058
5059
5170
5171
5050
5172
5051
4994
5049
4995
4996
4997
4756
4998
4999
5184
5063
5185
5064
5186
5065
5187
5066
5188
5067
7004
5068
5069
10053
5180
5181
5060
5182
5061
5183
5062
3799
5074
5075
5076
5077
5078
5079
5630
3574
3210
5070
5071
5072
5073
5085
5086
5087
5088
5089
5080
5081
5082
5083
5084
5096
5097
5098
5099
5090
5091
5092
5093
5094
5095
1046
4797
1845
13407
3356
999
5413
2283
4576
7186
13061
13980
770
13989
2960
13983
13984
13981
13982
2728
4349
13987
13988
13985
12655
13986
13990
13991
9016
2064
1645
13994
13995
13992
13993
13998
13999
13996
13997
5100
14012
5101
14013
5102
14010
5103
14011
13969
13967
13968
4004
13961
13962
13960
13965
13966
13963
13964
12754
12512
5110
5231
5111
5112
5113
5114
3171
13978
13979
3960
5104
13972
5105
13973
5106
13970
5107
13971
5108
13976
13734
2518
5109
13977
8738
13974
13975
4150
5120
5000
5121
5001
5122
5002
5123
5003
5124
5004
5125
13947
13948
13949
5115
5116
5117
5118
5119
10796
10432
5130
5131
5010
5132
5011
5133
5012
14001
5134
5013
14002
5135
5014
5136
5015
14000
1690
13958
13959
1446
13956
13957
2774
5005
5126
13950
14005
5006
5127
13951
14006
5007
5128
14003
5008
5129
14004
5009
13954
14009
13955
13952
14007
13953
14008
