1217
4969
3754
7571
8780
5706
5707
5708
245
5709
19919
14588
5700
5701
5702
5703
5704
5705
25
5717
5718
5719
5710
5711
5712
5713
5714
5715
5716
5730
5607
5728
5608
5729
5609
1002
5720
13598
5600
5721
5601
5722
5602
5723
7229
5603
5724
5604
5725
5605
5726
4759
5606
5727
5740
5620
5741
22033
22034
22035
22036
22037
22038
22039
5618
5739
5619
22030
22031
22032
5610
5731
5611
5732
5612
5733
5613
5734
5614
5735
5615
5736
5616
5737
5617
5738
5750
4662
5630
5751
5631
5752
5190
8461
5629
22040
22041
5621
5742
5622
5743
5623
5744
5624
5745
5625
5746
5626
5747
5627
5748
5628
5749
22019
5760
5640
5761
5641
5762
5642
5763
22011
22012
22013
22014
22015
22016
22017
22018
3577
22010
5632
5753
5633
5754
5634
5755
5635
5756
5636
5757
5637
5758
5638
5759
5639
7395
5770
5650
5771
5651
5772
13430
5652
5773
5653
5774
22022
22023
22024
22025
22026
2381
22027
22028
22029
22020
502
22021
5643
5764
5644
5765
5645
5766
5646
5767
1848
5647
5768
5648
5769
5649
13677
5780
4450
5660
5781
5661
5782
5662
5783
5663
5784
5664
5785
20732
3359
10935
5654
5775
5655
5776
5656
5777
5657
5778
5658
5779
5659
22008
22009
5670
5671
5672
5673
5674
5675
2286
22003
22004
20503
22005
22006
22007
5665
5786
5666
5667
4579
5668
5669
5680
5681
5682
4352
5683
5684
5685
5686
773
2963
5676
5677
5678
5679
18997
5690
5691
5692
5693
5694
5695
5696
5697
2067
14847
2731
21929
5687
5688
5689
1648
19616
12786
12197
21901
13968
5698
5699
5592
5593
5594
5595
15597
5596
5597
5598
3174
1301
3963
8618
4153
2521
5599
5373
20241
19255
1449
