4970
5816
5937
5817
5938
5818
5939
5819
2785
5930
14578
5810
5931
5811
5932
3755
5812
5933
5813
5934
5814
5935
1218
5815
5936
5950
5827
5948
5828
5949
5829
246
5940
5820
5941
5821
5942
5822
5943
5823
5944
5824
5945
5825
5946
5826
5947
26
16059
5840
5838
5839
16619
16618
5830
5951
16613
5831
5952
16612
5832
5953
16611
5833
5954
16610
5834
5955
16617
816
5835
5956
16616
5836
5957
16615
5837
5958
16614
16620
4760
14442
5850
5851
5849
1003
5841
16624
5842
16623
5843
16622
5844
15774
16621
5845
5846
16627
5847
16626
5848
16625
5860
5861
5862
12350
5852
5853
5854
5855
5856
5857
13328
5858
5859
7013
5870
5871
5872
5873
1272
5191
16609
16608
16607
5863
16602
5864
16601
5865
16600
5866
5867
16606
5868
16605
1703
5869
13578
16604
16603
5880
5881
5882
5883
5884
3578
2125
5874
5875
5876
5877
5878
5879
5890
5891
5892
5893
5894
9698
5895
503
5885
5886
5887
1849
5646
5888
5889
16594
16593
16592
16591
16598
16597
16596
16595
16590
3360
5896
5897
5898
5899
16599
4580
5790
5791
5792
5793
5794
5795
5796
2287
5787
7964
5788
5789
16572
16571
16570
16576
4353
16575
16574
16573
10906
2964
774
5797
5798
16579
5799
16578
16577
16583
16582
16581
16580
16587
16586
16585
16584
2732
3029
16589
16588
12662
1649
9926
2068
5592
16565
3175
5904
15917
5905
5906
564
5907
5908
5909
16569
16568
16567
16566
3964
4019
5900
5901
5902
12522
5903
4154
5915
5916
5917
5918
2522
5919
5910
5911
5912
7539
5913
5914
5374
8886
1450
9293
5805
5926
10448
3625
5806
5927
5807
5928
5808
5929
5809
5920
5800
5921
5801
5922
5802
5923
5803
5924
5804
5925
