9501
590
591
27408
592
593
594
595
596
597
598
599
479
480
481
482
483
484
1
485
486
487
488
489
13460
490
491
492
493
494
495
496
497
28394
498
28395
499
9999
28392
28393
28390
28391
700
701
702
703
704
705
706
707
708
709
27165
26196
710
711
712
713
714
715
716
717
718
719
27973
27858
28020
28389
720
600
721
28387
601
722
28388
602
723
603
724
604
725
605
726
606
727
607
728
608
729
609
18676
2009
730
610
731
611
732
612
733
613
734
614
735
615
736
616
737
617
738
618
739
619
25899
27957
740
620
741
500
621
742
501
622
743
502
623
744
503
624
745
504
625
746
505
626
747
506
627
748
507
628
749
508
629
509
15021
750
630
510
631
511
632
512
633
513
634
514
635
515
636
516
637
517
638
518
639
519
14184
8386
27253
640
520
641
521
642
522
643
523
644
524
645
525
646
526
647
527
648
528
649
529
19600
650
530
651
531
652
532
653
533
654
534
655
535
656
536
657
537
658
538
659
539
28328
25971
660
540
661
541
662
542
663
543
664
544
665
545
666
546
667
547
668
7624
548
669
549
25705
670
550
671
551
672
552
673
14935
553
674
554
675
27322
555
676
556
677
557
678
558
679
559
680
560
681
561
682
562
683
563
684
564
685
565
686
566
687
567
688
568
689
569
6314
15478
27788
690
570
691
8073
571
692
572
693
573
694
574
695
575
696
576
697
577
698
578
699
579
6104
580
581
582
583
221
584
585
586
587
588
589
