18378
5380
1456
16515
6366
1224
3642
4976
14227
5043
7101
7100
7103
7102
7105
7104
252
32
6142
7110
7112
7111
7114
7113
7116
7115
5962
7107
7106
7109
7108
16748
1009
7000
7121
7120
7002
7123
7001
7122
7004
7125
8457
7003
7124
7006
7127
7005
7126
16392
7118
7117
4766
7119
7011
7132
7010
7131
5197
7013
7134
7012
7133
15194
7015
7136
7014
7135
7017
7138
7016
7137
18580
7130
7008
7129
7007
7128
7009
7022
7143
7021
7142
7024
7145
7023
7144
7026
7147
7025
7146
6973
7028
7149
18430
6972
7027
7148
9446
3584
7020
7141
7140
7019
7018
7139
7033
20401
7032
20400
6980
7035
7034
6982
7037
6981
7036
6984
7039
6983
7038
7150
7031
7152
7030
7151
6975
6974
7029
7700
6977
6976
6979
6978
509
7827
7044
7043
6991
7046
6990
7045
6993
7048
6992
7047
6995
6994
7049
3365
7040
7042
7041
1855
6986
6985
6988
6987
17325
6989
99
7055
7054
7057
5792
7056
7059
16004
7058
19872
4223
4586
7051
7050
7053
7052
6997
6996
6999
6998
7066
7065
7068
20399
7067
20398
20397
7069
20396
20395
20394
7060
7062
2293
7061
7064
7063
20393
20392
20391
20390
7077
7076
7079
7078
12781
5455
18640
7071
7070
7073
7072
7075
780
7074
2970
4359
2738
9805
7088
20379
7087
20378
20377
7089
20376
20375
20374
20373
20372
7080
7082
7081
2074
7084
7083
7086
7085
1655
20371
20370
15589
10336
13964
7099
7098
20389
20388
20387
20386
20385
20384
3970
5598
20383
7091
7090
7093
7092
7095
7094
7097
7096
20382
20381
20380
14702
17536
6570
2528
20368
20367
20366
20365
20364
20363
20362
20361
4160
20369
20360
10688
