7561
5383
7560
7563
7562
7565
5024
7322
7564
7567
7566
16190
2791
12955
7558
7557
8888
7559
7572
7571
7574
7573
7576
7575
7578
7577
7570
1227
7569
3763
7568
4979
7583
7582
7585
7584
7587
17141
7586
17142
7589
17143
7588
17144
17140
7581
7580
254
6806
6369
7579
1911
7594
7593
35
7596
7595
7598
6145
7597
7599
2581
7590
7592
7591
3422
15776
5601
16501
5965
4637
17123
17124
17125
17126
17120
17121
17122
2347
1012
17127
4768
17128
17129
17134
17135
7497
17136
7496
17137
7499
17130
7498
17131
17132
8588
17133
4419
17138
17139
12007
6973
1276
17109
7018
17108
7154
17112
17113
17114
17115
5650
17110
17111
17116
17117
17118
17119
7600
512
1858
6760
7611
7610
7609
3368
7602
7601
7604
7603
7606
7605
7608
7607
12446
7620
5200
7501
7622
11681
7500
7621
2296
7613
4588
7612
7615
7614
7617
7616
7619
7618
4362
7510
7631
7630
7512
7633
7511
7632
783
7503
7624
7502
7623
7505
7626
7504
7625
7507
7628
3822
7506
7627
7509
7508
7629
7640
7521
7642
7520
7641
7523
7644
7522
7643
2741
7514
7635
7513
7634
7516
7637
7515
7636
7518
7639
7517
7638
1658
7519
14019
7530
7651
7650
7532
7653
7531
7652
7534
7655
7533
7654
11559
12769
7525
7646
7524
7645
7527
7648
7526
7647
7529
7528
7649
3181
6573
7541
7540
7543
7542
7545
7544
7536
3972
7535
7656
7538
7537
4823
7539
7550
7552
7551
7554
13154
7553
7556
7555
2530
7547
7546
7549
7548
8757
10202
