16631
16630
110
111
112
113
114
2786
115
116
117
118
16635
119
16634
16633
13487
16632
12953
16639
16638
16637
10
16636
11
12
13
14
15
16642
16
16641
17
16640
18
19
120
0
121
1
122
2
123
3
124
4
125
5
126
6
127
7
128
8
129
16646
1907
9
16645
16644
16643
16649
20
16648
21
16647
22
23
24
25
26
27
28
29
130
131
132
133
134
135
136
137
138
139
30
31
817
32
33
34
16186
35
36
37
38
39
8324
140
141
142
143
144
145
146
16629
147
148
149
4632
40
16628
41
42
43
44
45
46
47
48
49
150
151
152
153
7360
154
155
156
157
158
159
50
51
52
53
54
55
56
57
58
59
10064
160
161
9791
162
163
164
165
166
167
168
169
60
61
62
63
4416
12005
64
65
66
67
68
69
170
171
172
173
174
175
176
177
178
179
2126
70
71
72
73
74
75
76
77
78
79
180
181
182
183
184
185
186
187
188
189
3225
80
81
82
83
84
85
86
87
88
89
190
191
192
6191
193
1063
194
195
196
197
198
199
90
91
92
4203
93
94
95
96
97
98
99
13899
13658
16692
16691
16690
15244
6409
7198
13071
3030
16671
16670
16675
16674
16673
16672
16679
16678
16677
16676
16682
16681
16680
16686
16685
16684
16683
9030
200
201
202
203
204
205
206
207
16689
208
16688
209
16687
7540
16653
16652
16651
16650
210
211
212
213
214
215
216
217
16657
218
16656
219
16655
16654
10551
16659
16658
16660
16664
16663
16662
16661
220
100
101
102
12868
103
104
105
106
107
16668
108
16667
109
16666
16665
16669
