7682
7681
7684
7683
7323
7686
7685
7688
7687
14451
590
7680
1459
7679
7678
13245
7693
7692
7695
7694
7697
7696
7699
7698
7691
7690
1228
3641
7689
3764
255
36
6146
5602
18806
5966
1013
4769
12125
13336
2370
18316
7155
7710
16144
1291
7709
7708
7701
6974
7700
7703
7702
16940
7705
16826
7704
7707
7706
14525
9587
7721
7720
7719
513
7712
20294
7711
20293
7714
20292
7713
20291
1859
7716
20290
7715
7718
7717
7730
6761
5795
7732
7731
3248
3369
7723
7722
7725
7724
7727
7726
7729
7728
20279
20278
20277
7741
20276
7740
20275
7743
20274
7742
20273
19041
2297
7734
20272
7733
20271
4589
7736
20270
7735
7738
7737
7739
7750
20289
20288
4363
7752
20287
7751
15134
20286
7754
20285
7753
20284
19178
784
2973
7745
20283
7744
20282
11451
7747
20281
7746
20280
7749
7748
11576
17438
7761
7760
7763
6431
7762
7765
7764
2076
10458
2742
7756
7755
7758
7757
7759
1659
20269
3051
7766
7660
7662
7661
6212
7664
7663
7666
7665
3182
7657
3973
7659
7658
12974
7671
7670
4163
7673
7672
7675
7674
7677
7676
2531
7668
7667
7669
10687
17636
