8376
8377
8374
8375
5386
8378
8379
1461
8372
8373
8370
24812
8371
2300
8406
8407
8404
8405
8387
8300
8388
8385
8386
8303
8304
8301
8389
8302
8380
8383
24028
8384
26569
8381
8382
1863
15953
7326
9625
3767
8310
8398
6372
8311
8399
6892
8396
4593
8397
8314
8315
8312
8313
8390
8391
8394
8395
8392
8393
15806
258
2200
4983
8307
6765
8308
5799
8305
8306
8309
8321
8322
24926
8320
8325
8326
8323
8324
8318
5204
8319
8316
8317
14724
12701
5605
5968
8299
8332
8333
8297
8330
19788
8298
8331
19149
8336
18450
8337
8334
4773
8335
25665
8295
8296
6150
8294
2745
157
8329
8327
14256
8328
8343
8344
7497
8341
8342
8347
8348
8345
8346
8340
7928
26087
26122
2079
8338
7768
8339
16962
13699
7264
8354
8355
8352
8353
8358
8359
21441
6577
8356
8357
17067
26577
26576
26579
26578
8350
8351
26571
24271
26570
26573
26572
26575
26574
7657
8349
3977
8365
8366
8363
8364
8127
8369
8402
8403
23916
4167
8367
8400
8368
8401
8361
8362
8360
26580
11932
2535
14924
26582
26581
3589
26222
21295
6977
