8530
7681
8410
8531
8413
8534
8414
8535
8411
8532
8412
8533
1462
2301
8527
8528
8525
8526
8408
8529
8409
8420
8541
8421
8542
8540
8424
8545
8425
8546
8422
8543
8423
8544
7327
8417
8538
8418
8539
8415
8536
8416
8537
3768
8419
6373
8552
8431
8553
8432
8550
8551
8430
8435
14430
8436
14431
8433
8434
2567
259
1232
8549
8428
14434
8429
14435
8426
8547
14432
8427
8548
14433
14438
14436
14437
8442
9410
8443
8440
8441
8446
8447
8444
8445
1485
8439
8437
8438
40
5969
8453
8574
8454
8451
8452
6399
8457
8458
8455
8456
8450
6151
1017
14418
14419
14412
14413
8448
14410
8449
10056
14411
14416
14417
14414
14415
8464
8465
8462
8463
8468
7498
8469
14420
8466
8467
8460
8461
14429
2114
14423
14424
8459
14421
14422
14427
14428
14425
14426
12249
8475
67
8476
8473
8474
8479
8477
8478
293
8471
8472
8470
6608
3213
12575
8486
8487
8484
8485
8128
8488
8489
8482
8483
8480
8481
14409
12108
14407
14408
1047
14401
14402
14400
14405
6978
14406
14403
14404
8497
8498
8495
8496
8499
8490
8493
8494
8491
8492
13409
7953
13892
3012
3372
14393
14394
14391
14392
4594
14397
14398
14395
14396
14390
8150
6766
9913
14399
12656
4366
2977
787
14371
14372
14370
14375
14376
14373
14374
8294
2746
14379
14377
14378
11667
14382
2080
14383
14380
14381
8501
14386
7531
8502
14387
14384
8500
14385
1662
7769
14388
14389
8512
14353
8513
14354
8510
8511
14352
3185
8505
14357
13147
8506
14358
8503
14355
8504
14356
8509
10433
8507
14359
3978
8508
14360
8520
14361
7794
8523
14364
8524
14365
8521
14362
4168
8522
14363
8516
14368
6578
8517
14369
8514
14366
11773
5800
8515
14367
8518
8519
