8772
8773
8770
8771
8776
8777
8774
8775
2303
4169
8769
8767
8768
10894
8783
8784
8781
8782
8787
3770
8788
8785
8786
8780
1463
8778
7328
8779
10661
4615
8794
8795
6375
8792
8793
8798
8799
13221
8796
8797
8790
8791
4192
1234
4985
8426
8789
5971
261
5607
6153
7004
10053
3799
5630
3210
7929
4775
6980
3591
1046
4797
8810
8130
7160
8808
8809
13407
8802
5413
8803
8800
517
8801
8806
8807
8804
8805
8820
8821
3373
8819
8813
8814
8811
8812
8817
8818
8815
8816
7186
13061
8831
8832
13980
8830
13989
8824
13983
8825
13984
8822
13981
6767
8823
13982
8828
13987
8829
13988
8826
13985
8827
12655
13986
8721
8842
13990
8722
8843
13991
8840
9016
8720
8841
789
8835
13994
8836
13995
8833
13992
5206
8834
13993
8718
8839
13998
8719
13999
2979
8716
8837
13996
8717
8838
13997
8850
8732
8853
14012
8733
8854
14013
8730
8851
14010
8731
8852
14011
8295
13969
13967
13968
4004
8725
8846
13961
4368
8726
8847
13962
8723
8844
8724
8845
13960
8729
13965
13966
8727
8848
13963
8728
8849
13964
12754
12512
2081
8740
5231
7771
8743
8744
8741
8742
13978
13979
1663
8736
8857
13972
8737
8858
13973
8734
8855
13970
8735
8856
13971
13976
13734
13977
8738
13974
8739
13975
8750
8751
8754
8755
8752
8753
13947
13948
13949
8747
8748
8745
8746
10796
10432
8749
8761
8762
8760
8765
14001
8766
14002
8763
8764
14000
1690
6580
13958
13959
13956
13957
2774
8758
13950
14005
8759
13951
14006
8756
14003
8757
14004
5009
13954
14009
13955
13952
14007
13953
14008
