8772
8773
8770
8771
17841
8776
8777
8774
8775
2303
25101
4169
8769
8767
8768
8783
8784
8781
8782
8787
3770
8788
19110
8785
8786
8780
1463
8778
13013
7328
8779
8794
8795
6375
8792
8793
8798
8799
8796
8797
8790
8791
1234
4985
8789
12811
18003
5971
12143
261
5607
17718
6153
6277
16162
7929
4775
14664
23108
5514
6980
3591
17910
8810
9346
8130
7160
8808
8809
8802
8803
8800
517
8801
11343
8806
11104
8807
8804
8805
8820
8821
10380
15275
3373
8819
8813
8814
13533
8811
8812
8817
8818
8815
8816
8831
8832
8830
24878
656
8824
8825
8822
6767
8823
8828
8829
8826
8827
8721
8842
8722
8843
8840
8720
8841
789
8835
8836
8833
5206
8834
8718
8839
8719
2979
8716
8837
8717
8838
8850
8732
8853
8733
8854
8730
8851
8731
8852
8295
26590
8725
8846
4368
8726
8847
8723
8844
8724
8845
8729
8727
8848
8728
8849
2081
8740
7771
8743
8744
8741
8742
7091
3295
24625
1663
8736
8857
8737
8858
8734
8855
8735
8856
8738
8739
8750
8751
6694
8754
8755
8752
8753
8747
20470
8748
8745
8746
8749
8761
8762
8760
8765
9733
8766
8763
8764
26588
26587
26589
6580
26584
25494
26583
26586
26585
8758
8759
8756
8757
