9069
12391
12392
9067
9068
12390
12395
5387
12396
12393
12394
9061
9062
9060
9065
9066
9063
4171
9064
2305
5817
12399
12397
12398
8409
9078
9079
3771
2320
9072
9073
9070
9071
9076
9077
9074
9075
1464
801
10540
11994
12370
9089
12373
12374
12371
12372
9083
9084
9081
9082
9087
9088
9085
9086
9080
12377
12378
12375
12376
4987
12379
12380
12381
9777
12384
12385
12382
6389
12383
9094
9095
9092
1250
9093
9098
9099
9096
263
9097
11856
9090
9091
12388
12389
12386
12387
41
6155
12351
12352
12350
1020
12355
12356
12353
12354
12359
12357
12358
55
5991
12362
12363
12360
12361
3203
12366
12367
5623
12364
12365
12368
12369
9686
1039
12339
6601
4788
12337
12338
12335
12336
6982
12340
12341
12344
10044
12345
12342
12343
12348
12349
12346
12347
9102
9103
8132
9100
9101
9106
9107
9104
9105
7162
12432
12433
12430
12431
519
12434
9113
9114
9111
9112
9117
9118
9115
9116
3375
8142
9110
1865
9108
9109
9003
9124
9004
9125
9122
9002
9123
9007
9128
9008
9129
9005
9126
4597
9006
9127
9120
9121
12418
12419
12416
12417
12410
12411
6768
9119
12414
12415
12412
12413
9014
9135
9015
9136
9012
9133
9013
9134
9018
9139
9019
9016
9137
6785
9017
9138
3394
9010
9131
9011
9132
9130
12429
540
12427
12428
1883
12421
12422
9009
12420
12425
5208
12426
12423
12424
4370
9025
9026
9023
9144
9024
9145
9029
9027
9028
9021
9142
8296
9022
9143
790
9140
9020
9141
2981
7518
2749
9036
9037
9034
9035
7773
9038
9039
9032
9033
2083
9030
9031
2999
12407
12408
12405
12406
12409
12400
12403
3607
12404
12401
12402
9047
12170
9048
9045
9046
9049
9040
3187
9043
9044
9041
9042
11768
4389
9058
9059
9056
9057
9050
9051
9054
9055
9052
9053
2537
5802
