8410
9188
9189
5388
13482
9182
9183
9180
9181
9186
9187
9184
9185
2306
13925
13926
13923
13924
13929
13927
13928
13921
13922
11865
13920
7330
9199
3772
9193
9194
9191
9192
9197
9198
9195
9196
13936
13937
13934
13935
9190
13938
13939
10660
13932
13933
13930
5826
13931
8554
8313
13903
13904
13901
1236
13902
13907
2565
13908
13905
13906
4988
13900
5972
13909
13914
13915
5609
13912
13913
13918
13919
13916
13917
11056
13910
13911
6156
6398
7003
2110
1259
13569
11156
11279
3209
9201
9202
9200
9205
9206
12572
9203
9204
7931
9212
9213
9210
9211
9216
12340
9217
9214
9215
3592
4796
9209
9207
9208
12107
9223
9224
9221
8133
9222
9227
9228
9225
9226
9220
5412
9218
9219
9234
9235
9232
9233
9238
9239
13892
8147
9236
9237
3376
9230
9231
520
13895
13653
13896
9229
13893
13894
13899
13897
13898
9245
9246
9243
9002
9244
9249
9247
9248
9241
9242
9240
9256
9257
9254
9255
9258
9259
9252
9253
9250
9251
4598
5209
8716
9146
9267
9147
9268
8297
9265
9266
9148
9269
9149
9260
9263
9264
9261
9262
1894
2982
9157
9158
9155
9156
9159
9270
9150
9271
9153
2084
9154
9151
9272
9152
1665
2750
8859
7660
9168
9169
9166
9167
8875
3981
4399
9160
3188
9161
9164
9165
9162
9163
13945
13946
13940
13145
13943
10795
13944
13941
13942
6582
7792
9179
9177
9178
9171
9172
9170
9175
9176
9173
9174
2773
