9344
9345
9342
9343
9348
9349
8411
9346
5389
9347
23563
28612
9340
20977
9341
7163
28055
13803
9339
9355
9356
9353
9354
9359
9357
9358
9351
9352
23854
9350
1866
17619
11639
28222
9366
9367
9364
9365
18116
17423
6377
7501
9368
8555
9369
9362
9363
9360
8272
9361
1237
3377
3773
5559
6769
9377
9257
9378
9375
9376
5210
7752
9379
9370
9373
9374
9371
9372
264
28320
4599
12420
42
8717
9300
9388
9301
9389
9386
9387
9304
9305
9302
9303
9380
1021
9381
9384
9385
9382
791
9383
13208
5973
19944
9278
9311
7131
9279
9312
9276
9277
9310
26806
7774
9315
9316
9313
9314
9391
9392
9390
9274
9395
9275
9393
9273
9394
1666
2751
9308
9309
4776
9306
9307
9289
9322
14195
9323
9287
9320
7661
9288
9321
9326
9327
9324
9325
3189
9281
9282
9280
26336
9285
9286
9283
9284
2245
7932
9319
9317
9318
2925
19646
9333
9334
9298
9331
6583
9299
9332
9337
9338
9335
6983
9336
9292
29219
9293
20804
29218
9290
29217
9291
29216
9296
9297
9330
9294
9295
29215
28247
26462
29214
3982
9328
9329
2538
