4172
9740
9741
9744
14694
9745
14695
9742
14692
9743
14693
9737
14698
9738
14699
9735
14696
4601
9736
14697
2309
9739
9751
9752
9750
9755
9756
9753
9754
1465
9748
9749
9746
14102
9747
3408
9762
9763
9760
9761
9766
9767
11282
9764
9765
1240
9759
13224
9757
3776
9758
4989
9771
9772
6380
9770
9768
9769
45
12110
6158
1263
5611
4403
9678
9679
9556
1024
12001
11158
9685
9686
9683
9684
9689
14750
9687
9688
9681
9682
9680
14753
14754
5634
14751
14752
7935
12577
14755
9696
9697
9694
9695
9698
9699
3595
9692
9693
9690
9691
14739
14737
14738
6986
14731
14732
14730
14735
14736
5418
14733
14734
12440
14748
14749
521
14742
14743
13654
14740
14741
14746
14747
14744
14745
6772
14717
14718
14715
14716
3379
14719
3014
14710
14713
14714
14711
14712
14728
14729
14726
14727
14720
14721
7504
14724
14725
14722
14723
4371
9147
6793
9700
9701
9020
4804
11428
2983
4006
8861
9397
9711
9712
7775
9710
1668
14706
14707
14704
14705
2752
14708
14709
9704
9705
9702
11553
9703
9708
14702
9709
14703
9706
14700
9707
14701
9722
7663
9723
9720
9721
9163
13948
9715
5237
9716
9713
9714
9719
9717
9718
10313
9730
9733
5013
6585
9734
9731
9732
2540
9726
9727
12862
9724
8878
9725
9728
9729
